parent_pno,child_pno,parent_term_rank,child_term_rank,slope CTR-CTR
7284866,8016434,1,1,0
7284866,8016434,3,6,-3
7284866,8016434,5,9,-4
4821719,6530942,3,1,2
4821719,6530942,5,7,-2
4821719,6530942,13,4,9
4674146,5560078,1,2,-1
4674146,5560078,2,3,-1
4674146,5560078,5,10,-5
4674146,5560078,7,6,1
5507768,6461383,1,5,-4
5507768,6461383,3,3,0
5507768,6461383,4,10,-6
5507768,6461383,5,9,-4
4419221,6441262,1,5,-4
4419221,6441262,11,9,2
4419221,6441262,12,1,11
6455927,6624921,1,1,0
6455927,6624921,2,4,-2
6455927,6624921,3,6,-3
6455927,6624921,4,5,-1
6455927,6624921,5,3,2
6455927,6624921,6,2,4
6455927,6624921,9,13,-4
6455927,6624921,10,7,3
6455927,6624921,11,8,3
4440227,5190104,6,8,-2
4667290,5586323,1,8,-7
4667290,5586323,2,5,-3
4667290,5586323,8,3,5
4667290,5586323,9,12,-3
4018358,4664289,3,2,1
5000734,6478812,12,4,8
3966238,7211766,9,9,0
3966238,7211766,11,5,6
4008123,4877486,4,1,3
4721878,5059859,2,5,-3
4721878,5059859,6,6,0
4721878,5059859,7,7,0
6072982,8225369,1,1,0
4399816,8591447,2,8,-6
4399816,8591447,3,12,-9
5648657,6473189,5,1,4
5648657,6473189,8,10,-2
5379049,7715642,6,3,3
7544740,8541503,8,11,-3
7544740,8541503,11,5,6
6282175,7624422,3,7,-4
6282175,7624422,10,1,9
5066592,5342830,2,5,-3
5134075,8747857,4,9,-5
4670263,6506387,10,10,0
6596005,8702735,7,11,-4
6596005,8702735,11,4,7
3935392,5218636,1,1,0
3935392,5218636,2,2,0
3935392,5218636,9,9,0
5156649,6064218,4,13,-9
5156649,6064218,6,6,0
5156649,6064218,10,4,6
4142178,7102478,1,3,-2
4142178,7102478,9,7,2
4142178,7102478,13,2,11
5191154,5298233,1,10,-9
5191154,5298233,2,1,1
5191154,5298233,6,6,0
6870740,6927972,3,1,2
6870740,6927972,8,6,2
6077318,8629094,1,3,-2
6077318,8629094,4,9,-5
7190741,7724849,3,6,-3
7190741,7724849,8,4,4
7190741,7724849,9,3,6
7190741,7724849,12,8,4
7495678,7667699,2,1,1
7495678,7667699,6,10,-4
7495678,7667699,7,11,-4
5366251,6509075,1,1,0
5366251,6509075,5,9,-4
5366251,6509075,8,4,4
4437957,4664764,3,4,-1
4437957,4664764,6,9,-3
4722528,5482281,2,4,-2
4722528,5482281,3,2,1
4722528,5482281,5,1,4
4722528,5482281,6,6,0
4722528,5482281,7,11,-4
5040798,6503148,1,9,-8
5040798,6503148,7,4,3
4530056,7648329,2,2,0
6123053,6260523,1,2,-1
6123053,6260523,6,4,2
6123053,6260523,7,1,6
4172592,4358285,2,1,1
4172592,4358285,8,2,6
5071812,5276119,1,9,-8
5071812,5276119,2,1,1
5071812,5276119,4,5,-1
5071812,5276119,10,8,2
5071812,5276119,12,4,8
4566843,5065703,12,11,1
4764537,5420186,1,1,0
4764537,5420186,3,8,-5
4764537,5420186,6,9,-3
7327265,7876223,1,8,-7
7327265,7876223,4,3,1
7327265,7876223,12,7,5
6402741,8562598,4,1,3
6402741,8562598,5,13,-8
4055084,4809549,2,4,-2
4055084,4809549,3,2,1
4055084,4809549,4,11,-7
4055084,4809549,6,1,5
4055084,4809549,12,6,6
6670968,7797447,1,1,0
6670968,7797447,2,4,-2
6670968,7797447,3,2,1
6670968,7797447,4,9,-5
6670968,7797447,5,3,2
6670968,7797447,11,6,5
6670968,7797447,12,8,4
6670968,7797447,13,11,2
6873604,8656415,7,9,-2
4246967,8720577,6,5,1
4892375,5233621,11,4,7
4254896,4423830,1,1,0
4254896,4423830,2,2,0
4254896,4423830,3,13,-10
4254896,4423830,4,4,0
4254896,4423830,11,6,5
4465379,6086244,5,1,4
4465379,6086244,8,10,-2
7911264,8605465,12,11,1
7911264,8605465,13,1,12
4920997,5090429,2,2,0
4920997,5090429,4,3,1
4561314,7209844,9,8,1
6275927,7836278,4,2,2
4356962,4684060,4,3,1
4356962,4684060,7,12,-5
4356962,4684060,13,6,7
4361766,4749992,3,6,-3
5238423,6185104,3,6,-3
5238423,6185104,9,3,6
7362762,8139488,1,2,-1
7362762,8139488,5,1,4
5375730,7687004,6,4,2
6912250,8102899,9,5,4
6912250,8102899,13,8,5
4210146,8109886,8,7,1
4210146,8109886,11,3,8
4456284,5575412,1,3,-2
4456284,5575412,2,1,1
4456284,5575412,5,6,-1
4456284,5575412,7,10,-3
4456284,5575412,11,7,4
7263188,8028322,13,13,0
4620905,7077945,2,2,0
4620905,7077945,6,1,5
6182531,8698365,1,2,-1
6182531,8698365,12,11,1
4094017,4207627,6,1,5
4094017,4207627,8,3,5
5111892,6935441,1,1,0
5111892,6935441,2,4,-2
6288944,8001320,9,1,8
6288944,8001320,13,3,10
4277690,8614522,3,1,2
5017714,6555635,5,2,3
5017714,6555635,10,11,-1
5402944,7775966,7,12,-5
7052666,8609975,1,9,-8
6567536,7639888,4,4,0
4430711,4725947,8,1,7
4430711,4725947,11,4,7
4051380,6445767,9,9,0
4818571,6393803,2,1,1
5452239,6934674,5,1,4
5452239,6934674,6,2,4
5452239,6934674,12,4,8
4051840,6511412,4,4,0
7457155,8644066,3,2,1
7457155,8644066,4,7,-3
7457155,8644066,5,8,-3
7457155,8644066,7,3,4
7457155,8644066,9,10,-1
6408164,8634414,1,3,-2
6408164,8634414,3,2,1
6408164,8634414,8,12,-4
6408164,8634414,13,11,2
6097301,7345576,2,2,0
6097301,7345576,4,1,3
6097301,7345576,5,9,-4
4333475,5431691,10,4,6
4333475,5431691,13,11,2
7366367,8235603,2,6,-4
7366367,8235603,5,7,-2
7366367,8235603,8,8,0
5403312,7717312,5,5,0
5403312,7717312,7,1,6
6131082,8185375,1,1,0
6131082,8185375,2,5,-3
6131082,8185375,6,7,-1
6131082,8185375,11,4,7
6131082,8185375,13,6,7
4696623,5181829,1,1,0
4696623,5181829,5,5,0
4696623,5181829,9,11,-2
4986221,8104431,1,1,0
4986221,8104431,2,4,-2
4986221,8104431,12,11,1
4339061,5074617,3,5,-2
4339061,5074617,10,9,1
4339061,5074617,12,6,6
6897871,8749563,2,3,-1
6897871,8749563,6,4,2
6897871,8749563,7,9,-2
6897871,8749563,8,6,2
6897871,8749563,11,5,6
6897871,8749563,12,7,5
3955058,4816628,4,13,-9
3955058,4816628,6,4,2
4227350,4634485,3,12,-9
4227350,4634485,9,7,2
6420226,6569732,4,7,-3
6420226,6569732,8,3,5
6420226,6569732,12,8,4
3950956,4043137,2,2,0
3950956,4043137,3,3,0
3950956,4043137,6,4,2
3950956,4043137,7,10,-3
3950956,4043137,13,8,5
5096797,5306592,1,6,-5
5096797,5306592,4,1,3
5096797,5306592,5,3,2
5096797,5306592,6,2,4
6327628,8612852,1,9,-8
6327628,8612852,2,3,-1
6327628,8612852,4,12,-8
6412946,8679064,13,7,6
6208291,7697597,1,1,0
4253043,4358711,2,7,-5
4253043,4358711,4,4,0
4253043,4358711,9,13,-4
3956093,4839011,1,2,-1
7328904,8459905,1,2,-1
7328904,8459905,13,9,4
6947285,7760507,1,11,-10
6947285,7760507,7,9,-2
6885895,7761166,1,3,-2
6885895,7761166,10,7,3
6909127,8213894,3,3,0
6909127,8213894,7,6,1
6224571,7520870,1,9,-8
6224571,7520870,3,3,0
6224571,7520870,8,1,7
6224571,7520870,10,11,-1
7068415,8699113,2,1,1
7068415,8699113,3,5,-2
4336359,4931514,11,2,9
4524538,4920689,1,11,-10
4524538,4920689,2,2,0
4524538,4920689,3,13,-10
4524538,4920689,4,3,1
5051735,6982635,1,2,-1
5051735,6982635,6,12,-6
5230426,5372252,1,6,-5
5230426,5372252,7,11,-4
4057886,5078641,4,1,3
5374162,8568085,2,7,-5
5374162,8568085,7,6,1
7032192,8407639,1,5,-4
7032192,8407639,3,9,-6
7032192,8407639,8,2,6
4290471,4662961,1,3,-2
4290471,4662961,4,2,2
4290471,4662961,5,6,-1
4290471,4662961,6,1,5
4290471,4662961,7,9,-2
8006889,8573465,2,10,-8
8006889,8573465,9,6,3
6190495,8563424,9,12,-3
6522584,8159879,1,12,-11
6522584,8159879,3,4,-1
6522584,8159879,6,6,0
6522584,8159879,9,9,0
6522584,8159879,13,5,8
7248255,7557802,2,5,-3
7248255,7557802,3,8,-5
7248255,7557802,4,10,-6
7248255,7557802,6,1,5
6142699,6474900,4,6,-2
6142699,6474900,8,13,-5
6142699,6474900,10,1,9
5535937,8584921,2,7,-5
5535937,8584921,3,9,-6
4607671,8608723,10,1,9
5640143,6151529,1,1,0
5640143,6151529,2,5,-3
6601870,7232151,2,6,-4
6601870,7232151,5,1,4
6601870,7232151,10,11,-1
5248583,5645963,4,13,-9
5248583,5645963,5,1,4
5004426,8382521,2,3,-1
5004426,8382521,6,6,0
7584507,8689326,2,12,-10
7584507,8689326,4,4,0
5435393,7409999,7,1,6
5352866,7038172,1,1,0
5352866,7038172,2,6,-4
5352866,7038172,6,13,-7
4834675,6848939,3,12,-9
4834675,6848939,4,3,1
4834675,6848939,5,2,3
4834675,6848939,8,10,-2
4834675,6848939,9,1,8
7036505,8329271,13,1,12
5494034,7704260,2,2,0
4846800,5282783,1,1,0
4846800,5282783,2,3,-1
4846800,5282783,6,7,-1
6616616,8262684,1,1,0
6616616,8262684,10,11,-1
7894524,8488674,1,2,-1
7894524,8488674,4,1,3
7894524,8488674,8,3,5
7894524,8488674,9,11,-2
7894524,8488674,12,12,0
6924813,7802196,2,4,-2
6924813,7802196,5,7,-2
6924813,7802196,9,8,1
6924813,7802196,12,10,2
6937566,7453851,2,6,-4
6937566,7453851,4,7,-3
4027142,4564752,1,1,0
4027142,4564752,10,4,6
4027142,4564752,12,7,5
5482197,8196795,2,3,-1
5482197,8196795,6,11,-5
5134229,6461640,6,11,-5
7272723,8505075,2,12,-10
7272723,8505075,7,11,-4
7272723,8505075,8,5,3
7272723,8505075,9,7,2
4751415,6864614,2,6,-4
4751415,6864614,4,1,3
4751415,6864614,6,4,2
5617093,8643424,1,9,-8
5617093,8643424,4,2,2
5617093,8643424,5,4,1
5594643,6094617,3,2,1
5594643,6094617,4,4,0
5594643,6094617,6,6,0
5594643,6094617,7,1,6
5594643,6094617,8,7,1
6175440,8203785,2,6,-4
6175440,8203785,3,11,-8
6175440,8203785,7,2,5
6175440,8203785,8,8,0
7198606,8690796,1,1,0
7198606,8690796,3,3,0
7198606,8690796,4,2,2
7198606,8690796,11,6,5
4184966,6387143,2,1,1
4184966,6387143,5,8,-3
4357200,7135069,1,2,-1
8145925,8462579,1,11,-10
8145925,8462579,11,3,8
8145925,8462579,12,8,4
4917892,5300290,4,13,-9
4126263,5158633,3,5,-2
4126263,5158633,6,4,2
4126263,5158633,7,6,1
4126263,5158633,8,2,6
4126263,5158633,9,3,6
4126263,5158633,10,8,2
6158677,6341738,1,1,0
6158677,6341738,2,2,0
6158677,6341738,3,3,0
6158677,6341738,4,4,0
6158677,6341738,5,5,0
6158677,6341738,6,6,0
6158677,6341738,7,7,0
6158677,6341738,8,8,0
6158677,6341738,9,9,0
6158677,6341738,10,10,0
6158677,6341738,11,11,0
6158677,6341738,12,12,0
6158677,6341738,13,13,0
5105205,6508542,1,3,-2
5105205,6508542,2,1,1
5105205,6508542,6,4,2
5282619,7232376,1,1,0
5282619,7232376,2,4,-2
5282619,7232376,5,5,0
5282619,7232376,12,8,4
7139555,8190701,3,6,-3
5035702,6491705,12,1,11
4704432,4880554,3,2,1
4685617,8453470,3,12,-9
4685617,8453470,4,4,0
4685617,8453470,5,2,3
5190379,5381868,1,4,-3
5190379,5381868,2,1,1
5190379,5381868,4,3,1
5190379,5381868,6,5,1
6600626,7643245,2,2,0
6600626,7643245,3,3,0
6600626,7643245,5,6,-1
4702401,4804120,1,1,0
4702401,4804120,3,4,-1
4767044,7740159,2,7,-5
4154298,7604047,1,2,-1
4154298,7604047,2,1,1
4154298,7604047,6,12,-6
4154298,7604047,7,9,-2
4321232,4976920,1,1,0
4321232,4976920,3,7,-4
4321232,4976920,12,11,1
4843220,6032137,10,2,8
4821332,6603872,1,1,0
4821332,6603872,6,6,0
7577258,7966289,12,3,9
5402641,6463733,4,12,-8
5402641,6463733,8,9,-1
7408116,7687720,1,1,0
7408116,7687720,2,2,0
7408116,7687720,3,3,0
7408116,7687720,4,4,0
7408116,7687720,5,5,0
7408116,7687720,6,6,0
7408116,7687720,7,7,0
7408116,7687720,8,8,0
7408116,7687720,9,9,0
7408116,7687720,10,10,0
7408116,7687720,11,11,0
7408116,7687720,12,12,0
7408116,7687720,13,13,0
3956086,4775452,2,10,-8
3956086,4775452,4,7,-3
3956086,4775452,5,3,2
3956086,4775452,7,9,-2
3956086,4775452,12,11,1
4790088,7305781,3,2,1
4790088,7305781,6,3,3
7089379,8634221,1,4,-3
7089379,8634221,4,8,-4
6625687,7124270,1,3,-2
3997169,8231478,3,2,1
3997169,8231478,4,1,3
3997169,8231478,12,11,1
6934570,8046041,1,5,-4
6934570,8046041,6,3,3
5384792,7619868,2,3,-1
7531453,8587126,1,1,0
7531453,8587126,7,6,1
7531453,8587126,9,4,5
5230349,5348554,1,7,-6
5230349,5348554,4,2,2
7783741,8667074,1,1,0
7783741,8667074,4,3,1
6402186,7984922,2,2,0
6402186,7984922,3,5,-2
6574037,7280270,1,2,-1
6574037,7280270,3,13,-10
6574037,7280270,4,1,3
6574037,7280270,5,3,2
6574037,7280270,6,12,-6
6574037,7280270,10,5,5
6574037,7280270,12,7,5
7904448,8452779,5,9,-4
6947332,8356231,2,3,-1
4703518,6508969,4,13,-9
4703518,6508969,10,5,5
4364981,4640856,2,12,-10
4364981,4640856,4,3,1
4364981,4640856,5,2,3
5243172,7942851,5,6,-1
6260953,7549726,1,2,-1
6260953,7549726,2,1,1
6260953,7549726,5,3,2
6260953,7549726,7,6,1
4359872,5144810,1,13,-12
5253431,6497051,1,1,0
5253431,6497051,12,4,8
5051352,5494822,1,2,-1
6088751,7698486,1,10,-9
6088751,7698486,2,5,-3
7344084,7647614,11,13,-2
7784344,8539835,6,5,1
7784344,8539835,9,4,5
7784344,8539835,10,7,3
5396115,7693669,8,13,-5
5396115,7693669,10,2,8
5396115,7693669,13,11,2
5476502,6377857,1,4,-3
4859014,5078512,1,1,0
4859014,5078512,2,8,-6
4859014,5078512,3,7,-4
4859014,5078512,5,13,-8
4180850,5230559,2,2,0
4180850,5230559,13,1,12
6462786,7903178,3,1,2
6462786,7903178,8,3,5
5636661,7644767,1,7,-6
4620285,6870792,1,1,0
4620285,6870792,3,10,-7
4620285,6870792,6,2,4
5031787,7798359,10,8,2
7559805,7704081,4,7,-3
7559805,7704081,5,9,-4
7559805,7704081,10,3,7
7559805,7704081,12,4,8
6610926,7053298,3,3,0
6610926,7053298,10,4,6
6610926,7053298,13,1,12
5341328,7336524,1,9,-8
6316750,8226605,3,11,-8
6316750,8226605,12,7,5
6464582,8439739,7,1,6
6464582,8439739,10,7,3
6183985,7632823,6,5,1
4307818,6439415,2,2,0
4746136,4921267,1,1,0
4746136,4921267,2,4,-2
4746136,4921267,4,5,-1
4746136,4921267,5,2,3
4746136,4921267,11,6,5
5154931,8742072,2,2,0
5154931,8742072,4,3,1
6546351,7903863,6,1,5
4189395,6300258,3,4,-1
4326033,4920051,1,1,0
4326033,4920051,4,10,-6
5255153,5310453,1,2,-1
5255153,5310453,2,1,1
5255153,5310453,6,4,2
5255153,5310453,13,5,8
5640953,8600777,1,9,-8
5640953,8600777,4,1,3
6942669,7811260,3,1,2
4996192,5243190,7,5,2
4996192,5243190,9,2,7
5605348,7347108,2,5,-3
5605348,7347108,9,7,2
6656764,7462538,4,7,-3
6656764,7462538,13,1,12
4530676,5094653,2,6,-4
4530676,5094653,5,1,4
4166187,4695647,6,3,3
4166187,4695647,12,12,0
6072483,7225456,7,3,4
4960733,8562348,7,3,4
7055500,7694666,3,2,1
7055500,7694666,5,3,2
7055500,7694666,11,1,10
7055500,7694666,12,7,5
5394255,5600455,3,10,-7
5394255,5600455,6,4,2
5394255,5600455,8,13,-5
5394255,5600455,11,7,4
5394255,5600455,12,9,3
4743700,8119667,7,4,3
7389608,7464498,1,2,-1
7389608,7464498,2,1,1
6454649,7682249,1,1,0
6454649,7682249,5,5,0
5338977,7956685,3,8,-5
5338977,7956685,5,3,2
5135308,8659765,4,5,-1
4815547,5566575,2,10,-8
4815547,5566575,6,11,-5
4815547,5566575,8,2,6
6361418,7029380,4,2,2
7103740,8725964,3,2,1
7103740,8725964,12,1,11
6428252,7451013,1,3,-2
6428252,7451013,2,8,-6
6428252,7451013,9,1,8
7388380,7602191,6,5,1
4821089,6489232,2,9,-7
4821089,6489232,5,11,-6
4821089,6489232,6,13,-7
4821089,6489232,13,8,5
6212548,7120668,1,11,-10
6212548,7120668,2,1,1
6212548,7120668,13,7,6
6547257,8544852,2,3,-1
6079747,8127895,6,2,4
6079747,8127895,13,9,4
5301705,6073643,1,5,-4
5301705,6073643,2,1,1
5301705,6073643,3,11,-8
5301705,6073643,6,8,-2
5301705,6073643,8,2,6
5301705,6073643,12,6,6
5599642,7258821,1,1,0
5599642,7258821,2,5,-3
5599642,7258821,3,8,-5
5599642,7258821,6,3,3
4881800,5203220,1,13,-12
4881800,5203220,3,7,-4
4881800,5203220,12,11,1
5078726,6663617,2,6,-4
5078726,6663617,4,3,1
5078726,6663617,13,8,5
4013894,4446204,12,4,8
6608682,8406498,5,4,1
6608682,8406498,9,12,-3
6608682,8406498,12,2,10
6496177,8517939,2,3,-1
6496177,8517939,5,1,4
4048232,7119233,4,5,-1
4048232,7119233,13,13,0
5052134,6952892,1,1,0
5052134,6952892,4,8,-4
5052134,6952892,5,10,-5
5052134,6952892,8,2,6
5052134,6952892,13,4,9
4715146,5484176,4,1,3
4715146,5484176,9,8,1
6275882,7956864,6,8,-2
4570396,8276331,1,1,0
6418471,8356281,4,7,-3
6418471,8356281,5,5,0
4555043,5348752,5,1,4
4611067,4892884,1,6,-5
4611067,4892884,3,8,-5
4611067,4892884,4,2,2
4611067,4892884,5,1,4
4611067,4892884,13,5,8
4777614,8577951,2,2,0
4777614,8577951,3,4,-1
4777614,8577951,13,1,12
5336415,8281515,8,5,3
5336415,8281515,9,9,0
4703101,5549932,4,9,-5
4703101,5549932,6,8,-2
6111264,7978509,10,4,6
6111264,7978509,13,2,11
6073955,6443477,1,3,-2
6073955,6443477,3,4,-1
6073955,6443477,5,1,4
6448114,7646068,2,8,-6
4015182,4856078,4,6,-2
4015182,4856078,12,10,2
4825389,7557949,2,3,-1
4825389,7557949,5,11,-6
5319735,7346514,1,2,-1
5319735,7346514,2,5,-3
5319735,7346514,8,7,1
5145141,5308034,1,1,0
5145141,5308034,2,2,0
5145141,5308034,3,3,0
5145141,5308034,4,4,0
5145141,5308034,5,5,0
5145141,5308034,6,6,0
5145141,5308034,7,7,0
5145141,5308034,8,8,0
5145141,5308034,9,9,0
5145141,5308034,10,10,0
5145141,5308034,11,11,0
5145141,5308034,12,12,0
5145141,5308034,13,13,0
6506513,7674540,1,1,0
6506513,7674540,2,3,-1
6506513,7674540,11,2,9
6101971,6939434,1,13,-12
4834964,5256397,1,12,-11
6419263,7341615,1,1,0
6419263,7341615,12,6,6
4029215,4671401,5,5,0
6210098,8517659,1,5,-4
6210098,8517659,3,8,-5
6210098,8517659,7,10,-3
6210098,8517659,12,13,-1
5198834,6543884,3,1,2
5198834,6543884,8,2,6
5494293,8752838,1,1,0
5494293,8752838,2,10,-8
5494293,8752838,4,8,-4
5494293,8752838,5,6,-1
5494293,8752838,6,9,-3
4663191,5624869,3,2,1
4663191,5624869,9,4,5
4296681,4686866,10,11,-1
4296681,4686866,13,2,11
7340192,7792449,2,1,1
7340192,7792449,4,2,2
7340192,7792449,6,4,2
7340192,7792449,8,11,-3
7772456,8236713,9,8,1
5232058,7849936,1,1,0
5657001,8354934,10,4,6
6975628,7664855,9,2,7
5070410,6341839,5,4,1
5268092,5332494,1,1,0
5268092,5332494,2,3,-1
5268092,5332494,3,4,-1
5268092,5332494,4,5,-1
5268092,5332494,6,6,0
5268092,5332494,7,7,0
5268092,5332494,8,8,0
5268092,5332494,10,9,1
5268092,5332494,11,10,1
5268092,5332494,12,11,1
5268092,5332494,13,12,1
4640111,7665405,2,2,0
6253201,8005831,8,11,-3
5577481,8231069,1,1,0
7492274,8558677,2,1,1
7492274,8558677,7,12,-5
6575128,7178493,1,7,-6
6575128,7178493,13,12,1
5016146,5301092,9,3,6
7457439,8700354,1,2,-1
4080530,7065811,1,1,0
6067678,6263526,2,9,-7
6297886,8477333,5,2,3
7529206,8185110,5,2,3
7529206,8185110,7,13,-6
7529206,8185110,9,4,5
7529206,8185110,10,5,5
5237700,6289445,1,1,0
5237700,6289445,3,2,1
5237700,6289445,11,3,8
5237700,6289445,13,12,1
5598071,7692394,2,3,-1
5598071,7692394,4,1,3
6441736,8636220,4,4,0
6441736,8636220,6,12,-6
4571947,5404937,1,1,0
4571947,5404937,2,8,-6
4571947,5404937,5,13,-8
4571947,5404937,9,3,6
4571947,5404937,11,6,5
4571947,5404937,13,4,9
4539357,4950286,6,2,4
5547078,7051871,2,4,-2
6555921,7545036,5,2,3
6555921,7545036,10,7,3
5233482,6119261,1,9,-8
5233482,6119261,8,11,-3
5233482,6119261,10,4,6
7000441,7958758,2,3,-1
7000441,7958758,6,2,4
7000441,7958758,7,1,6
5502124,7579407,4,3,1
5502124,7579407,7,7,0
4565528,6458003,2,1,1
4565528,6458003,6,11,-5
3946000,4118562,12,5,7
5421249,8555763,2,1,1
5421249,8555763,8,12,-4
6198520,6839118,1,2,-1
6198520,6839118,2,5,-3
6198520,6839118,5,10,-5
6198520,6839118,6,1,5
6198520,6839118,12,3,9
5633678,8558921,2,4,-2
5633678,8558921,4,2,2
5146477,6249875,6,5,1
6282474,7877200,3,2,1
6282474,7877200,4,1,3
6282474,7877200,6,9,-3
6282474,7877200,8,3,5
6282474,7877200,10,5,5
6282474,7877200,12,6,6
4997325,7422219,3,4,-1
4997325,7422219,8,2,6
4997325,7422219,11,1,10
5080894,6093391,7,3,4
5080894,6093391,9,2,7
4270198,6894952,1,6,-5
4270198,6894952,8,1,7
4270198,6894952,12,4,8
5329310,8094944,4,3,1
5329310,8094944,10,9,1
6265963,6631662,11,10,1
7835136,8218288,6,5,1
6210174,7658640,5,3,2
4940270,7134700,1,2,-1
4940270,7134700,13,1,12
4715782,5269652,2,12,-10
4218657,4320530,3,5,-2
4218657,4320530,4,3,1
4218657,4320530,9,11,-2
6352577,7000427,5,4,1
6352577,7000427,6,1,5
6193695,6458105,1,2,-1
6193695,6458105,3,1,2
6193695,6458105,4,4,0
6193695,6458105,5,5,0
6193695,6458105,8,9,-1
6193695,6458105,10,7,3
6193695,6458105,13,12,1
4915276,5038983,1,10,-9
4915276,5038983,6,5,1
4915276,5038983,7,2,5
4791936,6263245,10,5,5
4791936,6263245,12,2,10
6474246,8672284,1,11,-10
6474246,8672284,5,1,4
6059036,8613320,2,1,1
6059036,8613320,3,4,-1
4990099,6334793,4,8,-4
7301970,7477845,1,2,-1
7301970,7477845,6,6,0
7301970,7477845,12,11,1
6536800,7458605,1,10,-9
6536800,7458605,2,1,1
4156593,6991189,5,7,-2
5126718,8314390,2,9,-7
5126718,8314390,3,7,-4
5126718,8314390,7,12,-5
8077779,8737483,2,1,1
8077779,8737483,3,2,1
8077779,8737483,12,5,7
8077779,8737483,13,10,3
6273252,7889489,11,2,9
6153470,7432546,2,12,-10
6153470,7432546,3,9,-6
6153470,7432546,4,5,-1
6153470,7432546,5,1,4
7760678,8265547,8,11,-3
5376101,7416556,1,1,0
5376101,7416556,12,11,1
3993651,7151177,1,1,0
3993651,7151177,6,2,4
4102603,7748959,6,2,4
4102603,7748959,7,1,6
7938463,8220580,8,2,6
7938463,8220580,12,7,5
4198982,7556186,2,9,-7
4198982,7556186,3,2,1
4198982,7556186,12,3,9
6837171,7036439,1,7,-6
6837171,7036439,3,4,-1
4497315,7841998,12,13,-1
4092391,7261551,13,2,11
6673449,8685874,5,6,-1
4534033,4817105,8,6,2
4534033,4817105,10,3,7
4534033,4817105,11,1,10
4678834,5180783,3,2,1
4678834,5180783,5,1,4
4678834,5180783,6,8,-2
4678834,5180783,7,10,-3
6326678,8722461,2,3,-1
6326678,8722461,11,11,0
4933512,8152559,1,6,-5
5646658,8025366,12,5,7
5122605,5310906,2,1,1
5122605,5310906,3,8,-5
5122605,5310906,8,10,-2
5122605,5310906,10,13,-3
5122605,5310906,11,6,5
4340054,6270787,1,1,0
4575373,4955889,1,2,-1
4980987,6497068,2,12,-10
7394046,8044841,7,2,5
4987653,6615456,12,5,7
4881231,7321607,2,2,0
6872200,7862520,8,4,4
4634800,5268525,2,2,0
4609243,5342206,3,7,-4
4609243,5342206,4,11,-7
7120213,7664186,11,8,3
6338758,7726003,7,5,2
4438368,5021919,9,13,-4
5470334,6468277,2,3,-1
5470334,6468277,3,4,-1
5470334,6468277,5,8,-3
5470334,6468277,6,9,-3
6072903,8565550,8,3,5
6633234,8419756,3,8,-5
6633234,8419756,6,6,0
6633234,8419756,8,11,-3
6519044,7214996,2,6,-4
6519044,7214996,10,5,5
4496245,5253981,1,6,-5
5143035,5632242,3,2,1
5143035,5632242,11,1,10
5143035,5632242,12,12,0
5062836,5242393,1,9,-8
5062836,5242393,6,12,-6
5348778,7827754,10,6,4
7688212,7944358,3,5,-2
7688212,7944358,7,3,4
4530051,7058067,12,6,6
4634757,5202407,2,2,0
4634757,5202407,9,9,0
4634757,5202407,10,3,7
5642467,7039551,2,1,1
4863432,7018362,1,1,0
4863432,7018362,7,10,-3
6925318,7662151,3,2,1
6925318,7662151,11,3,8
4855240,5278079,3,8,-5
4855240,5278079,8,9,-1
4821417,8468700,1,3,-2
4821417,8468700,4,2,2
7197168,8743082,1,4,-3
7197168,8743082,9,2,7
6478804,8636189,2,8,-6
7174393,7694024,5,3,2
7174393,7694024,9,12,-3
7174393,7694024,10,13,-3
4977480,7334484,3,7,-4
4977480,7334484,13,12,1
8163994,8437119,8,3,5
8163994,8437119,9,1,8
8163994,8437119,12,4,8
4456779,5171904,4,7,-3
4193635,4349073,12,12,0
4109390,7675609,9,12,-3
4249499,4419977,2,7,-5
4249499,4419977,7,2,5
4249499,4419977,8,1,7
4249499,4419977,11,11,0
4249499,4419977,13,5,8
5278943,6553343,1,1,0
6216936,7721929,2,1,1
6216936,7721929,3,11,-8
6216936,7721929,7,8,-1
6216936,7721929,8,2,6
7266579,8275822,2,1,1
7266579,8275822,3,13,-10
7266579,8275822,7,6,1
6495289,7226696,4,6,-2
6495289,7226696,12,7,5
4684758,8742187,4,10,-6
4684758,8742187,5,3,2
4340016,6854430,11,1,10
4003612,5137319,1,1,0
4003612,5137319,2,4,-2
4708000,6385987,2,7,-5
4708000,6385987,3,5,-2
4318275,4760706,5,12,-7
4318275,4760706,6,6,0
5334183,7955332,1,6,-5
5334183,7955332,3,2,1
5334183,7955332,9,4,5
5252479,7582442,13,11,2
5525322,6376113,1,5,-4
5525322,6376113,4,4,0
5525322,6376113,9,9,0
4278590,5585422,2,4,-2
4278590,5585422,6,6,0
4278590,5585422,7,8,-1
4278590,5585422,8,11,-3
6287628,8071156,4,9,-5
4083484,6915564,4,2,2
4083484,6915564,5,8,-3
4083484,6915564,9,9,0
5395612,6261557,1,1,0
6140590,7268293,5,4,1
6140590,7268293,7,6,1
8002909,8591672,2,3,-1
8002909,8591672,4,9,-5
8002909,8591672,5,1,4
8002909,8591672,12,11,1
5032202,7901952,1,2,-1
7238887,7709742,1,4,-3
7238887,7709742,2,6,-4
7238887,7709742,3,2,1
3982065,8191091,4,8,-4
4225945,5103276,5,13,-8
4225945,5103276,9,5,4
5593441,8361164,2,1,1
5173621,6852580,4,9,-5
4676121,5282444,1,3,-2
6650311,8259093,12,2,10
6304755,7653157,1,6,-5
6304755,7653157,2,11,-9
6304755,7653157,5,2,3
6304755,7653157,6,1,5
6304755,7653157,9,13,-4
6304755,7653157,11,3,8
6304755,7653157,13,12,1
4682202,7952119,4,8,-4
7180568,8045111,1,1,0
7180568,8045111,5,13,-8
7180568,8045111,7,4,3
7180568,8045111,11,9,2
5431170,7194293,4,8,-4
5431170,7194293,5,12,-7
5395356,6193373,12,1,11
6581441,7027683,3,7,-4
6581441,7027683,6,3,3
6581441,7027683,10,11,-1
6012881,6095725,1,1,0
6012881,6095725,3,2,1
6012881,6095725,5,7,-2
6012881,6095725,6,5,1
6012881,6095725,12,13,-1
4673457,8596322,7,1,6
6545882,7092265,2,7,-5
6545882,7092265,7,5,2
4125479,4501678,1,2,-1
6362740,6909602,8,6,2
5576580,8004804,2,4,-2
4829203,5151622,9,7,2
6671258,7948876,5,4,1
6671258,7948876,12,12,0
4679777,5571263,8,4,4
4679777,5571263,12,9,3
5312669,8596145,1,1,0
6324406,8559951,3,1,2
6324406,8559951,5,5,0
6324406,8559951,7,11,-4
5040260,8578546,9,3,6
5040260,8578546,13,8,5
4816082,8084292,12,8,4
5615298,7590531,2,5,-3
6332877,8689439,2,1,1
7043632,7996886,1,7,-6
7043632,7996886,3,1,2
7043632,7996886,6,3,3
7043632,7996886,13,9,4
5364655,6081411,2,12,-10
5364655,6081411,5,1,4
6920358,7574263,2,13,-11
6920358,7574263,7,8,-1
6278697,6912387,1,8,-7
6278697,6912387,2,5,-3
6278697,6912387,3,3,0
5461250,6995430,7,3,4
5461250,6995430,13,1,12
5147906,5405701,4,4,0
5147906,5405701,9,7,2
5147906,5405701,11,6,5
4519658,6540527,5,2,3
4519658,6540527,6,5,1
6504273,7763996,1,7,-6
6504273,7763996,7,8,-1
6504273,7763996,9,2,7
6173409,6633988,2,10,-8
6173409,6633988,7,4,3
6173409,6633988,13,3,10
4320630,5573182,1,3,-2
4320630,5573182,5,4,1
4320630,5573182,7,10,-3
4320630,5573182,8,9,-1
4320630,5573182,9,7,2
4053687,6071638,3,1,2
4053687,6071638,10,7,3
4053687,6071638,12,9,3
6178263,8064700,1,1,0
6178263,8064700,7,2,5
4042522,4859349,1,6,-5
4042522,4859349,8,1,7
4086434,4360890,11,3,8
3971623,6347906,5,11,-6
6132315,7113693,1,12,-11
6132315,7113693,7,6,1
5018278,5138563,1,4,-3
5018278,5138563,2,7,-5
5018278,5138563,3,9,-6
5018278,5138563,11,10,1
5600351,7059698,1,3,-2
5600351,7059698,9,7,2
5600351,7059698,13,1,12
5348491,8360792,1,4,-3
5348491,8360792,12,6,6
4710873,6325725,5,2,3
4716041,5068110,1,1,0
4716041,5068110,6,2,4
4030067,5434719,1,5,-4
4030067,5434719,6,3,3
4310228,5331361,2,4,-2
4310228,5331361,5,7,-2
4310228,5331361,10,5,5
4310228,5331361,13,2,11
8446690,8755153,3,4,-1
8446690,8755153,9,1,8
8446690,8755153,12,2,10
8446690,8755153,13,3,10
7092901,8538768,2,4,-2
5213236,8011394,2,2,0
4094320,6635057,2,3,-1
4094320,6635057,10,6,4
6892226,7464386,8,1,7
6892226,7464386,13,12,1
5067518,7753289,2,1,1
5067518,7753289,5,11,-6
4399021,5103550,6,13,-7
4157761,5332081,5,7,-2
4157761,5332081,7,12,-5
4943132,7340117,1,1,0
4943132,7340117,5,3,2
4943132,7340117,6,9,-3
4943132,7340117,13,5,8
5114478,5290348,1,1,0
5114478,5290348,6,10,-4
7776217,8679327,1,1,0
7776217,8679327,9,9,0
5119449,5598490,2,7,-5
5266179,7797028,3,3,0
7181424,7389268,2,3,-1
7181424,7389268,5,1,4
7181424,7389268,6,4,2
5184748,7281641,1,3,-2
5184748,7281641,6,9,-3
5184748,7281641,8,5,3
4600446,7000305,8,2,6
4568950,4712113,1,10,-9
4568950,4712113,3,6,-3
4777955,8744599,7,2,5
4066705,5281359,3,2,1
4066705,5281359,4,1,3
4066705,5281359,7,5,2
4066705,5281359,9,7,2
4066705,5281359,10,9,1
7261646,8192304,1,10,-9
7261646,8192304,2,1,1
7261646,8192304,5,4,1
7261646,8192304,9,3,6
7777968,8494352,11,13,-2
7777968,8494352,12,6,6
4006000,8419834,2,2,0
4006000,8419834,3,4,-1
4006000,8419834,5,1,4
4299587,5250010,1,1,0
4299587,5250010,2,9,-7
4299587,5250010,6,12,-6
4299587,5250010,7,11,-4
6062690,6908194,1,3,-2
6062690,6908194,5,9,-4
6172620,7511700,1,1,0
6390090,8336547,3,11,-8
6577022,6975055,1,1,0
6577022,6975055,2,3,-1
6577022,6975055,3,5,-2
6577022,6975055,5,7,-2
6577022,6975055,9,4,5
4674651,8601776,2,1,1
7674063,8753030,7,11,-4
7674063,8753030,8,9,-1
4198442,4451496,4,13,-9
4198442,4451496,10,11,-1
6157944,7181653,1,1,0
6157944,7181653,8,4,4
5121065,5528240,6,3,3
5121065,5528240,13,9,4
4076362,7396259,1,2,-1
4076362,7396259,4,7,-3
5380152,6543995,1,2,-1
7046680,7756026,3,3,0
7046680,7756026,11,4,7
6037665,7847412,8,11,-3
4494570,4674688,1,1,0
7126511,7999708,2,10,-8
7126511,7999708,5,13,-8
7126511,7999708,8,7,1
4769372,7026329,4,1,3
4769372,7026329,11,10,1
6468500,7662354,2,2,0
6468500,7662354,9,7,2
6468500,7662354,11,8,3
7005541,8710279,2,3,-1
4912678,6389522,13,4,9
4747549,5310127,10,2,8
5205585,6352285,2,3,-1
5205585,6352285,3,4,-1
5205585,6352285,6,9,-3
4844759,7200911,2,4,-2
4844759,7200911,4,3,1
4844759,7200911,6,6,0
4844759,7200911,7,7,0
4766906,7775968,1,2,-1
4366252,5558942,1,8,-7
4366252,5558942,2,6,-4
4366252,5558942,10,10,0
6488317,8246377,4,2,2
4036578,4104705,3,3,0
4036578,4104705,5,7,-2
4036578,4104705,6,5,1
4036578,4104705,11,1,10
4036578,4104705,13,2,11
6428540,8235994,1,7,-6
6428540,8235994,7,13,-6
5048909,5179606,5,4,1
5048909,5179606,12,6,6
4521657,5350892,3,13,-10
4521657,5350892,8,10,-2
4521657,5350892,10,9,1
7623699,8238646,1,1,0
7623699,8238646,2,2,0
7623699,8238646,3,3,0
7623699,8238646,4,4,0
7623699,8238646,5,5,0
7623699,8238646,6,6,0
7623699,8238646,7,7,0
7623699,8238646,8,8,0
7623699,8238646,9,9,0
7623699,8238646,10,10,0
7623699,8238646,11,11,0
7623699,8238646,12,12,0
7623699,8238646,13,13,0
6628987,7149574,13,8,5
6052600,8358723,1,7,-6
6614181,8664127,3,5,-2
6614181,8664127,5,2,3
6614181,8664127,8,9,-1
6295522,7174315,3,2,1
6295522,7174315,6,8,-2
6295522,7174315,11,12,-1
6295522,7174315,12,7,5
6138185,6556953,3,9,-6
6473026,8188906,1,6,-5
6473026,8188906,2,1,1
6473026,8188906,11,10,1
7832803,8662591,2,5,-3
7832803,8662591,5,3,2
4572849,5310637,1,5,-4
4572849,5310637,6,2,4
5491394,7088546,1,6,-5
5491394,7088546,8,4,4
5491394,7088546,9,3,6
5278550,5579842,11,10,1
5388248,5513138,4,5,-1
5388248,5513138,7,2,5
6288990,7386782,1,13,-12
6288990,7386782,10,4,6
6486895,8407318,12,4,8
3951792,4710298,1,4,-3
4675302,5433778,8,2,6
4675302,5433778,11,8,3
6164079,6314743,1,3,-2
6164079,6314743,2,7,-5
6223147,7844437,10,13,-3
4249220,5448428,3,8,-5
5578112,7431755,4,1,3
4031376,4669730,11,10,1
5109318,6071139,5,13,-8
5109318,6071139,10,1,9
4384975,7034037,12,10,2
8142733,8574189,8,3,5
6158057,6651258,7,7,0
4062649,4248597,4,6,-2
4062649,4248597,5,7,-2
6421742,7673072,1,3,-2
6421742,7673072,4,10,-6
6869947,8673927,1,1,0
6869947,8673927,3,2,1
6869947,8673927,8,8,0
5370662,7713285,1,1,0
5370662,7713285,2,4,-2
5370662,7713285,7,2,5
7711066,8194798,2,8,-6
4721117,5313967,4,7,-3
4721117,5313967,5,10,-5
4721117,5313967,11,4,7
6491443,8215815,5,1,4
4047725,6467782,1,9,-8
7320020,7665131,1,3,-2
7320020,7665131,9,9,0
5215969,7226758,2,2,0
5215969,7226758,7,5,2
7437558,7996512,7,6,1
7437558,7996512,8,1,7
5433708,7419486,2,3,-1
5433708,7419486,3,7,-4
5236741,7449242,1,4,-3
5236741,7449242,7,3,4
4128091,4204508,1,1,0
4128091,4204508,3,6,-3
4128091,4204508,7,8,-1
5648988,7844213,1,12,-11
5648988,7844213,9,2,7
5648988,7844213,12,3,9
5637618,8337928,2,10,-8
6230114,8463589,1,4,-3
6230114,8463589,2,13,-11
6230114,8463589,3,6,-3
6230114,8463589,5,2,3
7064215,8450340,4,13,-9
7064215,8450340,13,11,2
4564816,7904033,1,1,0
4564816,7904033,3,4,-1
4564816,7904033,9,12,-3
4808425,7211287,2,1,1
4808425,7211287,4,2,2
4808425,7211287,6,5,1
4808425,7211287,8,3,5
5038853,5554897,5,2,3
5038853,5554897,7,6,1
4616483,5146764,1,2,-1
4616483,5146764,6,1,5
4616483,5146764,7,3,4
5119322,6882711,4,11,-7
5119322,6882711,9,5,4
4393371,4862171,5,3,2
4393371,4862171,6,6,0
4435615,5336852,10,12,-2
4435615,5336852,12,8,4
4743743,8467591,1,2,-1
6222130,7629536,8,2,6
4937664,4977411,1,7,-6
5036205,7220973,12,10,2
6511266,8251999,10,4,6
4234896,4956724,5,1,4
4415366,6454004,1,1,0
6298208,7505718,1,13,-12
5168447,8452516,8,3,5
5492750,7588829,1,3,-2
4013879,5528531,2,2,0
4013879,5528531,3,11,-8
4013879,5528531,5,6,-1
4013879,5528531,8,4,4
4430471,6437075,12,5,7
5177724,5563867,3,1,2
5177724,5563867,6,3,3
5177724,5563867,11,5,6
5100323,8257083,4,5,-1
5100323,8257083,5,2,3
4406234,7497178,1,10,-9
4406234,7497178,5,2,3
4406234,7497178,6,11,-5
4406234,7497178,7,4,3
5556129,7654562,1,2,-1
5556129,7654562,2,1,1
5457060,6163059,1,1,0
5457060,6163059,5,12,-7
5457060,6163059,9,7,2
3992626,5313061,2,1,1
6139808,7998423,4,7,-3
6084468,6476674,1,1,0
6064034,7379483,3,1,2
4124899,4636978,1,3,-2
4124899,4636978,10,2,8
4798660,8628997,1,10,-9
4798660,8628997,3,12,-9
4798660,8628997,10,8,2
5451103,7054515,7,10,-3
6262772,8260271,11,6,5
5335191,7698666,1,2,-1
6246074,6943853,1,10,-9
6246074,6943853,3,11,-8
6246074,6943853,5,2,3
6246074,6943853,6,4,2
6246074,6943853,7,1,6
6246074,6943853,8,6,2
4381105,5443246,1,1,0
4381105,5443246,6,2,4
4372859,5332512,8,5,3
4372859,5332512,12,6,6
7183824,8228104,1,2,-1
7183824,8228104,2,1,1
7183824,8228104,3,6,-3
7183824,8228104,5,10,-5
7183824,8228104,6,7,-1
5639815,6494023,6,3,3
5639815,6494023,9,1,8
4551400,4923770,8,3,5
4551400,4923770,12,9,3
4551400,4923770,13,10,3
4699632,8479833,2,3,-1
4156740,6869614,2,1,1
4156740,6869614,3,5,-2
5621523,8427649,2,10,-8
5621523,8427649,3,11,-8
5621523,8427649,11,6,5
7206639,8617097,1,1,0
6955211,7699023,1,2,-1
6955211,7699023,2,1,1
6887236,8409191,1,4,-3
6887236,8409191,3,9,-6
5602758,6341322,13,9,4
5569184,7410602,1,2,-1
5569184,7410602,2,4,-2
6271835,7117144,1,7,-6
6181966,8332047,9,4,5
6661043,7633110,1,13,-12
6661043,7633110,4,1,3
6661043,7633110,10,5,5
4846925,6550377,4,2,2
4846925,6550377,10,7,3
6078671,6385321,3,5,-2
6078671,6385321,4,4,0
6078671,6385321,6,9,-3
6078671,6385321,9,10,-1
6078671,6385321,13,13,0
6387162,6488746,1,1,0
6387162,6488746,2,2,0
6387162,6488746,3,3,0
6387162,6488746,4,4,0
6387162,6488746,5,5,0
6387162,6488746,6,6,0
6387162,6488746,7,7,0
6387162,6488746,8,8,0
6387162,6488746,9,9,0
6387162,6488746,10,10,0
6387162,6488746,11,11,0
6387162,6488746,12,12,0
6387162,6488746,13,13,0
6497914,7998520,2,2,0
6497914,7998520,4,1,3
6497914,7998520,8,3,5
6497914,7998520,12,5,7
6216458,6502397,1,1,0
6216458,6502397,3,6,-3
6216458,6502397,6,5,1
6216458,6502397,8,13,-5
5361920,7731042,7,1,6
4415430,4990265,5,1,4
4415430,4990265,7,11,-4
4415430,4990265,8,12,-4
6292519,7701871,8,5,3
5599797,6242589,1,2,-1
5599797,6242589,3,4,-1
5599797,6242589,4,3,1
5643870,7696166,3,7,-4
4900202,5188378,1,1,0
4900202,5188378,3,8,-5
4900202,5188378,5,6,-1
4900202,5188378,7,2,5
5454158,6091581,6,3,3
5454158,6091581,11,6,5
6574510,8260558,1,1,0
6574510,8260558,8,2,6
4806083,5145337,2,9,-7
4806083,5145337,4,8,-4
5443839,8106094,13,13,0
5407163,6431505,1,2,-1
6197930,6566332,6,3,3
5055466,7828840,6,13,-7
4200402,6471427,1,3,-2
6940917,7194040,1,1,0
6940917,7194040,2,2,0
6940917,7194040,3,3,0
6940917,7194040,4,4,0
6940917,7194040,5,5,0
6940917,7194040,6,6,0
6940917,7194040,7,7,0
6940917,7194040,8,8,0
6940917,7194040,9,9,0
6940917,7194040,10,10,0
6940917,7194040,11,11,0
6940917,7194040,12,12,0
6940917,7194040,13,13,0
4943522,5384264,2,3,-1
4943522,5384264,11,7,4
4767425,8444748,5,10,-5
6341125,7721179,9,5,4
6341125,7721179,10,6,4
6555846,7531827,5,11,-6
6555846,7531827,7,1,6
6487940,8225698,11,11,0
4886984,5177375,2,9,-7
4886984,5177375,7,4,3
4886984,5177375,8,8,0
4605787,5136108,6,12,-6
4973911,6281685,11,1,10
4602784,6561958,1,2,-1
5090656,7730675,1,1,0
6784379,7151452,3,10,-7
6784379,7151452,11,7,4
4793058,7443647,10,9,1
4424415,6618699,1,1,0
4424415,6618699,5,3,2
5375243,7549161,12,6,6
4220248,6622895,2,7,-5
4220248,6622895,9,4,5
4450560,4855681,4,1,3
5400011,7391315,2,2,0
5400011,7391315,5,1,4
5400011,7391315,6,7,-1
3987924,4782972,1,4,-3
3987924,4782972,7,7,0
5088971,6499272,2,5,-3
5088971,6499272,4,4,0
5088971,6499272,9,2,7
7224000,8653984,2,3,-1
7224000,8653984,10,12,-2
6231174,8591000,1,1,0
6231174,8591000,4,6,-2
4947435,5245552,5,1,4
4947435,5245552,11,11,0
6250733,7040730,1,12,-11
6250733,7040730,2,4,-2
6250733,7040730,3,7,-4
6250733,7040730,6,1,5
4301512,4566808,10,12,-2
4772024,8006977,4,3,1
6647319,7328089,1,7,-6
6647319,7328089,11,10,1
6647319,7328089,12,1,11
3976288,6187654,2,4,-2
3976288,6187654,11,2,9
5500365,7250501,1,11,-10
5500365,7250501,11,9,2
5500365,7250501,12,10,2
5330005,7343973,2,6,-4
5330005,7343973,4,2,2
5330005,7343973,10,1,9
5330005,7343973,12,13,-1
5453858,8258025,2,5,-3
5453858,8258025,6,2,4
5453858,8258025,7,4,3
6973276,7181152,2,8,-6
6973276,7181152,4,2,2
6328649,8491390,1,1,0
6328649,8491390,4,2,2
6328649,8491390,6,4,2
6079025,7484111,7,9,-2
6079025,7484111,13,6,7
4529925,7642666,7,1,6
4529925,7642666,8,3,5
6165431,6641626,3,8,-5
6165431,6641626,5,1,4
6165431,6641626,7,4,3
6165431,6641626,11,3,8
4857082,6482251,2,7,-5
4857082,6482251,12,3,9
4416030,5182820,3,2,1
4416030,5182820,5,4,1
4416030,5182820,10,3,7
4207992,6529446,7,1,6
4207992,6529446,8,5,3
4207992,6529446,9,2,7
4502633,4705535,8,4,4
5541604,7015479,3,7,-4
7387574,7628246,1,4,-3
7387574,7628246,8,5,3
7387574,7628246,11,9,2
4938763,6468961,2,3,-1
4938763,6468961,9,9,0
4425542,5477153,4,9,-5
4425542,5477153,6,13,-7
4820651,5098867,2,6,-4
4820651,5098867,7,12,-5
4700537,6247297,1,9,-8
6350686,7115528,2,9,-7
6350686,7115528,4,6,-2
5234535,6410369,1,1,0
5234535,6410369,2,2,0
5234535,6410369,4,4,0
5234535,6410369,6,7,-1
5599086,6231111,3,4,-1
5326366,8652211,3,1,2
5326366,8652211,5,6,-1
5326366,8652211,10,3,7
5515098,8484677,6,3,3
5515098,8484677,9,6,3
5043176,7504123,3,4,-1
7208669,8221236,1,9,-8
6958741,8395564,3,2,1
6958741,8395564,4,1,3
7110803,8509871,4,2,2
7110803,8509871,6,13,-7
4908861,8272058,6,4,2
5254795,8258363,1,4,-3
5254795,8258363,2,2,0
5254795,8258363,5,5,0
5254795,8258363,8,10,-2
5254795,8258363,11,3,8
4036061,4111057,8,2,6
3968307,4668566,11,9,2
4695575,6420560,8,11,-3
4695575,6420560,9,3,6
4695575,6420560,10,13,-3
6152296,6412526,5,11,-6
6152296,6412526,10,4,6
4856433,5291828,8,3,5
6271503,8465011,3,4,-1
3996928,8140663,9,12,-3
5326955,6153850,6,1,5
5029791,8355202,3,7,-4
6136408,8337994,2,3,-1
6136408,8337994,3,1,2
6136408,8337994,4,2,2
6136408,8337994,12,7,5
6316018,7749203,3,4,-1
6316018,7749203,5,8,-3
6316018,7749203,8,11,-3
6316018,7749203,11,3,8
6316018,7749203,13,12,1
6128414,7845563,7,6,1
7796104,8362988,1,1,0
7796104,8362988,2,2,0
7796104,8362988,8,6,2
7796104,8362988,9,4,5
7796104,8362988,10,9,1
6278679,7369471,5,7,-2
6278679,7369471,6,12,-6
6420649,7087835,8,1,7
4632640,4842488,3,2,1
4632640,4842488,4,8,-4
4632640,4842488,5,7,-2
4632640,4842488,7,5,2
4632640,4842488,8,4,4
4337631,4854137,1,4,-3
4337631,4854137,3,6,-3
4337631,4854137,4,2,2
6252542,6453176,2,1,1
6252542,6453176,3,13,-10
6252542,6453176,5,3,2
6232658,6503840,1,1,0
6232658,6503840,2,9,-7
6232658,6503840,4,4,0
6232658,6503840,11,2,9
4384803,5013174,6,1,5
6097070,7545007,1,6,-5
6097070,7545007,4,11,-7
6097070,7545007,5,10,-5
6097070,7545007,7,12,-5
4361919,6845530,2,2,0
4361919,6845530,3,13,-10
4361919,6845530,4,1,3
6100620,7656067,3,8,-5
6100620,7656067,8,6,2
6100620,7656067,11,1,10
4528448,5073710,6,4,2
6843657,7404718,12,2,10
5143433,7121694,4,2,2
5143433,7121694,5,10,-5
5143433,7121694,7,1,6
5143433,7121694,13,12,1
6266715,6571305,1,1,0
6266715,6571305,4,9,-5
6266715,6571305,10,11,-1
6593176,7209378,2,3,-1
3996733,8157811,1,1,0
6415140,7010335,1,1,0
6415140,7010335,3,2,1
5237884,7032798,3,2,1
4805539,7954437,1,3,-2
4805539,7954437,2,7,-5
4805539,7954437,5,12,-7
4805539,7954437,8,1,7
4805539,7954437,9,9,0
4805539,7954437,11,4,7
5655961,7753793,2,1,1
5093794,5177684,2,1,1
7373275,8571351,2,3,-1
4498309,6397610,5,10,-5
5106373,5522871,6,12,-6
5106373,5522871,11,1,10
4807076,7656613,1,8,-7
4807076,7656613,2,9,-7
4807076,7656613,8,4,4
6358248,8235985,4,3,1
4032309,4838904,9,4,5
6649424,7901804,1,1,0
6649424,7901804,4,12,-8
5524941,7353637,2,1,1
5524941,7353637,3,5,-2
5524941,7353637,13,2,11
6578633,7789135,1,2,-1
6578633,7789135,3,9,-6
6578633,7789135,6,6,0
6578633,7789135,9,8,1
6567505,8503646,2,2,0
6567505,8503646,7,1,6
4686633,5189730,3,1,2
4909019,7703599,2,1,1
5584807,7942846,1,5,-4
5584807,7942846,2,4,-2
7124304,7681245,6,4,2
4886696,5134014,2,3,-1
4886696,5134014,9,6,3
4886696,5134014,11,7,4
5340992,7196782,6,3,3
5651775,7624028,8,8,0
7315710,8670688,10,8,2
6505772,7287005,1,1,0
6505772,7287005,5,4,1
6505772,7287005,9,11,-2
5420455,6455914,1,1,0
5420455,6455914,5,7,-2
5420455,6455914,6,5,1
5299259,7088812,4,1,3
5133616,8002377,1,12,-11
5133616,8002377,2,3,-1
5133616,8002377,3,2,1
5133616,8002377,9,11,-2
3996938,6620148,1,2,-1
3996938,6620148,7,10,-3
3996938,6620148,9,11,-2
4573248,6247231,2,1,1
4573248,6247231,4,2,2
4573248,6247231,5,5,0
4573248,6247231,8,8,0
5294040,7726515,8,4,4
5311235,5573896,2,9,-7
5311235,5573896,6,12,-6
5335671,6517498,1,1,0
5335671,6517498,6,2,4
5287182,5563884,6,13,-7
4835706,5258652,3,4,-1
4835706,5258652,7,9,-2
4021056,4640151,4,9,-5
5651011,6255838,1,2,-1
5651011,6255838,2,9,-7
5651011,6255838,5,1,4
5651011,6255838,11,5,6
6447065,8210613,1,1,0
6447065,8210613,3,9,-6
6447065,8210613,9,2,7
6447065,8210613,11,10,1
6447065,8210613,13,7,6
6172483,7446536,4,3,1
7052429,7611435,7,4,3
7808148,8749107,3,4,-1
7808148,8749107,11,11,0
5319386,8370736,4,3,1
5319386,8370736,7,9,-2
6157857,8382484,3,1,2
4102020,4349217,1,5,-4
4102020,4349217,4,10,-6
4435004,5209947,8,1,7
5236071,8684160,1,1,0
3953555,6453484,9,1,8
6300762,7671597,3,11,-8
6300762,7671597,4,12,-8
7391250,8222943,2,11,-9
7391250,8222943,3,6,-3
7391250,8222943,6,3,3
7391250,8222943,11,1,10
4089943,4663153,8,5,3
5036461,7761591,6,6,0
4281005,4912219,10,8,2
7521907,7876080,2,3,-1
7521907,7876080,3,1,2
7521907,7876080,4,6,-2
7521907,7876080,5,4,1
7521907,7876080,12,13,-1
3968368,5583337,1,4,-3
3968368,5583337,2,1,1
3968368,5583337,5,3,2
3968368,5583337,6,2,4
4091964,4450979,2,1,1
4091964,4450979,6,8,-2
6581220,8001629,2,3,-1
6090914,8703718,1,1,0
6280718,7727763,2,3,-1
6280718,7727763,13,6,7
4360100,7070384,4,10,-6
4335896,6478316,1,3,-2
4335896,6478316,2,1,1
7857661,8435073,5,4,1
7857661,8435073,6,12,-6
7857661,8435073,7,10,-3
4545355,6453874,1,9,-8
4545355,6453874,3,1,2
4545355,6453874,4,6,-2
5267646,6852103,1,6,-5
4787063,7818776,4,1,3
4787063,7818776,7,8,-1
6128534,8021299,3,2,1
6128534,8021299,7,5,2
6128534,8021299,13,11,2
7836242,8391064,1,7,-6
7836242,8391064,2,6,-4
7836242,8391064,8,5,3
7836242,8391064,9,10,-1
5487124,7178991,5,1,4
5487124,7178991,6,2,4
6181253,8674845,9,11,-2
6331135,7182669,2,1,1
6331135,7182669,11,3,8
4794411,6568786,1,1,0
4794411,6568786,6,9,-3
4794411,6568786,7,5,2
4794411,6568786,9,7,2
7026935,7786872,6,5,1
6876383,7062077,4,10,-6
6876383,7062077,13,13,0
7592691,8072055,1,1,0
7592691,8072055,2,2,0
7592691,8072055,3,3,0
7592691,8072055,4,4,0
7592691,8072055,5,5,0
7592691,8072055,6,6,0
7592691,8072055,7,7,0
7592691,8072055,8,8,0
7592691,8072055,9,9,0
7592691,8072055,10,10,0
7592691,8072055,11,11,0
7592691,8072055,12,12,0
7592691,8072055,13,13,0
5114100,7611099,9,4,5
6569013,7594850,1,1,0
6569013,7594850,5,2,3
7661106,8326973,1,11,-10
7661106,8326973,10,6,4
6620541,8163353,5,7,-2
6620541,8163353,11,10,1
6620541,8163353,12,2,10
5155334,8507831,2,3,-1
5481289,7156509,1,1,0
5481289,7156509,4,6,-2
5481289,7156509,5,7,-2
5064779,5344796,6,11,-5
5064779,5344796,12,1,11
5399719,6514987,2,2,0
5399719,6514987,3,1,2
5399719,6514987,5,5,0
5399719,6514987,12,13,-1
5399719,6514987,13,3,10
6559145,7491746,7,3,4
5132986,7961705,13,4,9
6408825,7082928,1,2,-1
6408825,7082928,8,1,7
6408825,7082928,9,12,-3
6408825,7082928,10,6,4
6408825,7082928,11,7,4
5259250,7983864,2,2,0
5259250,7983864,8,7,1
4102833,4530941,1,2,-1
4102833,4530941,12,1,11
4142482,4231733,12,1,11
7193032,8609808,2,13,-11
7193032,8609808,13,1,12
7004592,8514476,1,3,-2
7004592,8514476,11,13,-2
5477226,8044842,1,2,-1
5477226,8044842,2,1,1
5477226,8044842,3,3,0
4957463,6351061,6,3,3
7295002,7768740,2,3,-1
7295002,7768740,7,10,-3
7295002,7768740,11,2,9
7295002,7768740,12,6,6
5644605,7292670,3,13,-10
7114298,8424257,1,1,0
7114298,8424257,5,4,1
7196928,8694854,1,9,-8
7196928,8694854,3,8,-5
7196928,8694854,5,10,-5
7196928,8694854,13,2,11
5258015,7905900,13,7,6
7349461,7577168,8,7,1
6454036,8461803,9,9,0
6230922,8043396,3,6,-3
6230922,8043396,12,12,0
5423808,8273084,2,3,-1
5643385,7090739,1,3,-2
5643385,7090739,3,1,2
5643385,7090739,4,6,-2
4858487,8157691,2,6,-4
4858487,8157691,8,4,4
5401589,8728676,2,2,0
5401589,8728676,4,3,1
5401589,8728676,10,9,1
7301673,7872678,1,3,-2
7301673,7872678,12,2,10
7035440,8600191,2,1,1
7035440,8600191,7,2,5
5625167,7378593,13,10,3
5537711,8584305,3,6,-3
5537711,8584305,10,1,9
6352018,7033066,1,7,-6
6352018,7033066,3,5,-2
6352018,7033066,9,12,-3
5168451,7769644,3,9,-6
5598515,6438263,12,3,9
6075937,7617388,4,1,3
6075937,7617388,8,4,4
4372125,6269645,1,13,-12
4372125,6269645,4,1,3
4267839,5269789,1,6,-5
4267839,5269789,11,2,9
5400460,6312548,1,1,0
5400460,6312548,3,7,-4
5400460,6312548,10,4,6
4953975,7074577,1,1,0
4953975,7074577,2,5,-3
4953975,7074577,3,3,0
4953975,7074577,11,4,7
6180548,6887816,5,6,-1
4360067,5086847,6,11,-5
4360067,5086847,7,7,0
4360067,5086847,10,4,6
4772511,7723452,5,4,1
8274783,8550410,2,2,0
5618711,8062848,1,4,-3
5618711,8062848,4,11,-7
4047599,5180040,1,9,-8
4047599,5180040,11,12,-1
6250950,7114986,1,13,-12
6250950,7114986,5,8,-3
4664305,6959852,1,2,-1
4664305,6959852,5,9,-4
5228452,5415177,1,1,0
5228452,5415177,11,5,6
5228452,5415177,12,8,4
4778473,8728168,5,2,3
4778473,8728168,11,10,1
4778473,8728168,12,11,1
5616401,6495424,1,3,-2
5616401,6495424,2,5,-3
5616401,6495424,3,1,2
5616401,6495424,9,2,7
4768865,6449082,1,2,-1
4768865,6449082,12,6,6
5126885,7009498,1,1,0
5126885,7009498,12,4,8
4536112,4832544,4,2,2
4762322,8517851,1,1,0
4762322,8517851,3,2,1
4762322,8517851,4,3,1
4762322,8517851,7,6,1
4762322,8517851,11,9,2
4035677,7608963,5,1,4
6074538,8663430,1,13,-12
6074538,8663430,8,4,4
7089202,8694402,1,9,-8
7089202,8694402,3,8,-5
7089202,8694402,4,3,1
5189979,7043992,1,7,-6
5189979,7043992,2,2,0
6165195,8206429,5,10,-5
4287993,5221012,2,8,-6
4287993,5221012,3,7,-4
4287993,5221012,6,2,4
4287993,5221012,11,3,8
5593800,6084938,1,2,-1
5593800,6084938,5,8,-3
5593800,6084938,8,12,-4
5593800,6084938,9,5,4
5593800,6084938,10,11,-1
4457169,6085587,1,4,-3
4457169,6085587,2,2,0
4457169,6085587,5,3,2
4457169,6085587,7,1,6
5476728,7091575,8,9,-1
5476728,7091575,9,3,6
4779346,5191716,10,2,8
7836093,8606021,4,13,-9
5327577,7254393,2,2,0
5327577,7254393,3,6,-3
6630162,8338478,1,4,-3
6630162,8338478,3,13,-10
3999635,4191278,1,1,0
3999635,4191278,2,2,0
3999635,4191278,3,5,-2
3999635,4191278,4,4,0
3999635,4191278,8,11,-3
5428606,7117180,2,2,0
5530823,6118724,5,7,-2
6167405,7930262,11,6,5
7098157,8658947,1,6,-5
7098157,8658947,2,1,1
7098157,8658947,3,4,-1
7098157,8658947,8,9,-1
5028824,5506534,4,9,-5
5028824,5506534,5,1,4
5028824,5506534,6,10,-4
6957758,8303595,10,2,8
6251662,6875604,2,6,-4
4521210,6524275,1,7,-6
4521210,6524275,3,2,1
7665007,8230300,8,9,-1
6366306,7277196,10,1,9
6366306,7277196,12,11,1
4211317,4546867,1,1,0
5151718,6088102,3,4,-1
4919837,8336151,7,12,-5
6187047,6511511,1,7,-6
6187047,6511511,6,6,0
6187047,6511511,12,3,9
4609546,7662933,7,4,3
4609546,7662933,8,8,0
4669212,5341719,1,2,-1
4669212,5341719,2,12,-10
4669212,5341719,3,5,-2
4669212,5341719,4,1,3
4669212,5341719,5,6,-1
6153951,6664666,11,9,2
6369431,8227787,3,5,-2
5185146,7189536,2,1,1
5185146,7189536,3,2,1
5185146,7189536,4,5,-1
5185146,7189536,6,3,3
5185146,7189536,8,6,2
4499576,7475156,2,1,1
7469160,8352013,4,11,-7
7469160,8352013,12,9,3
6970909,8676219,2,1,1
6970909,8676219,3,7,-4
6970909,8676219,4,9,-5
6011732,6911853,1,7,-6
6011732,6911853,2,12,-10
6011732,6911853,3,13,-10
6011732,6911853,4,3,1
8157489,8485765,1,6,-5
8157489,8485765,2,1,1
8157489,8485765,3,3,0
5644723,8386343,4,11,-7
5239198,7339279,7,10,-3
4717063,8343185,1,1,0
4832572,5281093,1,1,0
4832572,5281093,2,2,0
4832572,5281093,3,3,0
4832572,5281093,4,4,0
4832572,5281093,5,6,-1
4832572,5281093,6,8,-2
4832572,5281093,7,10,-3
4832572,5281093,8,11,-3
4832572,5281093,9,13,-4
5421045,7069609,9,2,7
5143378,8015025,1,1,0
4628605,6178646,4,5,-1
4055491,5626767,1,7,-6
4055491,5626767,3,3,0
5135387,6869277,1,2,-1
5135387,6869277,4,6,-2
5135387,6869277,5,1,4
5135387,6869277,13,3,10
4625980,6099042,5,1,4
4625980,6099042,7,2,5
6840377,7374042,7,3,4
7088734,8023885,13,12,1
4449229,7792305,1,8,-7
6956396,7816938,4,9,-5
6956396,7816938,9,6,3
6956396,7816938,13,2,11
4786642,6071930,6,4,2
4786642,6071930,8,9,-1
6282362,8447064,3,9,-6
6282362,8447064,10,13,-3
6594114,8169748,2,5,-3
6961046,7919960,5,13,-8
5558211,6861602,7,8,-1
5558211,6861602,9,10,-1
5558211,6861602,10,1,9
5274631,6151325,1,11,-10
5274631,6151325,4,2,2
6421297,7114084,5,4,1
6421297,7114084,8,5,3
6250783,8465162,5,5,0
6250783,8465162,6,1,5
5524888,7927209,3,4,-1
5149025,8280675,3,3,0
5149025,8280675,6,1,5
5149025,8280675,8,13,-5
6607976,7470611,3,6,-3
6607976,7470611,5,4,1
6607976,7470611,12,2,10
6277947,6610819,2,10,-8
6277947,6610819,5,1,4
6277947,6610819,11,7,4
6213224,7658238,4,2,2
6213224,7658238,5,3,2
5392645,7274996,5,1,4
4833454,5633625,4,2,2
4833454,5633625,5,12,-7
6162121,6494785,2,7,-5
6119920,7098072,4,6,-2
6119920,7098072,12,3,9
6236940,7953617,1,2,-1
6236940,7953617,3,3,0
7122128,7608829,7,9,-2
4351018,6224246,1,2,-1
4351018,6224246,12,5,7
6889829,8245844,3,3,0
6889829,8245844,4,6,-2
6889829,8245844,12,12,0
5454660,7201527,4,5,-1
6496690,7970376,9,2,7
5608643,6231905,5,11,-6
6094910,6550544,7,9,-2
7237876,8118410,3,3,0
7237876,8118410,6,6,0
7237876,8118410,8,9,-1
4796528,5253582,2,2,0
4796528,5253582,6,5,1
7197047,7969971,6,2,4
6181092,6654548,5,7,-2
6181092,6654548,9,10,-1
5393057,7455588,1,4,-3
4063636,4399908,5,10,-5
4861041,8590900,2,3,-1
4861041,8590900,3,8,-5
4861041,8590900,5,7,-2
4861041,8590900,8,1,7
4861041,8590900,12,11,1
6418852,7157505,3,6,-3
7941426,8244715,1,1,0
7941426,8244715,6,3,3
6498015,7763246,12,9,3
4044101,4810474,7,5,2
4044101,4810474,10,4,6
4044101,4810474,11,3,8
5353399,7650407,7,4,3
4617122,6986799,3,1,2
4617122,6986799,11,7,4
5277972,7847386,5,6,-1
6601211,8074011,12,9,3
5580163,6533429,2,4,-2
5628786,7648725,11,1,10
6545462,8593136,2,7,-5
6545462,8593136,3,2,1
6545462,8593136,7,1,6
6442278,7212872,1,10,-9
6442278,7212872,2,1,1
7425177,8622808,1,1,0
7425177,8622808,2,7,-5
7425177,8622808,4,11,-7
7425177,8622808,12,4,8
5340504,7070913,1,1,0
5340504,7070913,5,2,3
7107339,7412509,1,3,-2
7107339,7412509,13,1,12
6219559,6515609,8,3,5
6594250,7292871,2,3,-1
5480032,8369985,5,6,-1
5480032,8369985,6,7,-1
7294474,7927825,1,1,0
7294474,7927825,2,3,-1
7294474,7927825,5,4,1
7294474,7927825,6,8,-2
7294474,7927825,7,10,-3
7842785,8168401,1,2,-1
7842785,8168401,2,5,-3
7842785,8168401,7,7,0
4792151,4962945,1,1,0
4792151,4962945,4,5,-1
4792151,4962945,7,2,5
4792151,4962945,9,7,2
6155654,7156115,2,6,-4
6155654,7156115,5,7,-2
6155654,7156115,12,2,10
6412438,8048329,2,11,-9
6412438,8048329,3,1,2
6412438,8048329,6,12,-6
5268692,6492938,6,7,-1
6151354,6972708,4,9,-5
6160540,7601066,8,10,-2
4898386,7147580,1,1,0
4898386,7147580,2,6,-4
4898386,7147580,7,4,3
6946645,8326095,5,1,4
6946645,8326095,8,2,6
6946645,8326095,10,13,-3
6238653,8147564,1,9,-8
6238653,8147564,6,3,3
4539345,7753616,2,13,-11
4916381,7457086,10,5,5
6983636,7628085,2,2,0
6580869,8437615,5,2,3
6580869,8437615,7,1,6
6580869,8437615,8,10,-2
5007105,8224294,12,6,6
5057029,6955550,7,3,4
4988450,7137459,2,1,1
4988450,7137459,4,3,1
4988450,7137459,7,9,-2
5012289,7676184,2,1,1
5012289,7676184,5,2,3
5012289,7676184,6,3,3
4683288,7687054,1,13,-12
6069460,7165644,1,1,0
6069460,7165644,2,7,-5
6069460,7165644,4,3,1
6069460,7165644,10,10,0
7129707,8659299,1,5,-4
7129707,8659299,2,4,-2
7129707,8659299,10,3,7
7129707,8659299,12,9,3
4800938,8439183,3,7,-4
4800938,8439183,6,9,-3
5123016,7155637,2,2,0
5123016,7155637,3,4,-1
5574918,6065116,2,1,1
5574918,6065116,5,5,0
5574918,6065116,10,13,-3
6271777,6671754,3,3,0
6271777,6671754,4,4,0
5111150,7116704,5,3,2
4387816,7137520,3,2,1
4387816,7137520,10,5,5
5426830,6846107,3,1,2
4705761,8357623,2,5,-3
4720780,7830173,3,6,-3
6251133,8343211,1,8,-7
6251133,8343211,3,1,2
6251133,8343211,7,7,0
6251133,8343211,13,9,4
4066591,6271276,3,3,0
5423468,7975608,6,1,5
6154885,7487553,1,1,0
6154885,7487553,3,2,1
5339484,7509703,3,4,-1
5339484,7509703,5,6,-1
5339484,7509703,12,8,4
4560014,7946768,1,1,0
6327590,8615573,6,1,5
5264578,6225494,7,5,2
6080741,6627623,10,12,-2
4004284,5073775,6,9,-3
4017395,6838000,4,6,-2
4017395,6838000,7,1,6
4017395,6838000,11,9,2
5221765,5332834,2,3,-1
6636769,7686768,1,4,-3
6636769,7686768,2,2,0
6905406,7803045,6,3,3
5267865,6652283,2,2,0
5361518,7481009,5,4,1
5256311,6540923,2,1,1
5256311,6540923,6,2,4
5256311,6540923,10,7,3
5623453,6088290,5,6,-1
5623453,6088290,6,4,2
5623453,6088290,8,1,7
5623453,6088290,11,3,8
6174910,8226977,2,5,-3
5561966,6389780,2,4,-2
5561966,6389780,9,1,8
6383787,8513429,1,1,0
4450333,4857092,2,9,-7
5398682,8535222,2,1,1
5541000,7667339,2,4,-2
5541000,7667339,5,12,-7
5541000,7667339,6,5,1
5541000,7667339,7,7,0
5384885,7052185,1,7,-6
5384885,7052185,2,2,0
5384885,7052185,5,5,0
5384885,7052185,7,4,3
5384885,7052185,11,11,0
6214243,6487908,12,10,2
5573141,8393886,5,2,3
5573141,8393886,13,6,7
6307476,8154413,2,3,-1
5140418,7304663,1,1,0
5140418,7304663,2,2,0
5103396,6397129,5,7,-2
4411410,7248940,3,3,0
4411410,7248940,8,6,2
6626941,8460374,3,3,0
6626941,8460374,4,12,-8
8002795,8485413,4,1,3
8002795,8485413,5,2,3
8002795,8485413,9,4,5
6485814,8217510,7,11,-4
6151890,6886329,1,1,0
6151890,6886329,3,13,-10
6151890,6886329,4,4,0
6151890,6886329,5,6,-1
6151890,6886329,7,5,2
6151890,6886329,10,8,2
6151890,6886329,11,9,2
4024227,5348802,1,1,0
4024227,5348802,3,2,1
4024227,5348802,4,3,1
6654928,7822150,2,4,-2
6654928,7822150,4,5,-1
6636112,7421036,4,5,-1
6600481,8532680,3,8,-5
5336665,6860234,10,6,4
5343591,6524173,1,6,-5
5343591,6524173,3,2,1
5343591,6524173,7,4,3
5343591,6524173,8,3,5
6338044,8280746,8,4,4
6338044,8280746,13,2,11
6078867,8490686,10,12,-2
6351753,8108384,2,2,0
6351753,8108384,5,8,-3
6351753,8108384,8,9,-1
6969819,7435925,1,6,-5
6969819,7435925,2,1,1
6969819,7435925,4,8,-4
6969819,7435925,6,4,2
6969819,7435925,8,2,6
6969819,7435925,9,13,-4
6969819,7435925,11,5,6
6969819,7435925,12,10,2
6141567,7110733,1,7,-6
6141567,7110733,4,5,-1
6861287,7309911,2,3,-1
6861287,7309911,7,4,3
7221130,7449966,2,2,0
6053527,7155783,2,2,0
6251802,8524584,8,2,6
6631765,7234531,1,5,-4
6631765,7234531,3,2,1
6631765,7234531,9,1,8
7080364,8065669,2,12,-10
7080364,8065669,4,1,3
7080364,8065669,5,6,-1
6069998,8337081,1,3,-2
6069998,8337081,3,7,-4
6069998,8337081,5,4,1
6129901,7704791,1,7,-6
6129901,7704791,6,2,4
5190539,7449018,4,4,0
5371495,6848017,5,8,-3
5371495,6848017,10,7,3
4306562,5261887,4,1,3
6956524,8407001,4,11,-7
6956524,8407001,7,5,2
4350737,4550055,3,1,2
4350737,4550055,6,2,4
4350737,4550055,7,7,0
4350737,4550055,13,8,5
5451779,6666285,7,6,1
5451779,6666285,11,11,0
5451779,6666285,13,5,8
5308339,5513635,6,9,-3
4642281,5114824,2,6,-4
4642281,5114824,3,8,-5
4642281,5114824,4,5,-1
4642281,5114824,7,2,5
4349072,5016727,3,13,-10
7166669,8586183,1,3,-2
7166669,8586183,3,2,1
7166669,8586183,12,1,11
5486764,6462549,6,3,3
5486764,6462549,10,11,-1
5399149,8663142,2,5,-3
4703751,5275603,4,3,1
4703751,5275603,7,10,-3
4703751,5275603,11,4,7
4135985,4536257,1,8,-7
4135985,4536257,3,5,-2
4135985,4536257,6,4,2
4135985,4536257,10,3,7
6329061,7157133,2,5,-3
6329061,7157133,3,6,-3
6329061,7157133,7,3,4
5378435,7857095,8,2,6
6223293,6405311,13,7,6
5078509,6517243,2,10,-8
4024544,4131899,3,1,2
4024544,4131899,10,9,1
4024544,4131899,13,2,11
4335516,7311025,6,7,-1
4335516,7311025,10,6,4
4782342,7679501,2,5,-3
4831282,5373294,1,13,-12
6187680,8158508,10,2,8
6540381,8716945,1,9,-8
6540381,8716945,3,2,1
6540381,8716945,10,4,6
7376609,8108308,11,2,9
4263824,5323890,2,7,-5
4263824,5323890,5,1,4
4263824,5323890,12,6,6
3964953,4608038,1,4,-3
3964953,4608038,2,1,1
3964953,4608038,10,8,2
3964953,4608038,11,9,2
7288924,8289011,1,9,-8
7288924,8289011,3,6,-3
7288924,8289011,4,11,-7
7288924,8289011,5,4,1
7288924,8289011,11,13,-2
4785376,6510608,6,6,0
4785376,6510608,9,11,-2
6973062,7218621,4,8,-4
4446354,5349156,1,2,-1
6539227,8355725,3,13,-10
6589625,7304786,11,2,9
4360936,6615425,1,3,-2
4360936,6615425,7,2,5
4360936,6615425,12,4,8
4639753,4870469,2,1,1
4639753,4870469,7,6,1
4639753,4870469,8,2,6
4206817,7984768,1,1,0
4206817,7984768,3,2,1
4206817,7984768,10,12,-2
3985116,4151005,8,9,-1
5482042,8571639,12,4,8
4935815,7327371,13,4,9
7181544,7324540,1,1,0
7181544,7324540,2,3,-1
7181544,7324540,4,10,-6
7181544,7324540,5,5,0
7181544,7324540,7,6,1
7181544,7324540,9,2,7
7181544,7324540,11,4,7
4546272,4719371,2,10,-8
4546272,4719371,7,6,1
4546272,4719371,8,5,3
4546272,4719371,11,11,0
4546272,4719371,13,8,5
5250355,7256369,1,2,-1
5250355,7256369,4,1,3
5270485,7236816,2,5,-3
4881955,4981498,1,11,-10
4881955,4981498,7,2,5
4002753,7728133,4,2,2
4002753,7728133,13,8,5
5489525,7173041,8,2,6
4362707,4786492,4,3,1
4362707,4786492,5,4,1
4943516,8153357,2,1,1
5508337,6482475,5,5,0
4231883,5585030,8,1,7
6301470,7162258,13,4,9
4695944,7398346,1,2,-1
4695944,7398346,6,11,-5
4695944,7398346,9,4,5
4695944,7398346,11,6,5
6921462,7109581,1,1,0
6921462,7109581,3,5,-2
6921462,7109581,9,2,7
6921462,7109581,10,8,2
6185282,7796738,1,6,-5
6188470,7689259,1,8,-7
5068030,6949185,1,3,-2
5068030,6949185,2,11,-9
5068030,6949185,3,8,-5
5550984,8589503,3,9,-6
5550984,8589503,7,11,-4
7608386,8530148,1,3,-2
7608386,8530148,2,6,-4
7608386,8530148,6,8,-2
7608386,8530148,9,4,5
4049056,4380265,4,3,1
4049056,4380265,8,2,6
5520190,8545077,8,1,7
5520190,8545077,11,4,7
5201744,8057491,1,2,-1
5201744,8057491,4,4,0
5201744,8057491,10,6,4
4945909,7203535,7,9,-2
4945909,7203535,13,7,6
5000529,6575368,3,5,-2
5000529,6575368,10,1,9
7206816,8275841,7,1,6
4413621,5052381,1,1,0
4413621,5052381,2,8,-6
4413621,5052381,7,7,0
4413621,5052381,8,11,-3
4007396,4322735,1,5,-4
4007396,4322735,9,9,0
4856785,7791590,12,12,0
5019093,8109966,1,3,-2
5317389,7782464,9,5,4
4597872,5229011,2,3,-1
5393057,7775887,1,4,-3
5393057,7775887,10,2,8
6460114,7245145,2,3,-1
6460114,7245145,10,2,8
4277112,6964522,1,7,-6
4277112,6964522,2,5,-3
4109363,5269054,1,1,0
4109363,5269054,2,8,-6
4109363,5269054,6,3,3
4109363,5269054,13,2,11
4928265,7210016,1,3,-2
4928265,7210016,4,2,2
4928265,7210016,6,9,-3
4568955,5339142,1,3,-2
4568955,5339142,9,6,3
5083376,5155914,4,1,3
5083376,5155914,5,12,-7
5083376,5155914,6,7,-1
5083376,5155914,10,2,8
4349598,5122902,1,1,0
4861041,7874902,2,3,-1
4861041,7874902,5,1,4
4861041,7874902,8,2,6
4861041,7874902,12,13,-1
6202054,7096003,12,9,3
4098719,6613186,2,3,-1
3956697,4491968,1,3,-2
4325026,4704577,1,1,0
4325026,4704577,2,2,0
6323910,7053959,2,1,1
6323910,7053959,5,3,2
6323910,7053959,8,8,0
4133749,8251226,5,1,4
4133749,8251226,8,11,-3
6209196,6648213,2,2,0
6209196,6648213,7,3,4
4597292,5042489,1,1,0
4078149,4676225,1,3,-2
4078149,4676225,3,2,1
4078149,4676225,10,11,-1
5264625,8178719,2,2,0
5264625,8178719,9,1,8
5611903,6572750,1,1,0
5611903,6572750,2,6,-4
6278138,7759762,2,12,-10
6278138,7759762,8,1,7
6278138,7759762,12,3,9
6856787,7174127,1,1,0
6856787,7174127,2,4,-2
6856787,7174127,3,2,1
4085845,7527147,1,1,0
6201539,6918091,2,3,-1
6201539,6918091,3,7,-4
6201539,6918091,5,5,0
5638915,7195119,1,1,0
5638915,7195119,2,2,0
5638915,7195119,3,3,0
7205762,7688071,2,1,1
7205762,7688071,4,10,-6
4818463,5075068,5,6,-1
4104131,7811455,1,1,0
4104131,7811455,11,5,6
4106822,4511186,2,12,-10
4520104,5063156,1,1,0
4520104,5063156,2,2,0
4520104,5063156,3,3,0
4520104,5063156,9,9,0
5414809,7644156,11,4,7
4997570,8409441,2,10,-8
4997570,8409441,3,2,1
5485925,7341156,9,4,5
5564541,6357570,3,1,2
5564541,6357570,4,8,-4
5564541,6357570,8,3,5
5564541,6357570,10,9,1
6471546,7044804,2,7,-5
6471546,7044804,4,1,3
6471546,7044804,10,6,4
6471546,7044804,12,13,-1
4164467,4364822,1,5,-4
4164467,4364822,4,3,1
6323489,7651632,1,1,0
4927990,8541707,3,1,2
4927990,8541707,10,7,3
6185678,7203963,10,4,6
5127905,8641675,1,4,-3
4033669,4261638,3,5,-2
4033669,4261638,8,1,7
4926327,8702101,4,1,3
4562968,8348556,2,4,-2
4177772,4466400,3,8,-5
4177772,4466400,6,2,4
4463749,7910392,3,1,2
6572824,8119363,2,2,0
6572824,8119363,4,13,-9
6572824,8119363,11,1,10
6573733,7429866,1,1,0
6573733,7429866,3,6,-3
6573733,7429866,4,2,2
6316254,8168589,3,8,-5
6316254,8168589,6,1,5
4533307,6488880,9,1,8
6264500,8267728,2,3,-1
6264500,8267728,7,9,-2
6264500,8267728,9,12,-3
4672631,5285475,8,3,5
4053953,7104996,10,10,0
6626658,8740610,1,13,-12
6626658,8740610,2,1,1
6538603,8620247,6,8,-2
6538603,8620247,13,5,8
7341801,8125768,4,1,3
7341801,8125768,6,10,-4
7018954,7684839,1,3,-2
7018954,7684839,7,4,3
5409015,7488338,10,3,7
5323352,6601156,4,9,-5
5323352,6601156,8,1,7
6456256,7848817,3,3,0
6456256,7848817,4,4,0
4120554,4365859,1,11,-10
4120554,4365859,2,2,0
4120554,4365859,12,8,4
6480783,8660780,2,2,0
6331933,7719835,1,4,-3
6331933,7719835,8,1,7
6963557,8068587,1,10,-9
6922311,7660080,4,9,-5
6922311,7660080,9,5,4
6922311,7660080,10,3,7
4435242,4803819,13,12,1
4801754,5012008,3,3,0
4801754,5012008,6,6,0
4801754,5012008,10,4,6
4801754,5012008,13,7,6
6718095,8009948,1,5,-4
6718095,8009948,5,7,-2
6718095,8009948,12,13,-1
4606325,8243040,1,6,-5
4606325,8243040,6,9,-3
6120459,8657755,2,1,1
6120459,8657755,8,5,3
7041096,7766905,1,3,-2
7041096,7766905,7,7,0
7041096,7766905,9,12,-3
4548881,5260148,1,11,-10
4548881,5260148,3,1,2
4548881,5260148,5,3,2
4548881,5260148,6,2,4
4548881,5260148,7,4,3
4548881,5260148,10,8,2
3969932,7111450,9,1,8
7505969,8041700,1,4,-3
7505969,8041700,2,2,0
7505969,8041700,5,5,0
7505969,8041700,6,10,-4
4803997,5335666,2,2,0
4803997,5335666,8,1,7
4803997,5335666,9,4,5
4803997,5335666,10,6,4
4315759,7087101,4,1,3
4315759,7087101,6,8,-2
4130904,6520986,6,5,1
5198029,7722722,6,3,3
6220730,6561653,6,1,5
6853477,7733559,1,1,0
6853477,7733559,3,2,1
6615303,7519806,1,10,-9
6615303,7519806,2,7,-5
6615303,7519806,3,5,-2
4200104,6544258,2,7,-5
4200104,6544258,4,13,-9
4200104,6544258,6,1,5
4200104,6544258,11,2,9
5416091,7135483,11,6,5
5416091,7135483,13,13,0
4017663,4643957,6,3,3
4017663,4643957,7,8,-1
6162501,7666474,10,8,2
4936748,8297039,5,4,1
4936748,8297039,7,8,-1
4936748,8297039,13,1,12
5155492,6094161,1,5,-4
5155492,6094161,10,12,-2
5486335,8030061,10,9,1
5304178,6478796,2,1,1
7899294,8687931,1,1,0
7899294,8687931,7,4,3
7899294,8687931,9,7,2
7899294,8687931,13,5,8
5010356,5407709,8,11,-3
5114609,6179927,10,7,3
6287124,7902446,1,10,-9
4636858,7992169,13,8,5
6560320,8625756,1,4,-3
6630333,7115406,5,2,3
6630333,7115406,6,11,-5
6630333,7115406,8,13,-5
5088981,8340792,2,10,-8
5088981,8340792,7,2,5
4056755,4939412,1,3,-2
4056755,4939412,2,5,-3
4056755,4939412,3,7,-4
4056755,4939412,4,4,0
4056755,4939412,8,10,-2
5267558,7278422,6,4,2
7722130,8393430,1,2,-1
7722130,8393430,4,11,-7
7722130,8393430,7,3,4
7722130,8393430,8,9,-1
7542099,8111334,1,4,-3
7542099,8111334,3,12,-9
7542099,8111334,4,2,2
7542099,8111334,6,5,1
6440281,8217299,3,2,1
4808113,7044773,1,2,-1
4808113,7044773,2,5,-3
4808113,7044773,3,6,-3
4808113,7044773,5,1,4
6068644,8142471,1,4,-3
6068644,8142471,2,1,1
6068644,8142471,3,3,0
6068644,8142471,4,6,-2
6068644,8142471,9,5,4
6068644,8142471,12,11,1
6068644,8142471,13,12,1
7350178,7782087,7,7,0
5654307,8193182,4,2,2
5654307,8193182,8,8,0
5654307,8193182,11,11,0
7491431,8119040,4,6,-2
7491431,8119040,6,7,-1
4952868,5424649,1,2,-1
4952868,5424649,13,1,12
4981499,5250088,3,12,-9
4981499,5250088,10,1,9
4981499,5250088,13,13,0
5067622,8162655,1,6,-5
6622421,7395628,1,4,-3
6622421,7395628,6,9,-3
6622421,7395628,7,12,-5
5366012,7004251,6,1,5
5599291,8088170,1,1,0
5599291,8088170,2,2,0
5599291,8088170,6,7,-1
5599291,8088170,10,8,2
5599291,8088170,13,5,8
6065296,6945064,3,1,2
6575047,7198583,3,11,-8
6575047,7198583,7,7,0
6097568,7085098,1,1,0
6097568,7085098,11,9,2
5415655,7389024,1,1,0
6981105,8185355,1,3,-2
6981105,8185355,7,5,2
6908401,7850540,1,2,-1
6908401,7850540,2,1,1
6908401,7850540,3,5,-2
4969118,7730287,1,13,-12
4912257,6531101,3,3,0
4912257,6531101,6,11,-5
4912257,6531101,11,10,1
4675978,6329229,13,1,12
5616819,6291730,7,9,-2
6392565,7205934,11,7,4
5432015,6952080,1,3,-2
5432015,6952080,5,13,-8
5432015,6952080,7,6,1
6600975,8160560,4,7,-3
6600975,8160560,10,6,4
6600975,8160560,12,1,11
7274897,8027616,1,2,-1
7274897,8027616,2,4,-2
7274897,8027616,3,1,2
7274897,8027616,5,3,2
7274897,8027616,7,11,-4
6514718,8293538,13,11,2
4402602,4696569,2,10,-8
4402602,4696569,3,6,-3
4977892,7423193,1,4,-3
4977892,7423193,2,6,-4
4977892,7423193,6,2,4
4906101,5331177,1,1,0
4906101,5331177,4,3,1
8146270,8650774,1,1,0
8146270,8650774,2,2,0
8146270,8650774,3,3,0
8146270,8650774,4,4,0
8146270,8650774,5,5,0
8146270,8650774,6,6,0
8146270,8650774,7,7,0
8146270,8650774,8,8,0
8146270,8650774,9,9,0
8146270,8650774,10,10,0
8146270,8650774,11,11,0
8146270,8650774,12,12,0
8146270,8650774,13,13,0
5572354,7349144,1,2,-1
5572354,7349144,2,5,-3
5572354,7349144,5,6,-1
6390598,7641308,2,2,0
6390598,7641308,4,1,3
6390598,7641308,5,12,-7
6390598,7641308,6,3,3
6390598,7641308,8,13,-5
6577634,7535826,1,7,-6
6577634,7535826,2,13,-11
6577634,7535826,6,1,5
6577634,7535826,9,9,0
4812305,6261593,8,7,1
4762743,4929329,6,6,0
5448250,7126539,2,7,-5
5448250,7126539,4,10,-6
5448250,7126539,5,1,4
5448250,7126539,8,11,-3
5448250,7126539,10,3,7
6097130,7888829,4,10,-6
6097130,7888829,9,3,6
6097130,7888829,12,6,6
6852915,7880069,2,6,-4
6852915,7880069,3,3,0
6852915,7880069,5,2,3
6852915,7880069,7,8,-1
6852915,7880069,8,12,-4
6852915,7880069,9,5,4
6852915,7880069,13,13,0
5357523,7078926,3,3,0
6509521,7687717,2,2,0
6509521,7687717,3,12,-9
6509521,7687717,5,5,0
6509521,7687717,6,13,-7
6509521,7687717,11,6,5
4022032,4793154,5,2,3
4022032,4793154,6,3,3
4022032,4793154,7,4,3
7536517,8566524,1,3,-2
7536517,8566524,2,5,-3
7536517,8566524,3,4,-1
7536517,8566524,6,12,-6
5079080,5652050,3,1,2
5079080,5652050,8,3,5
7779270,8756435,2,7,-5
7779270,8756435,3,8,-5
7779270,8756435,4,1,3
4217046,4519692,1,1,0
4217046,4519692,3,4,-1
4217046,4519692,4,2,2
4217046,4519692,9,10,-1
6968507,8316003,3,2,1
7466365,8525935,1,1,0
7466365,8525935,2,2,0
7466365,8525935,3,3,0
7466365,8525935,4,4,0
7466365,8525935,5,5,0
7466365,8525935,6,6,0
7466365,8525935,7,7,0
7466365,8525935,8,8,0
7466365,8525935,9,9,0
7466365,8525935,10,10,0
7466365,8525935,11,11,0
7466365,8525935,12,12,0
7466365,8525935,13,13,0
4458316,7631094,2,2,0
4458316,7631094,11,11,0
5049634,8613834,13,11,2
6233231,7012886,9,1,8
7692418,8698479,1,12,-11
7692418,8698479,4,2,2
7692418,8698479,5,9,-4
7692418,8698479,9,4,5
5623637,8195904,7,6,1
5623637,8195904,8,1,7
7216137,8458702,2,1,1
7216137,8458702,5,3,2
7216137,8458702,12,6,6
7172038,8162079,13,9,4
6348530,8080488,1,6,-5
6348530,8080488,5,11,-6
6348530,8080488,8,3,5
6511426,8747319,1,4,-3
6511426,8747319,3,6,-3
6511426,8747319,4,1,3
5032339,8268439,2,5,-3
6280230,8187017,2,2,0
6280230,8187017,3,4,-1
6280230,8187017,12,9,3
4178669,6125680,10,8,2
6160454,7348856,1,1,0
6160454,7348856,5,2,3
5019649,6162797,5,9,-4
5019649,6162797,6,11,-5
5019649,6162797,7,12,-5
7136856,8452733,11,1,10
6647257,7254384,2,5,-3
6647257,7254384,5,2,3
6314476,8464330,4,3,1
6314476,8464330,11,1,10
4460279,6254268,3,6,-3
5328644,6685996,5,10,-5
5328644,6685996,9,2,7
5328644,6685996,10,4,6
5328644,6685996,12,7,5
5328644,6685996,13,11,2
6064766,7715630,5,8,-3
4618112,5163641,7,1,6
5011559,8555943,2,5,-3
5011559,8555943,3,1,2
5011559,8555943,12,4,8
5306888,8680422,2,8,-6
5306888,8680422,10,2,8
5306888,8680422,11,1,10
5594557,7733478,3,7,-4
5594557,7733478,11,1,10
5647019,6278460,1,3,-2
5647019,6278460,2,2,0
5458496,7661987,4,6,-2
6172991,8077729,1,9,-8
6172991,8077729,3,2,1
6172991,8077729,4,4,0
6172991,8077729,7,8,-1
5325093,6570941,10,11,-1
5325093,6570941,12,1,11
5208657,5365097,1,2,-1
5208657,5365097,3,1,2
5208657,5365097,4,11,-7
5208657,5365097,6,6,0
5208657,5365097,8,10,-2
5208657,5365097,9,4,5
5651885,6461515,1,5,-4
5651885,6461515,4,4,0
4020223,5214102,2,1,1
4846692,6074212,1,3,-2
4846692,6074212,7,2,5
6100567,8687417,2,9,-7
6100567,8687417,9,11,-2
6100567,8687417,12,2,10
5358739,7095088,4,9,-5
5358739,7095088,11,5,6
5208762,8479988,1,6,-5
4866687,6498772,3,8,-5
4866687,6498772,7,12,-5
4362531,5155023,4,9,-5
7546324,8326915,6,5,1
4901497,5651913,10,6,4
4901497,5651913,11,4,7
6392208,8170685,3,2,1
5025364,8615679,7,4,3
4606360,6524179,1,1,0
4606360,6524179,12,10,2
4774204,5198372,1,7,-6
4774204,5198372,2,1,1
4774204,5198372,4,11,-7
5013205,5540540,1,1,0
5013205,5540540,3,5,-2
5013205,5540540,5,4,1
5588272,6669405,1,1,0
5588272,6669405,3,2,1
4918838,6408543,6,3,3
4918838,6408543,12,8,4
5142677,8060903,3,7,-4
5330360,8102662,3,4,-1
4280480,8360052,6,10,-4
4280480,8360052,9,1,8
6853851,7574213,12,1,11
4690807,8353980,1,9,-8
4690807,8353980,2,11,-9
4690807,8353980,7,2,5
4690807,8353980,10,12,-2
4690807,8353980,11,6,5
5375905,7549247,2,9,-7
5375905,7549247,5,10,-5
5375905,7549247,8,13,-5
5375905,7549247,11,5,6
6661940,7120327,2,2,0
6661940,7120327,5,1,4
6661940,7120327,11,11,0
4953361,7441589,1,1,0
4953361,7441589,2,3,-1
4953361,7441589,3,12,-9
4953361,7441589,5,6,-1
4953361,7441589,8,4,4
6461179,8690611,1,2,-1
6461179,8690611,9,6,3
7041057,8744545,1,1,0
7041057,8744545,11,8,3
6443126,7292932,1,1,0
6443126,7292932,2,2,0
6443126,7292932,13,10,3
4713060,6669673,12,11,1
4713060,6669673,13,5,8
5360780,7335407,1,6,-5
5360780,7335407,3,11,-8
4307754,4456034,10,2,8
5057774,7949495,10,10,0
5374964,5581307,9,9,0
5534712,7608848,1,7,-6
5261664,7125344,1,1,0
5261664,7125344,2,3,-1
5261664,7125344,3,8,-5
5261664,7125344,5,11,-6
6643124,8711566,3,6,-3
4263795,5141272,1,1,0
4263795,5141272,2,3,-1
4263795,5141272,7,6,1
4263795,5141272,9,2,7
4289144,8285376,4,9,-5
4289144,8285376,7,5,2
4289144,8285376,10,2,8
5440277,5631600,6,4,2
5440277,5631600,7,5,2
7734419,8725317,5,2,3
4485486,4704734,1,8,-7
4485486,4704734,7,5,2
4485486,4704734,10,1,9
4485486,4704734,12,7,5
4433392,4958377,8,1,7
6643801,8543280,1,1,0
6643801,8543280,7,3,4
6643801,8543280,11,6,5
6137793,7120123,1,1,0
6137793,7120123,2,2,0
6137793,7120123,12,5,7
6137793,7120123,13,4,9
7232687,8262990,2,9,-7
7232687,8262990,12,8,4
6190542,8142645,1,10,-9
6231616,8475537,3,3,0
6231616,8475537,4,4,0
6231616,8475537,6,7,-1
6353897,7165241,2,2,0
6331893,8360987,1,2,-1
6331893,8360987,7,12,-5
6331893,8360987,10,6,4
6288835,7215858,4,3,1
6288835,7215858,6,2,4
6288835,7215858,7,11,-4
7125481,7862520,6,6,0
4674089,5375228,1,5,-4
4674089,5375228,12,11,1
5493621,6480617,2,6,-4
5493621,6480617,12,8,4
5454528,6433962,1,3,-2
5454528,6433962,6,9,-3
5454528,6433962,7,10,-3
4550322,6582051,3,9,-6
5072910,7718878,1,5,-4
5072910,7718878,5,1,4
4030897,4908048,1,1,0
4030897,4908048,2,3,-1
4030897,4908048,5,2,3
4030897,4908048,12,8,4
4030897,4908048,13,10,3
6605826,8525183,2,1,1
6605826,8525183,6,2,4
6605826,8525183,7,3,4
4724419,4901078,9,1,8
4724419,4901078,11,3,8
6182499,8713711,7,10,-3
6182499,8713711,11,6,5
5289371,8249230,8,12,-4
4844472,4974853,3,1,2
4844472,4974853,7,2,5
4855098,6503077,1,1,0
4371600,4869982,8,6,2
4371600,4869982,10,13,-3
3973197,4039784,1,11,-10
6211515,6643406,2,1,1
6211515,6643406,13,2,11
4248432,6482345,1,3,-2
4248432,6482345,3,4,-1
6123890,7592120,1,11,-10
4322031,5231722,4,1,3
4322031,5231722,6,2,4
4322031,5231722,7,3,4
6243515,6885682,1,3,-2
6243515,6885682,4,1,3
6243515,6885682,13,2,11
7613364,8054380,3,2,1
7613364,8054380,5,11,-6
5518004,6949111,6,11,-5
5288612,6121035,1,2,-1
5288612,6121035,5,10,-5
5288612,6121035,13,4,9
4158229,4488250,12,5,7
7467740,8746529,6,1,5
7467740,8746529,10,2,8
3954537,4128682,1,5,-4
3954537,4128682,5,7,-2
3954537,4128682,8,3,5
4911101,7286585,3,5,-2
4752024,8752749,9,9,0
6310616,7123227,2,6,-4
6310616,7123227,3,10,-7
6310616,7123227,5,1,4
6310616,7123227,8,5,3
6310616,7123227,12,13,-1
7187992,7379784,3,9,-6
7187992,7379784,7,6,1
5485197,6647411,13,12,1
7108246,8434979,2,2,0
7108246,8434979,3,1,2
7108246,8434979,4,8,-4
7108246,8434979,5,4,1
4635467,5451321,8,6,2
4635467,5451321,13,1,12
7340714,8418136,5,3,2
4365238,6950019,1,9,-8
5293584,7725321,6,4,2
4039475,4499250,1,2,-1
4039475,4499250,2,5,-3
4039475,4499250,4,3,1
6119005,8559344,2,3,-1
6119005,8559344,3,11,-8
6119005,8559344,5,2,3
6784137,8268753,6,8,-2
6784137,8268753,12,7,5
5635101,7270767,1,7,-6
5635101,7270767,2,10,-8
5635101,7270767,8,3,5
5635101,7270767,9,5,4
4166368,7657982,1,1,0
4166368,7657982,7,6,1
5415321,6497083,1,1,0
5415321,6497083,3,3,0
5415321,6497083,8,10,-2
5415321,6497083,10,11,-1
5305017,8169238,6,6,0
5305017,8169238,11,7,4
4921930,5281482,12,2,10
6304123,8497724,3,10,-7
6304123,8497724,7,11,-4
6304123,8497724,12,5,7
6317827,7711989,2,2,0
5343395,8059030,7,4,3
5338356,7066999,1,2,-1
5338356,7066999,2,3,-1
5338356,7066999,3,5,-2
5338356,7066999,9,13,-4
5338356,7066999,11,10,1
6920708,7549242,3,2,1
6988261,8074231,9,4,5
4986354,7833944,9,6,3
4877504,5296122,6,1,5
4877504,5296122,11,10,1
4877504,5296122,12,13,-1
6100107,8152477,7,12,-5
4316262,5252968,2,3,-1
6202883,6414503,11,9,2
4749997,7728770,3,1,2
4749997,7728770,8,3,5
4749997,7728770,12,2,10
7279587,8613507,1,13,-12
6148361,8645596,1,5,-4
6148361,8645596,4,13,-9
6148361,8645596,12,4,8
7238959,8178387,3,4,-1
7238959,8178387,4,7,-3
7238959,8178387,5,3,2
7238959,8178387,7,2,5
4596807,7723334,3,12,-9
4596807,7723334,4,7,-3
4596807,7723334,10,4,6
4307601,4362052,1,1,0
4307601,4362052,9,12,-3
4979207,7149292,2,1,1
4979207,7149292,5,2,3
4983232,6120620,2,8,-6
4983232,6120620,9,5,4
4983232,6120620,10,2,8
4983232,6120620,12,3,9
6510772,7013884,11,4,7
7164842,8506153,1,2,-1
7164842,8506153,2,3,-1
5125996,8382947,1,4,-3
4780553,7956118,5,11,-6
4262835,5123582,1,1,0
4903308,7412065,1,1,0
4903308,7412065,2,5,-3
6943703,8060109,4,10,-6
5500737,8718975,5,9,-4
6561764,7334331,1,3,-2
4745099,6987006,5,6,-1
6200863,7078328,6,5,1
6200863,7078328,10,1,9
4230186,7794177,1,1,0
6646339,8102037,1,11,-10
6646339,8102037,2,3,-1
6646339,8102037,3,5,-2
6646339,8102037,4,7,-3
6646339,8102037,5,10,-5
6646339,8102037,11,12,-1
4845700,5245602,1,1,0
4845700,5245602,2,8,-6
4845700,5245602,3,3,0
4845700,5245602,6,6,0
4845700,5245602,8,5,3
4845700,5245602,10,4,6
4845700,5245602,11,10,1
4834222,5042624,2,4,-2
4834222,5042624,3,3,0
4834222,5042624,5,1,4
4834222,5042624,8,11,-3
4834222,5042624,11,6,5
6171267,7308304,10,3,7
4034803,6497199,1,7,-6
4034803,6497199,5,3,2
6509828,7659819,8,10,-2
4658085,7880068,3,2,1
5246791,7700521,2,7,-5
5246791,7700521,3,11,-8
5246791,7700521,4,6,-2
6520255,8118098,3,2,1
6520255,8118098,11,12,-1
7455294,8505914,5,1,4
7455294,8505914,13,8,5
5574641,6131063,2,4,-2
5574641,6131063,8,6,2
5574641,6131063,11,2,9
5574641,6131063,12,7,5
4356065,8489308,1,11,-10
4356065,8489308,13,13,0
7971257,8719352,4,5,-1
4398785,6179669,5,5,0
4398785,6179669,6,2,4
4398785,6179669,11,6,5
7354291,7862365,2,9,-7
7354291,7862365,11,2,9
5441904,6069061,1,1,0
5441904,6069061,2,2,0
5441904,6069061,3,3,0
5441904,6069061,8,6,2
5441904,6069061,13,11,2
4123673,7824400,9,12,-3
4240408,4718890,2,12,-10
4240408,4718890,3,1,2
4240408,4718890,4,5,-1
4240408,4718890,5,2,3
4240408,4718890,6,10,-4
4240408,4718890,7,6,1
4181347,4909557,3,8,-5
4181347,4909557,9,2,7
6452247,7061359,1,2,-1
7220983,7687307,2,3,-1
7220983,7687307,3,6,-3
7220983,7687307,4,8,-4
4496785,4803184,4,3,1
4496785,4803184,10,8,2
6226161,7212386,1,13,-12
6226161,7212386,4,1,3
6226161,7212386,10,8,2
7060825,8658652,2,1,1
7060825,8658652,11,12,-1
5375216,7401201,6,1,5
5375216,7401201,9,5,4
4312572,5245475,1,2,-1
4312572,5245475,2,6,-4
4312572,5245475,4,4,0
4312572,5245475,9,8,1
4312572,5245475,12,11,1
4995661,6196601,2,11,-9
4995661,6196601,6,2,4
4995661,6196601,10,12,-2
4995661,6196601,11,7,4
4403405,4818217,9,11,-2
4403405,4818217,10,5,5
7358476,7701590,4,10,-6
7358476,7701590,7,2,5
7358476,7701590,9,9,0
5554459,8580430,2,5,-3
5554459,8580430,12,8,4
4550080,4757005,1,1,0
4550080,4757005,2,6,-4
5575817,7780720,2,2,0
5575817,7780720,12,4,8
4261411,7806461,3,2,1
6130963,7664177,4,2,2
6130963,7664177,7,9,-2
3966006,6161858,12,9,3
5602918,7341181,7,7,0
5602918,7341181,13,3,10
6933098,7905977,3,1,2
6538909,8599577,1,5,-4
6538909,8599577,9,4,5
5572849,6523327,1,3,-2
5572849,6523327,2,1,1
5572849,6523327,4,2,2
5572849,6523327,12,8,4
5572849,6523327,13,9,4
5313114,7034579,8,1,7
6986525,8262123,1,6,-5
6986525,8262123,3,9,-6
6986525,8262123,7,1,6
6986525,8262123,8,7,1
5278902,7397878,2,3,-1
5278902,7397878,5,7,-2
5278902,7397878,8,8,0
5278902,7397878,11,2,9
6251757,7449380,4,2,2
6251757,7449380,8,4,4
6247091,7657678,5,2,3
6606556,8547222,3,4,-1
6606556,8547222,7,10,-3
6606556,8547222,9,1,8
6199601,7584593,1,1,0
6199601,7584593,7,12,-5
7427430,7955533,6,2,4
7427430,7955533,8,12,-4
7427430,7955533,10,1,9
4539538,4816792,1,7,-6
4539538,4816792,2,11,-9
4539538,4816792,11,1,10
5306662,7915636,7,3,4
5306662,7915636,12,7,5
5496314,8475447,6,1,5
4426867,6505489,2,1,1
5528158,6876215,3,2,1
5528158,6876215,4,3,1
5528158,6876215,5,4,1
5093926,7440416,2,6,-4
5093926,7440416,5,2,3
5423740,7842055,1,13,-12
6074917,6458677,1,2,-1
6074917,6458677,3,3,0
6074917,6458677,10,5,5
4367131,4595568,4,11,-7
4367131,4595568,7,7,0
6313205,7723409,2,2,0
6313205,7723409,3,11,-8
6313205,7723409,8,1,7
6519486,8744543,5,1,4
7434111,8498151,2,2,0
7434111,8498151,6,4,2
4224329,4672117,5,9,-4
5351979,6425598,1,3,-2
3946234,7639785,9,4,5
3946234,7639785,13,10,3
5017292,5240615,1,5,-4
5017292,5240615,8,7,1
3999614,4716667,9,1,8
3999614,4716667,12,11,1
6202026,6292745,13,8,5
4114588,4167931,2,3,-1
4114588,4167931,3,1,2
4114588,4167931,7,7,0
4114588,4167931,9,2,7
6081774,7809570,1,5,-4
6081774,7809570,2,1,1
6081774,7809570,4,4,0
5228046,7530008,1,3,-2
5228046,7530008,2,8,-6
4448547,7326365,2,2,0
4258286,4414486,1,1,0
4258286,4414486,2,7,-5
4258286,4414486,4,3,1
7238555,7691698,3,6,-3
7238555,7691698,11,8,3
7238555,7691698,12,9,3
8305706,8699178,1,1,0
8305706,8699178,2,2,0
8305706,8699178,3,3,0
8305706,8699178,4,4,0
8305706,8699178,5,6,-1
8305706,8699178,6,5,1
8305706,8699178,7,7,0
8305706,8699178,8,8,0
8305706,8699178,9,9,0
8305706,8699178,10,11,-1
8305706,8699178,11,10,1
8305706,8699178,12,12,0
8305706,8699178,13,13,0
6134806,8187533,2,4,-2
3986113,7394238,8,4,4
3986113,7394238,10,3,7
3986113,7394238,12,2,10
7769384,8493936,1,1,0
7769384,8493936,13,6,7
6014386,7680255,4,3,1
5087961,6846704,1,2,-1
5087961,6846704,2,4,-2
5087961,6846704,5,1,4
5087961,6846704,7,3,4
5087961,6846704,12,10,2
6013613,7053032,1,2,-1
6013613,7053032,3,8,-5
6013613,7053032,4,1,3
6013613,7053032,7,4,3
6640415,7504842,2,2,0
6640415,7504842,5,5,0
6640415,7504842,8,3,5
7580958,7664787,12,11,1
4866438,6646590,2,6,-4
4866438,6646590,6,5,1
6878954,7375361,2,7,-5
6878954,7375361,11,2,9
4553077,4700118,1,2,-1
6668188,8388555,1,4,-3
6385209,7613110,2,3,-1
6385209,7613110,9,12,-3
6903598,7145346,1,1,0
6903598,7145346,2,3,-1
6903598,7145346,6,11,-5
6903598,7145346,8,7,1
5429855,5580652,1,2,-1
5429855,5580652,3,1,2
5429855,5580652,8,6,2
5429855,5580652,10,8,2
5429855,5580652,12,10,2
5074316,5339831,1,8,-7
5074316,5339831,2,5,-3
5074316,5339831,3,1,2
5074316,5339831,4,7,-3
5074316,5339831,10,6,4
6258257,7582203,7,7,0
6258257,7582203,8,13,-5
4431244,7727002,3,5,-2
4431244,7727002,7,9,-2
4431244,7727002,13,11,2
4913991,5279915,1,1,0
4913991,5279915,11,5,6
3994451,8590961,9,2,7
6654859,8274521,1,4,-3
6654859,8274521,3,3,0
6654859,8274521,5,2,3
6654859,8274521,8,5,3
6654859,8274521,9,12,-3
4297393,4910049,2,9,-7
4297393,4910049,6,6,0
7010538,8478875,2,3,-1
7010538,8478875,7,6,1
7199938,7642525,1,1,0
7199938,7642525,2,3,-1
7199938,7642525,4,4,0
7199938,7642525,5,6,-1
7199938,7642525,9,9,0
7199938,7642525,10,7,3
7199938,7642525,11,2,9
7001531,8591747,3,2,1
7001531,8591747,4,13,-9
7001531,8591747,5,4,1
7001531,8591747,6,1,5
7001531,8591747,12,11,1
5555264,8259689,1,8,-7
5555264,8259689,4,10,-6
5124912,7707256,2,1,1
5124912,7707256,5,3,2
5124912,7707256,8,7,1
5124912,7707256,9,4,5
5020778,5340379,1,1,0
5020778,5340379,2,7,-5
5020778,5340379,3,3,0
5020778,5340379,5,8,-3
5020778,5340379,9,2,7
5020778,5340379,13,10,3
5493237,6441485,8,9,-1
5493237,6441485,9,2,7
6915454,7712022,1,13,-12
5412349,6664860,8,2,6
5412349,6664860,13,1,12
4117802,7142756,1,4,-3
6669442,8245518,4,3,1
4566384,4709632,1,3,-2
5415334,8747238,2,11,-9
5415334,8747238,6,5,1
6013085,7244243,2,1,1
6532961,7461656,5,7,-2
4979975,8179595,3,4,-1
6593740,7466128,2,3,-1
6593740,7466128,9,6,3
5110810,7456161,1,1,0
5110810,7456161,8,2,6
5254191,6258192,2,7,-5
5254191,6258192,12,13,-1
4712994,5275546,1,11,-10
6528423,7144606,1,3,-2
6528423,7144606,6,1,5
4239577,5079332,3,4,-1
5081756,6297629,1,1,0
5081756,6297629,2,4,-2
5081756,6297629,3,3,0
4792712,7946591,3,8,-5
6652943,7186364,7,4,3
4549505,4632178,2,2,0
4549505,4632178,13,11,2
6514252,8361071,3,2,1
5386614,8600567,1,1,0
5386614,8600567,7,4,3
5386614,8600567,12,8,4
7368829,8432058,2,11,-9
7368829,8432058,4,1,3
7368829,8432058,8,7,1
7368829,8432058,9,8,1
5179731,7076011,4,13,-9
5179731,7076011,6,3,3
6140630,7071020,7,4,3
6140630,7071020,11,6,5
7586898,8712029,1,1,0
7586898,8712029,11,2,9
6341304,7188161,8,2,6
6341304,7188161,10,10,0
4022728,4207220,1,3,-2
4022728,4207220,4,1,3
4022728,4207220,5,2,3
4022728,4207220,8,12,-4
3943330,5267584,1,10,-9
3943330,5267584,5,12,-7
3943330,5267584,13,6,7
4630550,5451115,2,6,-4
4630550,5451115,5,7,-2
4916980,5342258,1,3,-2
5304787,7490774,1,9,-8
5304787,7490774,2,13,-11
5304787,7490774,3,5,-2
5645068,8108046,11,6,5
5154674,8007387,2,1,1
5154674,8007387,8,11,-3
5652868,6999913,3,4,-1
5652868,6999913,7,13,-6
5652868,6999913,10,3,7
7043693,7386840,2,3,-1
6501433,8537068,5,5,0
6501433,8537068,11,1,10
4124750,6476109,4,3,1
4124750,6476109,5,9,-4
4124750,6476109,6,6,0
4124750,6476109,7,13,-6
5107459,6222275,2,3,-1
5107459,6222275,5,2,3
5107459,6222275,6,9,-3
5107459,6222275,7,11,-4
5107459,6222275,8,12,-4
6468402,8092660,1,2,-1
6468402,8092660,5,9,-4
6468402,8092660,12,8,4
4349133,7278554,1,1,0
4349133,7278554,9,7,2
7302396,8473084,1,1,0
7302396,8473084,9,5,4
3972443,7546933,1,7,-6
3972443,7546933,5,13,-8
3972443,7546933,10,10,0
4290869,7816435,4,3,1
7104257,7765984,2,1,1
7047170,8731887,2,3,-1
3979016,5570783,2,6,-4
6885602,7460389,1,2,-1
6885602,7460389,2,6,-4
6885602,7460389,6,1,5
6885602,7460389,8,3,5
6885602,7460389,9,11,-2
8066059,8210250,1,1,0
8066059,8210250,2,2,0
8066059,8210250,3,3,0
8066059,8210250,4,4,0
8066059,8210250,5,5,0
8066059,8210250,6,6,0
8066059,8210250,7,7,0
8066059,8210250,8,8,0
8066059,8210250,9,9,0
8066059,8210250,10,10,0
8066059,8210250,11,11,0
8066059,8210250,12,12,0
8066059,8210250,13,13,0
5379540,6282825,3,1,2
6548967,7168828,2,3,-1
4721849,5233169,1,5,-4
4721849,5233169,2,10,-8
4721849,5233169,7,13,-6
4744364,8439944,2,3,-1
4744364,8439944,9,12,-3
4866421,5594919,10,12,-2
5027689,5276272,1,5,-4
5027689,5276272,8,1,7
5264715,7369583,2,9,-7
5264715,7369583,7,8,-1
5264715,7369583,8,4,4
4979234,5638204,2,4,-2
4979234,5638204,3,2,1
4979234,5638204,7,7,0
4103231,8278909,1,1,0
5103437,5574705,2,2,0
5103437,5574705,12,4,8
6207504,7075832,5,13,-8
6207504,7075832,10,1,9
6207504,7075832,11,5,6
6965302,8188855,3,1,2
6965302,8188855,4,10,-6
6965302,8188855,5,9,-4
6965302,8188855,6,7,-1
6382506,7823777,2,1,1
7747409,8155882,1,1,0
7747409,8155882,2,2,0
5274516,6488462,2,3,-1
4177418,6891303,8,1,7
4177418,6891303,13,11,2
6355854,7122493,6,2,4
5520243,7281569,1,5,-4
5520243,7281569,8,4,4
6118435,8692815,1,1,0
4985766,7486212,1,3,-2
4985766,7486212,9,4,5
4336650,4490907,2,5,-3
4336650,4490907,3,1,2
4336650,4490907,5,9,-4
4336650,4490907,6,2,4
4336650,4490907,9,11,-2
4671445,5197649,1,1,0
4671445,5197649,2,2,0
4671445,5197649,3,8,-5
4671445,5197649,6,3,3
4671445,5197649,8,4,4
6357021,6880149,5,6,-1
7009805,7298579,4,6,-2
7009805,7298579,11,8,3
7009805,7298579,13,1,12
6449473,8688087,4,13,-9
6349297,6424989,3,1,2
4558417,5095437,1,1,0
4558417,5095437,8,3,5
4558417,5095437,11,2,9
5304115,8546999,3,9,-6
5304115,8546999,10,1,9
4795498,5180440,1,1,0
4795498,5180440,3,11,-8
4795498,5180440,13,8,5
6363824,7712699,2,1,1
6363824,7712699,4,7,-3
6363824,7712699,7,3,4
6363824,7712699,9,11,-2
6363824,7712699,10,2,8
6363824,7712699,12,5,7
5061571,6517762,1,3,-2
5061571,6517762,2,2,0
5061571,6517762,4,4,0
5404157,7706120,1,1,0
5404157,7706120,10,2,8
4450153,5563042,2,1,1
4759756,8545475,11,1,10
5212350,6484392,1,5,-4
5212350,6484392,4,4,0
5212350,6484392,6,1,5
5212350,6484392,11,3,8
4000417,4741043,5,7,-2
7347458,7503596,1,1,0
7347458,7503596,2,8,-6
7347458,7503596,3,2,1
7347458,7503596,5,3,2
7347458,7503596,9,11,-2
7347458,7503596,10,5,5
7347458,7503596,11,13,-2
5091442,8156718,2,2,0
5091442,8156718,8,4,4
5167353,5386961,2,3,-1
5167353,5386961,6,6,0
4988731,7713550,1,1,0
4988731,7713550,2,7,-5
4988731,7713550,5,2,3
4988731,7713550,8,13,-5
4953292,7262385,13,3,10
4390385,5212009,1,1,0
4390385,5212009,2,11,-9
4390385,5212009,5,9,-4
4390385,5212009,6,3,3
4390385,5212009,8,5,3
4816659,7126755,8,5,3
4085762,4389946,1,2,-1
6253061,8452272,4,1,3
6253061,8452272,13,5,8
6561339,7937184,2,8,-6
6561339,7937184,5,6,-1
6561339,7937184,10,3,7
5096004,7306059,5,4,1
6922063,7721609,1,8,-7
4883660,8067399,13,1,12
6967103,8123841,1,6,-5
5090522,7350333,1,1,0
5102527,5395505,3,6,-3
5102527,5395505,9,8,1
5072367,7509303,4,4,0
5072367,7509303,11,3,8
5072367,7509303,12,8,4
5371778,6236875,8,13,-5
6896766,8282776,5,5,0
6896766,8282776,7,3,4
6896766,8282776,8,11,-3
6896766,8282776,9,6,3
5593571,7267793,5,12,-7
5593571,7267793,6,1,5
5160334,5324288,1,5,-4
4920195,5583206,3,1,2
5230523,5582462,5,1,4
7339793,8139355,3,7,-4
7339793,8139355,5,3,2
7339793,8139355,10,1,9
7318851,7708797,2,5,-3
6188610,7730232,9,2,7
6188610,7730232,11,4,7
6559769,7716048,8,6,2
7056208,8491390,2,4,-2
7056208,8491390,5,1,4
5104512,7651599,2,11,-9
3960428,8313353,1,2,-1
3960428,8313353,4,13,-9
6595956,7998117,1,1,0
6595956,7998117,2,2,0
6595956,7998117,3,3,0
6595956,7998117,4,4,0
6595956,7998117,5,5,0
6595956,7998117,6,6,0
6595956,7998117,7,7,0
6595956,7998117,8,8,0
6595956,7998117,9,9,0
6595956,7998117,10,10,0
6595956,7998117,11,11,0
7281925,8535358,3,3,0
7281925,8535358,5,4,1
7281925,8535358,7,2,5
4621697,8496069,3,2,1
4621697,8496069,10,6,4
5477026,7951412,4,10,-6
6230815,8573316,10,1,9
5011459,8272658,2,3,-1
5011459,8272658,7,4,3
6575649,7150575,1,3,-2
6575649,7150575,3,4,-1
6654606,8351924,1,2,-1
6654606,8351924,2,6,-4
6654606,8351924,4,11,-7
4913292,5248031,11,7,4
4681189,8147684,6,3,3
4681189,8147684,8,1,7
4696342,6948909,8,4,4
4696342,6948909,9,7,2
6463307,7995583,4,3,1
6463307,7995583,10,12,-2
5215592,7064070,5,9,-4
5513100,6310605,1,4,-3
5513100,6310605,8,11,-3
6635070,8430837,7,6,1
5003708,8136190,1,6,-5
5649176,7822881,11,2,9
3942337,7455123,1,1,0
3942337,7455123,5,3,2
4352707,6080343,2,12,-10
4352707,6080343,3,1,2
4800822,8430461,1,1,0
4800822,8430461,7,2,5
4378893,4497765,2,4,-2
4378893,4497765,5,1,4
4378893,4497765,6,3,3
4378893,4497765,8,6,2
7080153,8060613,9,8,1
6957601,8708260,1,7,-6
4273374,8381335,9,2,7
4790708,8499972,3,4,-1
4790708,8499972,7,6,1
6337100,6994882,11,4,7
4094737,4289582,1,11,-10
4094737,4289582,4,5,-1
5616879,7433746,4,12,-8
4774144,8592047,3,4,-1
4774144,8592047,4,7,-3
6171211,6393350,3,11,-8
6171211,6393350,4,2,2
6171211,6393350,8,8,0
6931572,7043713,3,9,-6
4928692,7676253,5,8,-3
5159036,5426164,1,2,-1
5159036,5426164,3,3,0
5159036,5426164,7,5,2
5159036,5426164,8,6,2
6853836,7689182,8,1,7
6145262,8627626,1,1,0
6145262,8627626,2,4,-2
7649593,8636381,3,1,2
7649593,8636381,5,12,-7
7649593,8636381,6,5,1
7649593,8636381,12,6,6
5595583,8216955,6,3,3
7078480,7682318,4,1,3
4883072,6089232,2,2,0
4883072,6089232,3,13,-10
4883072,6089232,11,9,2
4334893,7922782,1,1,0
4334893,7922782,4,3,1
4334893,7922782,6,5,1
4334893,7922782,7,8,-1
4334893,7922782,8,6,2
4334893,7922782,11,2,9
5105496,8307485,7,3,4
5105496,8307485,11,8,3
5068537,5485347,4,1,3
5487276,7436317,7,12,-5
4309723,4553164,1,1,0
5153515,5235280,1,1,0
5153515,5235280,8,2,6
5397311,8523822,4,6,-2
5397311,8523822,5,13,-8
4808708,5278302,13,12,1
4569692,4715892,5,5,0
4569692,4715892,13,13,0
6313016,7259388,10,10,0
6313016,7259388,13,6,7
5330226,6552550,1,1,0
5330226,6552550,3,5,-2
5330226,6552550,9,6,3
5421356,7624747,3,5,-2
4119529,4179359,2,1,1
4119529,4179359,3,6,-3
4119529,4179359,4,4,0
4119529,4179359,5,12,-7
4119529,4179359,7,5,2
4119529,4179359,8,7,1
4119529,4179359,9,8,1
4119529,4179359,13,10,3
4333993,6280876,2,8,-6
4333993,6280876,3,2,1
5140254,7812470,8,3,5
5140254,7812470,10,9,1
5140254,7812470,12,4,8
5380479,6319574,4,2,2
5380479,6319574,7,12,-5
6572625,8048090,1,1,0
6572625,8048090,3,5,-2
6572625,8048090,6,3,3
6572625,8048090,12,12,0
4613610,7314882,13,1,12
4895148,8690914,3,11,-8
6491872,7404932,6,10,-4
5634709,8189871,2,1,1
5634709,8189871,7,11,-4
5634709,8189871,9,2,7
6877850,8662651,1,4,-3
6877850,8662651,2,2,0
6877850,8662651,7,7,0
6877850,8662651,10,8,2
4153535,5503814,1,9,-8
4153535,5503814,4,11,-7
5099533,5430902,1,1,0
5099533,5430902,13,10,3
6911036,7988724,12,5,7
5135671,6127327,12,7,5
5632513,6508277,3,2,1
5632513,6508277,6,3,3
4899333,8112805,2,5,-3
6521466,7140393,2,5,-3
6521466,7140393,5,3,2
6521466,7140393,6,9,-3
6522152,7026825,5,2,3
5180882,7314004,7,10,-3
4503111,6514600,3,3,0
4503111,6514600,9,2,7
6088103,6986975,4,10,-6
6088103,6986975,7,2,5
6088103,6986975,12,12,0
6088103,6986975,13,7,6
6646324,8080852,1,4,-3
6646324,8080852,2,1,1
6646324,8080852,6,7,-1
6646324,8080852,8,8,0
6646324,8080852,9,9,0
6242195,8192737,1,1,0
5095054,6096248,2,12,-10
4639252,6090096,1,2,-1
6223977,7070095,5,2,3
4807247,6533452,5,6,-1
4807247,6533452,7,3,4
7137938,7666126,3,13,-10
7137938,7666126,5,12,-7
7137938,7666126,7,8,-1
7137938,7666126,13,10,3
5190041,8226555,4,5,-1
4255208,4421592,2,3,-1
4255208,4421592,8,5,3
4429036,5344741,1,8,-7
4429036,5344741,2,9,-7
4429036,5344741,3,4,-1
4429036,5344741,8,1,7
4888052,7588741,7,8,-1
5337696,7798171,1,2,-1
6568077,7825348,1,1,0
6568077,7825348,4,3,1
6568077,7825348,7,8,-1
4427700,4663346,8,1,7
5579711,8435087,2,2,0
6349249,7756615,2,2,0
6349249,7756615,11,6,5
4151528,4800391,3,2,1
4151528,4800391,4,1,3
4151528,4800391,12,6,6
6081536,8254992,6,3,3
6081536,8254992,13,4,9
5334193,6261286,5,2,3
5334193,6261286,6,1,5
5334193,6261286,7,7,0
5082567,6358421,1,1,0
5082567,6358421,3,10,-7
5082567,6358421,5,4,1
5082567,6358421,6,11,-5
5082567,6358421,9,6,3
6353852,7395314,1,3,-2
6353852,7395314,9,7,2
6218086,7849516,2,4,-2
5523097,6465003,4,3,1
5523097,6465003,6,1,5
6560301,7236754,3,2,1
6560301,7236754,13,12,1
4792895,5155834,2,11,-9
4418692,8696667,3,8,-5
7703812,8262136,11,5,6
6979324,7910791,2,2,0
7036032,7443221,2,1,1
4843389,5323155,1,3,-2
4843389,5323155,5,11,-6
6154853,6425052,5,2,3
6154853,6425052,6,8,-2
4257407,8464716,5,3,2
4257407,8464716,10,6,4
4257407,8464716,11,10,1
4810691,6919308,3,5,-2
4810691,6919308,6,2,4
4810691,6919308,11,1,10
4277942,4352269,2,1,1
4277942,4352269,9,9,0
6468218,8672846,7,4,3
6468218,8672846,8,1,7
6159225,6511458,8,5,3
6159225,6511458,11,12,-1
4633225,5278561,1,1,0
4633225,5278561,2,10,-8
4633225,5278561,11,2,9
6297198,6864219,3,4,-1
6297198,6864219,6,8,-2
6297198,6864219,7,12,-5
7455971,8415177,4,6,-2
4384499,6079301,1,6,-5
4384499,6079301,2,2,0
4384499,6079301,8,10,-2
8199495,8514042,2,2,0
8199495,8514042,11,8,3
5247935,8608672,2,6,-4
5247935,8608672,6,2,4
5098373,7955291,4,4,0
5098373,7955291,5,13,-8
4165670,6271448,5,1,4
4907586,6989008,7,6,1
5121014,6326839,7,4,3
6226266,6430160,1,1,0
6226266,6430160,7,9,-2
6226266,6430160,8,11,-3
6226266,6430160,13,3,10
6173091,8622935,2,13,-11
6173091,8622935,4,5,-1
7613212,8275001,1,1,0
7613212,8275001,4,11,-7
7613212,8275001,5,7,-2
6514403,7622034,1,2,-1
6514403,7622034,3,7,-4
6514403,7622034,6,1,5
6514403,7622034,13,12,1
4765856,8518505,4,1,3
6180065,6451264,3,10,-7
6508815,8485993,11,2,9
3979669,4901024,8,5,3
3979669,4901024,10,7,3
3979669,4901024,13,9,4
7388630,8207924,1,3,-2
7388630,8207924,10,10,0
7388630,8207924,12,7,5
7388630,8207924,13,13,0
4606496,8047834,3,10,-7
5417449,8262124,2,9,-7
5417449,8262124,4,3,1
5417449,8262124,8,10,-2
7039677,8463304,3,7,-4
7039677,8463304,4,1,3
7039677,8463304,10,4,6
4598583,5315870,1,1,0
4598583,5315870,11,11,0
7283141,8711183,4,3,1
7283141,8711183,5,1,4
6144375,8656440,1,3,-2
6144375,8656440,6,5,1
4893456,5483789,6,3,3
6231561,8562646,1,3,-2
6231561,8562646,4,1,3
4619246,6616679,5,4,1
6632741,7629693,3,1,2
6632741,7629693,11,4,7
6632741,7629693,12,10,2
4729016,8094165,1,1,0
4729016,8094165,4,3,1
4729016,8094165,8,2,6
6255786,7071633,2,6,-4
6255786,7071633,3,5,-2
6255786,7071633,5,4,1
6988492,7685997,1,2,-1
6988492,7685997,2,1,1
6988492,7685997,7,13,-6
3962809,7921589,1,3,-2
3962809,7921589,8,7,1
7241870,7495078,5,8,-3
6852766,7941013,4,8,-4
6852766,7941013,7,5,2
6852766,7941013,8,13,-5
6852766,7941013,11,1,10
7834904,8214708,1,1,0
7834904,8214708,7,4,3
6126542,6450883,1,1,0
6126542,6450883,2,11,-9
6126542,6450883,13,2,11
5019872,5305068,1,3,-2
5019872,5305068,5,5,0
5019872,5305068,6,12,-6
6603758,7152099,8,2,6
6186970,8245324,1,2,-1
6186970,8245324,5,3,2
6186970,8245324,6,4,2
5248791,6291178,5,12,-7
5248791,6291178,11,7,4
4162799,8657315,2,1,1
4162799,8657315,5,8,-3
4432029,4703385,1,5,-4
4432029,4703385,4,1,3
4432029,4703385,5,2,3
4432029,4703385,6,3,3
4432029,4703385,7,4,3
4432029,4703385,8,8,0
4432029,4703385,9,11,-2
4432029,4703385,11,10,1
4638306,5267181,2,4,-2
4638306,5267181,3,3,0
6266335,6671259,1,2,-1
6266335,6671259,5,1,4
6266335,6671259,9,8,1
6266335,6671259,12,6,6
6882315,8279069,1,5,-4
6882315,8279069,3,9,-6
5335275,8205089,11,13,-2
4003877,6199479,1,6,-5
4003877,6199479,3,2,1
4524620,5375977,3,2,1
4524620,5375977,4,3,1
4042950,5444666,2,7,-5
6864827,7212149,2,9,-7
6864827,7212149,4,6,-2
5145003,7950456,3,4,-1
5343514,7050509,1,6,-5
6321369,6530069,1,3,-2
6133028,7662623,9,6,3
6133028,7662623,12,5,7
5522891,8109998,1,3,-2
5522891,8109998,2,8,-6
5522891,8109998,7,1,6
5522891,8109998,10,6,4
6208844,7123926,8,5,3
4973300,7174896,3,9,-6
4973300,7174896,4,2,2
4615922,7687123,2,12,-10
4615922,7687123,4,3,1
6845398,7548875,4,2,2
6845398,7548875,12,4,8
6932817,8398682,6,10,-4
6932817,8398682,8,2,6
5275851,5641380,2,4,-2
5275851,5641380,7,1,6
7273785,8502351,3,5,-2
7273785,8502351,11,12,-1
4315356,8034488,12,8,4
6363080,7499702,5,7,-2
4330646,6906160,10,1,9
4195930,5153670,1,10,-9
4118543,5233832,10,1,9
5589969,6252687,2,2,0
5589969,6252687,3,1,2
5589969,6252687,7,3,4
5589969,6252687,9,11,-2
4704960,4895466,9,5,4
6540974,7625505,9,2,7
5562286,6152451,1,9,-8
5562286,6152451,2,1,1
5562286,6152451,9,5,4
6638294,8057504,10,2,8
4935784,5270783,1,4,-3
4935784,5270783,6,12,-6
4935784,5270783,13,11,2
7725279,8190089,6,5,1
4063130,4431946,3,4,-1
4063130,4431946,4,10,-6
4063130,4431946,12,13,-1
7341063,8206404,1,3,-2
7404508,7721936,3,2,1
7404508,7721936,5,8,-3
7404508,7721936,7,9,-2
5317466,7126793,1,1,0
5317466,7126793,9,2,7
5317466,7126793,11,5,6
5375612,6955686,11,3,8
5139941,5478745,2,13,-11
5139941,5478745,5,4,1
5650322,8323932,8,12,-4
7435249,8394095,1,6,-5
7435249,8394095,5,3,2
7435249,8394095,9,4,5
7356679,8266254,1,4,-3
7356679,8266254,6,5,1
4701904,5291516,13,11,2
6333720,7394432,2,8,-6
6333720,7394432,9,9,0
6185683,7313692,3,2,1
5284396,7541528,8,3,5
5284396,7541528,12,2,10
6876668,7802008,1,7,-6
5132521,8675840,4,2,2
4059714,5197800,4,12,-8
3969258,6214363,5,6,-1
6277069,7758502,1,1,0
6277069,7758502,2,10,-8
6277069,7758502,5,8,-3
6277069,7758502,6,3,3
6277069,7758502,9,9,0
6277069,7758502,12,11,1
5623308,8661496,3,4,-1
6527799,7655030,13,2,11
3937944,4048658,4,12,-8
6309357,7288068,1,5,-4
6309357,7288068,6,8,-2
6309357,7288068,13,13,0
6625917,8745911,1,1,0
6625917,8745911,3,8,-5
6625917,8745911,5,12,-7
6625917,8745911,10,6,4
6625917,8745911,12,9,3
6559552,8552581,1,4,-3
6559552,8552581,3,1,2
6559552,8552581,6,8,-2
6559552,8552581,10,13,-3
8002826,8308796,2,5,-3
8002826,8308796,7,4,3
8002826,8308796,9,11,-2
5213547,7780536,2,4,-2
5510913,6507436,2,9,-7
5510913,6507436,3,3,0
5510913,6507436,4,11,-7
5510913,6507436,6,8,-2
5510913,6507436,8,13,-5
5510913,6507436,9,7,2
4029085,6421455,2,2,0
4720289,7897126,1,2,-1
4720289,7897126,10,7,3
4720289,7897126,13,1,12
6424056,7061397,1,3,-2
6424056,7061397,4,6,-2
6424056,7061397,13,4,9
7086749,8550651,1,7,-6
7086749,8550651,2,3,-1
7086749,8550651,4,6,-2
7086749,8550651,13,2,11
4563953,5052306,1,1,0
4563953,5052306,6,3,3
7237524,7679267,8,6,2
4452243,5385571,8,1,7
4431416,4744754,5,1,4
4431416,4744754,10,2,8
6139520,8262686,13,9,4
5117928,5655663,1,1,0
5117928,5655663,13,9,4
6424273,8044776,1,6,-5
6424273,8044776,5,7,-2
6424273,8044776,9,2,7
6424273,8044776,10,4,6
6424273,8044776,12,9,3
4115762,6516092,3,10,-7
4115762,6516092,10,4,6
5377111,7379807,1,11,-10
5377111,7379807,2,2,0
5377111,7379807,4,13,-9
5377111,7379807,6,4,2
5377111,7379807,10,6,4
5654679,7541558,7,1,6
4792098,5316222,6,9,-3
4634419,6958070,3,6,-3
4634419,6958070,5,7,-2
3959432,5022844,3,12,-9
7394521,7907253,3,13,-10
7394521,7907253,5,3,2
7394521,7907253,6,1,5
7394521,7907253,7,4,3
4999420,6994914,3,2,1
4999420,6994914,9,4,5
4235414,5000224,8,2,6
7197173,8351678,5,7,-2
7197173,8351678,8,1,7
4806543,8673355,4,5,-1
4806543,8673355,9,1,8
4806543,8673355,13,7,6
6626459,7648166,1,1,0
6626459,7648166,8,5,3
6626459,7648166,12,3,9
4314827,8721751,1,1,0
4314827,8721751,6,5,1
4314827,8721751,11,2,9
4951486,5265450,3,2,1
4951486,5265450,6,1,5
7760680,8572700,9,5,4
5220627,5339369,2,1,1
5220627,5339369,5,7,-2
5220627,5339369,11,3,8
5220627,5339369,12,13,-1
7041077,7662123,1,1,0
7041077,7662123,2,2,0
7041077,7662123,3,3,0
7041077,7662123,4,4,0
7041077,7662123,5,5,0
7041077,7662123,6,6,0
7041077,7662123,7,7,0
7041077,7662123,8,8,0
7041077,7662123,9,9,0
7041077,7662123,10,10,0
7041077,7662123,11,11,0
7041077,7662123,12,12,0
7041077,7662123,13,13,0
4914568,5504854,6,4,2
4914568,5504854,9,3,6
4914568,5504854,13,7,6
7113880,8086902,10,5,5
4333286,7712267,7,3,4
4014822,4175060,3,4,-1
4014822,4175060,6,7,-1
4014822,4175060,7,10,-3
4014822,4175060,10,11,-1
4822566,7718388,2,3,-1
4822566,7718388,5,1,4
4713321,6893810,1,10,-9
4713321,6893810,2,8,-6
4713321,6893810,3,9,-6
4713321,6893810,9,4,5
5438359,7969477,1,9,-8
5438359,7969477,3,2,1
4551544,6562990,5,3,2
4551544,6562990,10,6,4
4551544,6562990,12,5,7
4435415,4876352,10,7,3
6845723,8413593,1,1,0
6845723,8413593,2,8,-6
6845723,8413593,4,5,-1
6845723,8413593,11,9,2
4854958,7143609,1,1,0
4854958,7143609,2,2,0
4854958,7143609,9,11,-2
4172692,4297087,1,3,-2
6959751,8281845,4,3,1
5624875,6866785,1,5,-4
4283201,4798803,2,9,-7
4283201,4798803,6,1,5
4283201,4798803,7,3,4
4217157,5427304,6,10,-4
4217157,5427304,12,6,6
6275962,7237161,1,1,0
6275962,7237161,8,4,4
4261511,8088292,1,3,-2
4261511,8088292,2,7,-5
5300875,6314440,2,1,1
4559979,6227265,1,1,0
4559979,6227265,10,4,6
5000529,6631844,2,9,-7
5000529,6631844,4,6,-2
5000529,6631844,6,7,-1
5000529,6631844,7,5,2
5000529,6631844,10,1,9
5000529,6631844,11,13,-2
6411822,8060838,6,2,4
4681404,5303076,4,6,-2
4681404,5303076,5,10,-5
4681404,5303076,8,3,5
4938984,6166231,9,3,6
5494477,7077867,1,4,-3
4847150,5225451,2,12,-10
4847150,5225451,3,1,2
4847150,5225451,4,6,-2
4340047,6575957,1,1,0
4340047,6575957,2,2,0
4131802,8677529,2,5,-3
4131802,8677529,10,4,6
6452888,6594218,2,2,0
6452888,6594218,11,9,2
5302286,5480549,3,1,2
5302286,5480549,8,4,4
6972558,7331225,1,11,-10
6972558,7331225,5,2,3
6972558,7331225,12,13,-1
8117945,8733207,2,6,-4
8117945,8733207,3,5,-2
8117945,8733207,5,11,-6
6536037,7757074,5,4,1
4566112,4641335,12,5,7
6255301,7803954,1,1,0
6255301,7803954,2,5,-3
6255301,7803954,5,3,2
6255301,7803954,10,12,-2
4987444,7057349,2,4,-2
6209869,7553233,1,1,0
6209869,7553233,3,2,1
6209869,7553233,4,6,-2
6209869,7553233,5,9,-4
6209869,7553233,8,3,5
6546095,8094789,1,5,-4
6546095,8094789,2,13,-11
7423214,7851689,1,1,0
7423214,7851689,2,2,0
7423214,7851689,3,3,0
7423214,7851689,4,4,0
7423214,7851689,5,5,0
7423214,7851689,6,6,0
7423214,7851689,7,7,0
7423214,7851689,8,8,0
7423214,7851689,9,9,0
7423214,7851689,10,10,0
7423214,7851689,11,11,0
7423214,7851689,12,12,0
7423214,7851689,13,13,0
7534451,8287915,1,1,0
7534451,8287915,2,2,0
7534451,8287915,3,3,0
7534451,8287915,4,4,0
7534451,8287915,5,5,0
7534451,8287915,6,6,0
7534451,8287915,7,7,0
7534451,8287915,8,8,0
7534451,8287915,9,9,0
7534451,8287915,10,10,0
7534451,8287915,11,11,0
7534451,8287915,12,12,0
7534451,8287915,13,13,0
4501865,7723447,2,3,-1
5078674,8262556,4,3,1
5078674,8262556,9,6,3
4351120,4542599,2,2,0
4351120,4542599,3,9,-6
4351120,4542599,8,1,7
4351120,4542599,11,3,8
4388634,5311054,1,7,-6
4388634,5311054,3,8,-5
4388634,5311054,4,2,2
4388634,5311054,12,1,11
6616664,8696668,1,1,0
6616664,8696668,3,8,-5
6616664,8696668,11,13,-2
5642877,6331001,1,1,0
5642877,6331001,4,2,2
5480131,7971870,7,1,6
5092893,7794502,1,13,-12
5092893,7794502,9,2,7
6487450,7725178,1,3,-2
6487450,7725178,3,11,-8
6487450,7725178,6,10,-4
6487450,7725178,10,4,6
6126805,8293085,4,13,-9
4843832,7891575,7,6,1
4843832,7891575,8,10,-2
4565349,8091582,1,1,0
4565349,8091582,3,9,-6
4565349,8091582,4,6,-2
4565349,8091582,5,2,3
4565349,8091582,12,10,2
3932054,6526974,12,7,5
5049129,6582415,4,4,0
7249732,7431238,3,3,0
7249732,7431238,9,12,-3
6111760,7309264,4,11,-7
5632538,8256541,1,2,-1
5651500,6141614,2,3,-1
3935910,6848519,3,4,-1
5499645,6453921,6,2,4
5499645,6453921,8,1,7
7013673,7624790,1,2,-1
7013673,7624790,2,1,1
7013673,7624790,3,5,-2
7013673,7624790,5,12,-7
7013673,7624790,6,4,2
7013673,7624790,10,7,3
7013673,7624790,13,10,3
7788266,8417717,1,2,-1
7788266,8417717,3,1,2
7788266,8417717,4,13,-9
7788266,8417717,7,5,2
7788266,8417717,10,11,-1
5344426,6120535,2,8,-6
6971274,8744547,1,7,-6
5160116,6209971,2,6,-4
6353219,7137292,1,2,-1
6353219,7137292,4,3,1
4775840,5329538,2,4,-2
4775840,5329538,4,11,-7
4775840,5329538,5,2,3
4775840,5329538,11,13,-2
5294466,5501089,8,8,0
7084405,7460063,3,6,-3
7084405,7460063,5,5,0
5089435,5504024,1,6,-5
5089435,5504024,2,7,-5
5089435,5504024,3,9,-6
5570752,7267352,1,8,-7
5570752,7267352,4,3,1
6560606,8275852,8,3,5
6560606,8275852,13,13,0
7139437,8208753,4,5,-1
7139437,8208753,6,8,-2
7139437,8208753,10,7,3
5581160,7365713,1,12,-11
5581160,7365713,12,13,-1
6349717,7954424,1,3,-2
5043349,5326776,3,1,2
5043349,5326776,8,2,6
5043349,5326776,12,7,5
5094231,7166083,3,13,-10
5156151,7099717,6,3,3
5156151,7099717,7,10,-3
8046450,8737395,1,1,0
8046450,8737395,12,12,0
6092666,7219804,1,4,-3
6092666,7219804,2,3,-1
6092666,7219804,6,5,1
6243375,7627640,6,7,-1
5576184,7973136,3,1,2
7035427,7751596,2,2,0
6558475,7407554,12,13,-1
6607338,8550758,3,2,1
4707719,7199407,2,2,0
4707719,7199407,4,12,-8
4707719,7199407,8,9,-1
6263580,8266805,1,1,0
7810801,8267399,2,11,-9
7810801,8267399,3,1,2
6320295,7948041,10,4,6
5557860,8277610,4,5,-1
5557860,8277610,5,2,3
4122365,4701749,2,12,-10
6297495,8213212,12,11,1
4385035,8197117,11,2,9
5038022,7585223,1,3,-2
5038022,7585223,2,4,-2
5038022,7585223,3,11,-8
5293665,6502279,2,1,1
5293665,6502279,10,9,1
4884827,5135261,1,1,0
4884827,5135261,8,10,-2
5640399,6876654,1,1,0
6749826,6919063,1,11,-10
6749826,6919063,3,2,1
4709460,7694464,1,4,-3
4709460,7694464,2,1,1
4709460,7694464,8,3,5
4309595,4743737,7,11,-4
4309595,4743737,9,2,7
4309595,4743737,10,7,3
4811282,7286441,1,5,-4
4811282,7286441,6,6,0
5576098,6259583,1,2,-1
5432999,7371676,8,11,-3
4287403,6261153,5,8,-3
4287403,6261153,10,1,9
4908713,8448215,2,1,1
4908713,8448215,3,12,-9
4908713,8448215,11,9,2
6254622,6443969,1,1,0
6254622,6443969,2,4,-2
6254622,6443969,3,3,0
5236948,5446165,3,11,-8
5236948,5446165,5,5,0
5236948,5446165,6,13,-7
4753253,7428881,1,1,0
4753253,7428881,3,8,-5
4753253,7428881,8,9,-1
5173933,6373929,2,2,0
5173933,6373929,5,3,2
5173933,6373929,13,8,5
7224678,7746866,6,1,5
7224678,7746866,8,3,5
6473293,8313538,6,2,4
4270503,4996644,1,7,-6
4270503,4996644,2,8,-6
4270503,4996644,3,13,-10
4270503,4996644,6,11,-5
4270503,4996644,7,1,6
4417141,6473657,2,7,-5
4417141,6473657,13,2,11
6554317,7246820,5,5,0
6554317,7246820,9,13,-4
7116569,7469369,2,3,-1
7116569,7469369,5,6,-1
7116569,7469369,8,2,6
7116569,7469369,10,8,2
7116569,7469369,12,7,5
6850252,8185533,2,6,-4
6353538,7609523,5,4,1
6353538,7609523,9,5,4
6353538,7609523,11,3,8
4432358,7670341,4,5,-1
4432358,7670341,5,4,1
4432358,7670341,7,8,-1
4432358,7670341,13,2,11
4052737,7926084,3,8,-5
5420288,7112374,3,7,-4
5420288,7112374,9,13,-4
5420288,7112374,13,4,9
5245234,8159106,1,1,0
5245234,8159106,2,6,-4
4220565,6951939,1,2,-1
6393175,7410304,7,2,5
4790979,5515170,6,4,2
6128610,7051039,4,10,-6
6128610,7051039,12,5,7
6961316,8325686,9,2,7
5252694,7005394,2,6,-4
7206677,8515578,2,2,0
6047294,7000145,1,10,-9
6047294,7000145,4,1,3
6047294,7000145,6,3,3
5109798,8596220,1,3,-2
5109798,8596220,3,1,2
5109798,8596220,10,6,4
5339899,7306042,1,10,-9
5339899,7306042,2,13,-11
5339899,7306042,4,1,3
5339899,7306042,7,11,-4
6198786,8009788,2,2,0
6198786,8009788,3,5,-2
6198786,8009788,7,13,-6
4825784,5052315,1,1,0
4825784,5052315,3,4,-1
4825784,5052315,4,5,-1
4825784,5052315,12,2,10
6438652,6839758,1,2,-1
6438652,6839758,4,3,1
4787766,4995219,13,11,2
4791454,7639965,1,9,-8
4791454,7639965,11,3,8
5303917,7794340,1,3,-2
5303917,7794340,5,1,4
5303917,7794340,9,2,7
6365102,7094322,1,1,0
4099924,6121161,4,4,0
5526359,6574217,4,2,2
5158337,7637568,2,1,1
5158337,7637568,5,3,2
6217448,7641548,4,1,3
4240779,6197355,1,4,-3
4240779,6197355,5,9,-4
3986777,6888634,4,13,-9
5150464,5421024,2,5,-3
7111280,8453112,1,3,-2
7111280,8453112,7,4,3
7111280,8453112,10,8,2
5406263,7202789,1,1,0
6546416,7103599,1,6,-5
5090508,6817300,1,11,-10
5090508,6817300,8,10,-2
5626884,6274170,1,1,0
5124399,5414055,1,1,0
5124399,5414055,2,2,0
5124399,5414055,3,4,-1
5124399,5414055,6,5,1
5124399,5414055,11,3,8
5124399,5414055,13,8,5
6603688,7495978,1,1,0
6603688,7495978,2,2,0
6603688,7495978,3,3,0
6603688,7495978,4,5,-1
6603688,7495978,5,6,-1
6603688,7495978,6,4,2
6603688,7495978,7,7,0
6603688,7495978,8,8,0
6603688,7495978,10,9,1
6603688,7495978,11,10,1
6603688,7495978,12,11,1
6603688,7495978,13,12,1
5495457,6141298,6,7,-1
6028278,7122751,6,2,4
6028278,7122751,7,10,-3
6603408,8646999,1,4,-3
6603408,8646999,5,2,3
6603408,8646999,6,1,5
4811382,8712027,3,4,-1
4811382,8712027,5,1,4
7618451,8377129,1,3,-2
7618451,8377129,2,1,1
7618451,8377129,3,2,1
7618451,8377129,4,4,0
7618451,8377129,5,8,-3
7618451,8377129,6,7,-1
7618451,8377129,7,5,2
7618451,8377129,8,6,2
7618451,8377129,9,10,-1
5127536,8287188,1,1,0
5049052,6467450,2,1,1
5125203,8136314,9,4,5
6505177,6970846,4,12,-8
6505177,6970846,8,3,5
6505177,6970846,9,6,3
4539640,8615292,2,13,-11
4539640,8615292,11,8,3
4430035,8596010,3,7,-4
4430035,8596010,11,3,8
7331483,8251258,5,2,3
7331483,8251258,7,1,6
6972025,7918820,4,2,2
6972025,7918820,10,3,7
5649304,8737573,1,2,-1
5649304,8737573,4,10,-6
4839493,5051558,1,3,-2
4839493,5051558,2,12,-10
5101532,7179314,3,6,-3
5595923,6624445,1,12,-11
5595923,6624445,3,4,-1
5595923,6624445,4,1,3
5595923,6624445,6,5,1
5294452,6146682,1,1,0
5294452,6146682,6,2,4
5294452,6146682,7,4,3
5294452,6146682,12,10,2
7379687,7672022,4,1,3
5525126,8133382,12,10,2
5454407,7198076,1,3,-2
5454407,7198076,9,8,1
4629640,4784906,1,4,-3
4629640,4784906,3,8,-5
4629640,4784906,4,10,-6
4629640,4784906,6,1,5
4629640,4784906,7,7,0
4629640,4784906,10,3,7
5111363,6093353,10,12,-2
6385661,8713544,1,1,0
6385661,8713544,9,3,6
4570308,7784655,1,1,0
4570308,7784655,2,3,-1
4570308,7784655,9,10,-1
4570308,7784655,11,13,-2
5101253,5252851,5,12,-7
6482222,8657849,4,7,-3
6482222,8657849,9,4,5
6476779,7456579,1,12,-11
4102813,5266548,1,4,-3
4102813,5266548,11,1,10
4102813,5266548,13,2,11
6444304,8512872,1,2,-1
6444304,8512872,2,4,-2
6444304,8512872,3,5,-2
6444304,8512872,6,12,-6
4524668,5220121,4,2,2
4524668,5220121,7,7,0
4524668,5220121,8,12,-4
5652820,6493501,5,7,-2
4199276,8459901,12,1,11
7826411,8718037,1,1,0
7826411,8718037,3,5,-2
7826411,8718037,7,9,-2
7826411,8718037,8,8,0
5251218,7675996,2,5,-3
5251218,7675996,3,1,2
5251218,7675996,7,8,-1
5251218,7675996,10,7,3
6068552,8262454,2,2,0
6068552,8262454,11,3,8
5601990,7820390,1,1,0
5601990,7820390,2,2,0
5601990,7820390,3,4,-1
5601990,7820390,4,9,-5
5601990,7820390,5,3,2
5601990,7820390,6,5,1
5601990,7820390,7,6,1
5601990,7820390,8,7,1
5601990,7820390,9,8,1
5601990,7820390,10,11,-1
5601990,7820390,11,12,-1
5601990,7820390,12,13,-1
6308887,8052045,3,4,-1
6308887,8052045,8,5,3
4719926,7028419,1,1,0
4719926,7028419,3,3,0
4871440,6484046,2,4,-2
4797144,6305194,1,1,0
4797144,6305194,5,2,3
4797144,6305194,11,5,6
4797144,6305194,12,4,8
6643973,8296988,4,2,2
6643973,8296988,12,3,9
5581658,8151113,13,11,2
4147679,6146706,9,2,7
4147679,6146706,10,11,-1
5519386,6947513,9,12,-3
4954688,5140130,1,1,0
4954688,5140130,2,3,-1
4954688,5140130,3,4,-1
4954688,5140130,5,6,-1
6151529,6940230,1,2,-1
6151529,6940230,5,12,-7
6151529,6940230,7,10,-3
5295107,6490205,1,4,-3
5295107,6490205,4,11,-7
4183428,6079541,1,2,-1
5025445,7589337,1,3,-2
5025445,7589337,3,2,1
4348384,5650386,4,3,1
4348384,5650386,6,5,1
7104883,7644568,3,13,-10
7104883,7644568,10,8,2
4396646,7087194,2,2,0
5401074,7640698,1,2,-1
4875155,6629168,13,8,5
6551299,8016809,4,4,0
6551299,8016809,5,2,3
6433645,8149048,5,3,2
4873346,6288236,1,11,-10
4873346,6288236,2,12,-10
4873346,6288236,3,5,-2
6382665,7883105,1,5,-4
6382665,7883105,2,2,0
6382665,7883105,9,9,0
6382665,7883105,10,13,-3
5040576,8191585,1,13,-12
5040576,8191585,3,5,-2
4317387,5562306,4,1,3
4317387,5562306,12,11,1
4270854,5017326,1,3,-2
4270854,5017326,2,8,-6
4270854,5017326,5,7,-2
4270854,5017326,6,9,-3
4270854,5017326,7,4,3
6084895,6653658,2,9,-7
6874211,7732977,2,6,-4
4941176,8295492,1,2,-1
4941176,8295492,2,1,1
4941176,8295492,4,3,1
4941176,8295492,13,7,6
4413080,5612137,2,4,-2
4413080,5612137,5,6,-1
4413080,5612137,6,8,-2
4413080,5612137,7,9,-2
4370616,4682735,3,1,2
4370616,4682735,7,6,1
4370616,4682735,13,7,6
6071281,8273072,9,6,3
6552428,7132744,7,5,2
4166967,6433464,3,8,-5
6517040,8684326,2,5,-3
4223287,4426631,1,2,-1
4498128,4688160,7,1,6
4800448,4910600,2,3,-1
4800448,4910600,10,8,2
4800448,4910600,11,2,9
6661302,8063711,1,8,-7
6661302,8063711,2,5,-3
6661302,8063711,4,3,1
6661302,8063711,9,9,0
6924375,7282582,2,2,0
6924375,7282582,8,1,7
6924375,7282582,12,7,5
4560246,6243505,4,2,2
4560246,6243505,8,11,-3
4560246,6243505,9,12,-3
5056988,5203673,3,2,1
5056988,5203673,5,3,2
5056988,5203673,7,1,6
5002281,6716954,11,5,6
5002281,6716954,12,8,4
6292668,8295450,1,1,0
6489636,8158497,5,5,0
6489636,8158497,11,6,5
6182883,6391666,9,13,-4
6340010,6546347,1,1,0
6340010,6546347,2,2,0
6340010,6546347,3,6,-3
6340010,6546347,9,4,5
5556413,8172894,1,7,-6
5556413,8172894,4,2,2
5556413,8172894,10,11,-1
5323111,8031921,8,3,5
5323111,8031921,9,8,1
7474963,8335032,3,9,-6
7474963,8335032,4,7,-3
7474963,8335032,11,12,-1
7474963,8335032,13,3,10
4493525,4695105,2,3,-1
4493525,4695105,7,10,-3
4493525,4695105,8,6,2
5389106,7338519,1,11,-10
5389106,7338519,4,2,2
6123561,8267196,9,1,8
7037193,8070606,6,8,-2
7388697,8040338,1,1,0
7388697,8040338,2,6,-4
7388697,8040338,5,4,1
7084856,8259444,9,3,6
5208661,5301017,1,1,0
5208661,5301017,5,9,-4
6203406,7056391,6,2,4
5317035,6228316,5,4,1
7711628,8460085,1,4,-3
7711628,8460085,3,3,0
7711628,8460085,11,2,9
5589272,6270605,1,12,-11
5589272,6270605,2,1,1
5589272,6270605,3,3,0
5589272,6270605,5,5,0
5589272,6270605,8,4,4
4000246,5018328,6,13,-7
3953402,4804028,10,13,-3
6123435,6435693,2,6,-4
5334217,8523883,5,4,1
6188428,6516135,1,2,-1
6188428,6516135,3,7,-4
6188428,6516135,4,1,3
6188428,6516135,8,6,2
5026902,7683103,3,1,2
4802211,5346111,2,12,-10
4802211,5346111,4,2,2
4802211,5346111,6,11,-5
4802211,5346111,11,3,8
5095482,6134683,2,9,-7
4836636,7924175,1,2,-1
4836636,7924175,7,5,2
6397186,8285446,5,2,3
6397186,8285446,8,3,5
6164469,6939039,3,11,-8
7269220,8189873,1,5,-4
7269220,8189873,2,1,1
7269220,8189873,10,12,-2
6279875,8490949,6,1,5
4695736,7728452,2,1,1
4695736,7728452,4,7,-3
4695736,7728452,10,6,4
4695736,7728452,12,3,9
4289173,6462145,3,8,-5
4289173,6462145,6,7,-1
4764666,6512415,8,3,5
4764666,6512415,13,2,11
4841541,5173917,2,12,-10
4841541,5173917,3,1,2
4841541,5173917,7,2,5
4841541,5173917,9,4,5
4841541,5173917,11,7,4
4249772,4904019,1,2,-1
4249772,4904019,2,5,-3
4249772,4904019,4,6,-2
4249772,4904019,5,1,4
4249772,4904019,6,4,2
4688169,7065508,4,4,0
4688169,7065508,6,9,-3
4630851,6629708,3,6,-3
5030807,7009496,1,1,0
5030807,7009496,3,3,0
7502902,8745105,4,8,-4
7502902,8745105,6,10,-4
7775297,7938197,11,2,9
6544020,8573956,1,4,-3
6544020,8573956,2,7,-5
6544020,8573956,8,1,7
7378874,7692309,2,8,-6
7378874,7692309,4,13,-9
7378874,7692309,6,7,-1
7378874,7692309,12,1,11
4203745,6990837,2,1,1
4203745,6990837,6,11,-5
6457772,7341005,11,2,9
6214200,7192260,4,2,2
6214200,7192260,7,8,-1
6653659,7118970,1,1,0
6653659,7118970,2,2,0
6653659,7118970,3,4,-1
6653659,7118970,4,3,1
6653659,7118970,5,9,-4
6129770,6916343,2,11,-9
6129770,6916343,6,2,4
6129770,6916343,8,9,-1
6129770,6916343,11,7,4
7105729,7622651,2,2,0
7105729,7622651,4,4,0
7105729,7622651,5,8,-3
7105729,7622651,6,10,-4
7105729,7622651,10,11,-1
7105729,7622651,11,3,8
7105729,7622651,13,5,8
4716117,5021243,3,5,-2
4716117,5021243,6,2,4
5176951,7186760,1,1,0
5176951,7186760,3,3,0
5176951,7186760,11,4,7
4877117,8360219,2,6,-4
4402091,7275271,1,3,-2
4402091,7275271,11,8,3
5415502,6922933,1,1,0
4887367,7841105,1,3,-2
6079426,8277567,2,3,-1
6079426,8277567,9,5,4
7185597,8276533,2,12,-10
6575556,7150512,3,2,1
6575556,7150512,6,1,5
6575556,7150512,7,8,-1
6575556,7150512,8,4,4
6575556,7150512,9,10,-1
6575556,7150512,10,5,5
6575556,7150512,11,12,-1
6575556,7150512,12,13,-1
3956517,8613966,1,2,-1
3956517,8613966,3,7,-4
6195972,6453655,1,1,0
6195972,6453655,9,6,3
6195972,6453655,10,2,8
4177819,6988005,1,5,-4
4177819,6988005,2,11,-9
4864743,5386650,1,2,-1
4864743,5386650,3,4,-1
6127736,6630738,4,6,-2
5116345,8271094,2,1,1
5116345,8271094,9,11,-2
5593927,7282789,8,5,3
5593927,7282789,9,1,8
7453553,7991222,1,3,-2
7453553,7991222,2,1,1
7453553,7991222,3,6,-3
7453553,7991222,4,11,-7
7453553,7991222,8,12,-4
7453553,7991222,9,9,0
6544611,7754798,2,1,1
6544611,7754798,3,3,0
6544611,7754798,4,4,0
6544611,7754798,8,8,0
5089692,8339239,2,5,-3
5089692,8339239,4,7,-3
5089692,8339239,11,1,10
3979932,4641505,2,5,-3
3979932,4641505,4,2,2
6560086,7589947,2,1,1
4953831,6422030,1,2,-1
4953831,6422030,2,1,1
4953831,6422030,11,5,6
4953831,6422030,13,6,7
4303835,5289041,2,1,1
7161936,8089461,8,10,-2
7439906,7653347,3,1,2
7439906,7653347,11,3,8
6427034,8047987,3,11,-8
5316344,6279817,1,3,-2
4135915,5405121,8,5,3
5339799,7682357,1,12,-11
5339799,7682357,2,1,1
5339799,7682357,4,2,2
6531999,8188985,2,3,-1
6531999,8188985,11,2,9
6312147,7775699,1,6,-5
6312147,7775699,3,3,0
6312147,7775699,5,2,3
4295879,4521527,2,1,1
4295879,4521527,3,12,-9
4295879,4521527,10,5,5
4295879,4521527,11,11,0
4834586,5406844,4,8,-4
5011698,6179939,1,13,-12
5011698,6179939,3,10,-7
5011698,6179939,12,2,10
4251528,7105514,7,7,0
4251528,7105514,12,13,-1
7044230,8056638,1,4,-3
7044230,8056638,2,1,1
5568732,8517087,2,4,-2
5568732,8517087,3,2,1
6085277,7289964,1,8,-7
6085277,7289964,10,1,9
4465756,5264315,1,7,-6
4465756,5264315,5,4,1
4465756,5264315,12,10,2
4756585,5168386,3,5,-2
4756585,5168386,5,2,3
4756585,5168386,6,6,0
4497250,6119595,12,2,10
4797316,5457006,5,5,0
4797316,5457006,6,7,-1
6575075,8689671,3,1,2
6575075,8689671,7,9,-2
6575075,8689671,9,4,5
5579472,8165575,4,6,-2
5579472,8165575,5,2,3
5327441,7376881,1,1,0
5327441,7376881,6,4,2
5327441,7376881,9,2,7
5327441,7376881,11,12,-1
5327441,7376881,12,13,-1
5327441,7376881,13,6,7
5647853,7892206,2,12,-10
5647853,7892206,4,1,3
5647853,7892206,7,4,3
4679374,4942701,7,11,-4
4679374,4942701,9,5,4
4789577,5292570,1,1,0
4789577,5292570,11,3,8
4162500,7755010,2,5,-3
4162500,7755010,5,1,4
4162500,7755010,11,6,5
3950143,8198493,1,4,-3
3950143,8198493,6,9,-3
5155812,5339440,2,10,-8
5155812,5339440,4,2,2
5656316,7320274,9,8,1
6149663,7691095,4,11,-7
3990794,4068948,1,1,0
3990794,4068948,2,2,0
7595870,7858942,2,2,0
7595870,7858942,4,7,-3
4127110,7844342,5,2,3
6471724,7935149,2,6,-4
6471724,7935149,7,3,4
6471724,7935149,9,7,2
6233148,7904211,2,4,-2
6233148,7904211,3,7,-4
4381063,8047483,5,6,-1
4381063,8047483,11,8,3
4381063,8047483,13,12,1
5587912,7063532,6,6,0
5587912,7063532,8,8,0
5587912,7063532,9,5,4
4671264,8117674,6,2,4
5396497,8279941,1,2,-1
5396497,8279941,7,6,1
5358525,7758653,4,2,2
7674650,8680522,1,2,-1
7674650,8680522,2,1,1
7674650,8680522,3,4,-1
7674650,8680522,12,9,3
7674650,8680522,13,10,3
4847788,7969436,9,11,-2
4621738,4941571,2,2,0
4621738,4941571,3,1,2
4621738,4941571,6,3,3
4116030,4757733,2,2,0
4116030,4757733,6,3,3
6471521,8644755,7,1,6
5404384,8195329,5,9,-4
4398915,6190735,1,6,-5
4032685,4937141,4,10,-6
5583786,6158033,2,13,-11
5583786,6158033,5,1,4
5583786,6158033,6,9,-3
4671445,5630539,8,1,7
4671445,5630539,12,3,9
7721152,8443226,10,5,5
4080423,4894179,4,4,0
4080423,4894179,7,7,0
6415327,7747708,3,6,-3
6415327,7747708,12,9,3
6520706,7238409,4,4,0
6243729,7930336,12,1,11
4801345,6547903,5,7,-2
7480109,7936527,1,1,0
7480109,7936527,2,2,0
7480109,7936527,3,11,-8
7480109,7936527,4,4,0
7480109,7936527,7,12,-5
7480109,7936527,8,10,-2
5597425,6524399,3,1,2
5597425,6524399,4,12,-8
4261005,6084770,4,2,2
4261005,6084770,7,5,2
4904100,7083275,2,2,0
4904100,7083275,5,9,-4
4904100,7083275,11,4,7
4393884,5179966,1,6,-5
4820446,7837815,1,1,0
4925041,8267265,7,6,1
4925041,8267265,10,9,1
5020219,8410806,3,8,-5
4003136,8215028,2,4,-2
6013087,8467851,1,12,-11
6013087,8467851,7,11,-4
5132622,7691009,1,2,-1
5132622,7691009,2,1,1
5132622,7691009,10,12,-2
7666094,8585484,4,1,3
7666094,8585484,7,4,3
4700823,4831894,1,12,-11
4700823,4831894,8,3,5
4317331,5519996,1,3,-2
4317331,5519996,3,5,-2
4317331,5519996,4,2,2
4317331,5519996,9,7,2
4317331,5519996,10,4,6
5488738,6088831,3,1,2
5488738,6088831,5,12,-7
4876640,7315936,6,11,-5
6304795,7114231,4,3,1
6304795,7114231,8,10,-2
5209229,8265736,2,1,1
5209229,8265736,4,6,-2
5209229,8265736,5,8,-3
5274695,5488652,1,6,-5
4169464,5322509,2,7,-5
4169464,5322509,3,1,2
5142273,6417891,2,3,-1
5598153,6940278,1,8,-7
5598153,6940278,2,10,-8
5598153,6940278,7,9,-2
5598153,6940278,13,7,6
4938233,7099427,1,2,-1
4938233,7099427,2,11,-9
4938233,7099427,8,4,4
6381496,7848803,5,11,-6
4189768,4451883,1,1,0
4189768,4451883,11,12,-1
4428284,4712102,2,5,-3
4428284,4712102,5,1,4
4428284,4712102,9,7,2
4428284,4712102,12,2,10
4452612,7828877,6,4,2
6424315,8421626,3,2,1
6560612,8077057,4,5,-1
6560612,8077057,6,6,0
6560612,8077057,8,11,-3
4527257,7355891,1,5,-4
4527257,7355891,2,12,-10
4527257,7355891,5,2,3
4527257,7355891,12,6,6
7287834,8029107,3,10,-7
7287834,8029107,4,7,-3
4235601,5354692,3,4,-1
4072520,4359515,1,6,-5
4072520,4359515,13,4,9
6350063,6851867,5,10,-5
6350063,6851867,8,6,2
5621787,6075982,7,7,0
5621787,6075982,10,3,7
5621787,6075982,11,1,10
4323776,5036197,5,3,2
4323776,5036197,12,4,8
4932051,4991056,5,5,0
6517848,7195771,1,11,-10
6517848,7195771,12,13,-1
6910041,7441264,3,5,-2
6910041,7441264,6,6,0
6910041,7441264,7,3,4
6910041,7441264,8,2,6
5484400,6494880,3,5,-2
6321960,7549693,5,2,3
5581594,7310512,2,1,1
5581594,7310512,5,2,3
4945062,5338684,1,2,-1
7298749,7761529,13,2,11
4274304,7073608,6,6,0
5324077,8359208,3,10,-7
5572427,6163297,2,3,-1
4904066,5271866,4,4,0
4904066,5271866,7,3,4
4904066,5271866,11,2,9
6597687,8098651,3,3,0
6597687,8098651,4,9,-5
6597687,8098651,10,2,8
5096629,6086748,1,3,-2
4386571,6918827,6,2,4
7090677,8197482,2,9,-7
7090677,8197482,5,2,3
5144292,8277056,8,7,1
7167025,7439766,1,4,-3
7167025,7439766,3,3,0
7167025,7439766,4,13,-9
7167025,7439766,8,7,1
6384750,7460539,2,8,-6
5228482,6073661,2,4,-2
5228482,6073661,4,7,-3
5228482,6073661,5,2,3
5228482,6073661,7,5,2
4543301,5134038,1,2,-1
4543301,5134038,3,6,-3
4543301,5134038,4,5,-1
4543301,5134038,5,10,-5
5229885,6857741,2,5,-3
6411198,6597928,3,5,-2
6411198,6597928,11,1,10
7035753,7650544,2,2,0
7035753,7650544,5,13,-8
7035753,7650544,10,4,6
7035753,7650544,12,6,6
4810470,8380273,4,2,2
7005325,7250685,3,6,-3
7005325,7250685,4,7,-3
7005325,7250685,5,5,0
7005325,7250685,6,2,4
7005325,7250685,10,13,-3
5417949,7498010,2,5,-3
4999775,5309030,7,12,-5
4999775,5309030,13,2,11
7729153,8054663,5,4,1
4377312,6964613,2,13,-11
4377312,6964613,4,7,-3
4377312,6964613,6,10,-4
4377312,6964613,7,1,6
6081532,7346065,2,5,-3
6081532,7346065,5,1,4
4854638,6450576,2,3,-1
4854638,6450576,6,1,5
5262305,7058437,4,6,-2
5463145,6576802,1,12,-11
6865865,7921624,6,10,-4
6889762,8453722,2,2,0
6889762,8453722,3,7,-4
6889762,8453722,4,5,-1
6889762,8453722,5,12,-7
6889762,8453722,6,4,2
6889762,8453722,7,3,4
6889762,8453722,9,8,1
6146343,8056976,9,10,-1
6343138,8027506,4,3,1
6343138,8027506,5,2,3
6343138,8027506,13,10,3
3936147,7048408,2,5,-3
3936147,7048408,9,7,2
5195936,5611759,3,3,0
5195936,5611759,4,7,-3
6866134,8437529,1,1,0
6866134,8437529,4,2,2
6092175,8024735,2,1,1
6092175,8024735,11,10,1
6092175,8024735,12,11,1
6933627,8289742,1,1,0
4135616,5348133,2,8,-6
5118026,7870670,3,1,2
5118026,7870670,6,2,4
4147838,5410237,1,13,-12
4147838,5410237,2,1,1
4147838,5410237,3,3,0
4147838,5410237,13,5,8
4792876,5220703,4,2,2
4792876,5220703,11,8,3
4617557,7336564,2,2,0
4617557,7336564,10,4,6
4617557,7336564,11,6,5
4617557,7336564,13,1,12
4635716,7128151,1,1,0
4635716,7128151,2,2,0
4693776,6503621,1,1,0
4693776,6503621,11,5,6
4063634,4233083,1,1,0
4063634,4233083,3,3,0
6209202,8281489,5,1,4
6209202,8281489,9,4,5
6209202,8281489,13,8,5
4605591,7760104,5,2,3
5581479,8036214,2,9,-7
6138103,7177827,3,4,-1
5628543,7140682,5,1,4
5628543,7140682,7,2,5
4161177,8585655,1,11,-10
4161177,8585655,12,13,-1
4279741,4574046,1,13,-12
4279741,4574046,2,1,1
4279741,4574046,3,5,-2
4279741,4574046,5,11,-6
4279741,4574046,7,4,3
4988355,8517970,2,3,-1
4988355,8517970,6,11,-5
6316793,6552373,4,1,3
4424807,8636809,6,5,1
5562685,8449450,2,3,-1
5562685,8449450,5,9,-4
5562685,8449450,12,4,8
5562685,8449450,13,8,5
7716037,8275606,4,1,3
6243957,7464479,1,3,-2
6243957,7464479,6,2,4
6363740,6513343,6,3,3
4460836,4660955,1,11,-10
4460836,4660955,5,2,3
4382593,4635921,2,1,1
4382593,4635921,6,9,-3
4382593,4635921,9,4,5
4131160,4989672,7,2,5
4131160,4989672,9,13,-4
4131160,4989672,11,11,0
4872641,8096524,4,13,-9
4855987,5155616,3,3,0
4855987,5155616,6,2,4
4855987,5155616,12,9,3
5487148,7676695,1,1,0
5487148,7676695,2,7,-5
6653812,8441818,1,6,-5
6653812,8441818,9,8,1
6653812,8441818,10,12,-2
4322641,5396657,2,8,-6
4322641,5396657,3,3,0
4436423,5116130,1,1,0
4436423,5116130,7,13,-6
4436423,5116130,11,6,5
5411647,8449758,3,1,2
4894631,6853278,2,4,-2
4894631,6853278,5,1,4
4894631,6853278,6,2,4
6612460,7988014,9,7,2
6140053,7491494,6,2,4
3958391,6282869,1,6,-5
3958391,6282869,6,2,4
4256110,6524288,2,1,1
4256110,6524288,6,11,-5
5521695,7115849,7,7,0
5521695,7115849,10,9,1
6280813,7625643,5,1,4
6280813,7625643,7,4,3
6280813,7625643,8,6,2
5344496,6177627,2,1,1
5344496,6177627,3,4,-1
5344496,6177627,11,8,3
5344496,6177627,13,13,0
7527647,8591576,1,2,-1
7527647,8591576,2,3,-1
4868867,5623609,5,2,3
5111398,6535886,4,3,1
5111398,6535886,5,4,1
5210785,6167278,4,6,-2
6286043,8533293,3,3,0
4561447,5269312,1,12,-11
4561447,5269312,4,2,2
4561447,5269312,6,3,3
4561447,5269312,7,11,-4
6081350,7046276,1,10,-9
6081350,7046276,4,2,2
6081350,7046276,6,12,-6
6147756,7859067,2,5,-3
6207767,8262723,1,5,-4
6207767,8262723,2,2,0
5188670,8156888,9,2,7
5188670,8156888,11,5,6
4047666,5024382,1,13,-12
4047666,5024382,2,10,-8
4047666,5024382,11,5,6
6262992,7003088,1,1,0
6262992,7003088,10,3,7
5481457,8370025,1,2,-1
5481457,8370025,5,1,4
5481457,8370025,7,12,-5
5481457,8370025,8,4,4
7571511,8266754,1,1,0
7571511,8266754,2,2,0
7571511,8266754,3,3,0
7571511,8266754,6,8,-2
4667953,6073527,1,3,-2
4667953,6073527,2,2,0
4667953,6073527,3,1,2
4764055,8523494,2,1,1
4764055,8523494,5,3,2
4764055,8523494,6,4,2
4764055,8523494,8,5,3
4764055,8523494,12,2,10
3945643,4201388,1,11,-10
3945643,4201388,5,9,-4
3945643,4201388,6,4,2
3945643,4201388,7,1,6
6267376,7052010,2,5,-3
6267376,7052010,4,1,3
6267376,7052010,8,2,6
6267376,7052010,11,9,2
6267376,7052010,13,11,2
4916094,5128027,1,6,-5
4916094,5128027,4,4,0
4224167,6612621,1,5,-4
4224167,6612621,2,1,1
4224167,6612621,3,4,-1
4224167,6612621,8,2,6
5381526,7099050,1,1,0
7380365,7562489,2,3,-1
7380365,7562489,3,5,-2
7380365,7562489,6,1,5
7380365,7562489,10,2,8
8414644,8652203,1,10,-9
5014388,5283939,1,1,0
5014388,5283939,2,4,-2
5089826,8221269,3,11,-8
5048118,8270914,1,2,-1
5048118,8270914,2,1,1
5048118,8270914,12,11,1
4022594,5391222,2,4,-2
5098520,6270627,3,9,-6
5098520,6270627,13,7,6
7007029,7275024,7,1,6
6936042,8657174,3,2,1
6936042,8657174,5,3,2
6936042,8657174,10,6,4
6936042,8657174,11,7,4
6151262,8332724,7,13,-6
6174325,6517532,4,3,1
4611198,7137550,3,6,-3
4611198,7137550,6,5,1
5150797,7362090,2,1,1
5150797,7362090,5,11,-6
3988997,7287483,2,10,-8
3988997,7287483,4,1,3
3988997,7287483,5,13,-8
3988997,7287483,13,8,5
7953201,8396183,1,1,0
7953201,8396183,2,3,-1
7953201,8396183,3,4,-1
7953201,8396183,4,6,-2
7953201,8396183,13,13,0
3991729,4112877,3,1,2
3991729,4112877,8,9,-1
3991729,4112877,9,4,5
3991729,4112877,11,8,3
5099934,5560440,1,8,-7
5099934,5560440,2,2,0
7690074,8549696,1,1,0
7690074,8549696,4,8,-4
7690074,8549696,9,4,5
4999718,7388597,3,8,-5
4999718,7388597,5,5,0
4999718,7388597,6,6,0
4698632,7702291,1,1,0
5236221,6454350,8,5,3
5236221,6454350,10,1,9
6064734,7039033,10,13,-3
5221538,7214286,1,2,-1
5240734,6136366,1,8,-7
5240734,6136366,2,1,1
5240734,6136366,4,12,-8
6145146,8099816,1,10,-9
6145146,8099816,3,1,2
6145146,8099816,4,8,-4
4767419,8341778,2,2,0
7291985,8084955,11,1,10
6445751,7715499,2,2,0
6445751,7715499,8,4,4
6445751,7715499,12,6,6
6445751,7715499,13,13,0
6121504,7371916,2,7,-5
4794260,8272343,2,7,-5
4794260,8272343,3,2,1
4605763,7977505,1,12,-11
4605763,7977505,3,13,-10
4605763,7977505,11,8,3
4044158,6261591,6,4,2
5207671,7135033,7,4,3
6999014,7479910,5,7,-2
6999014,7479910,8,10,-2
6120350,6517419,1,1,0
6120350,6517419,2,2,0
6120350,6517419,3,10,-7
6120350,6517419,6,7,-1
6272562,8001302,5,4,1
6457524,7654324,1,1,0
6457524,7654324,6,10,-4
6457524,7654324,12,12,0
4265618,7887517,2,11,-9
4414438,6313826,6,10,-4
4414438,6313826,8,2,6
6073190,7047348,5,13,-8
6073190,7047348,7,8,-1
5587526,8074515,7,3,4
7432723,7990326,1,1,0
7432723,7990326,11,2,9
7319238,8551796,3,2,1
7319238,8551796,4,1,3
7319238,8551796,6,3,3
7319238,8551796,7,12,-5
7319238,8551796,11,11,0
7319238,8551796,12,13,-1
5598887,6125643,1,2,-1
5598887,6125643,2,1,1
5598887,6125643,6,11,-5
5598887,6125643,7,3,4
4184425,8186400,8,11,-3
7096535,7748082,6,5,1
7096535,7748082,11,12,-1
5151120,7084189,1,4,-3
5027377,5249215,2,3,-1
5027377,5249215,3,1,2
5027377,5249215,4,9,-5
4773829,7109621,2,10,-8
4773829,7109621,12,8,4
4624782,5277806,9,7,2
7556552,8602837,1,1,0
7556552,8602837,3,2,1
7556552,8602837,5,6,-1
7556552,8602837,7,3,4
4894594,5272425,13,5,8
4285463,6846281,1,7,-6
4285463,6846281,3,5,-2
4285463,6846281,6,2,4
7673020,8590036,1,4,-3
4460842,7222424,2,5,-3
5363425,7092376,10,3,7
3988374,5587105,8,5,3
4000091,5562866,5,2,3
4000091,5562866,9,3,6
4489123,7968170,1,8,-7
4489123,7968170,4,11,-7
5201976,7802388,1,1,0
5201976,7802388,2,2,0
5201976,7802388,10,5,5
5221844,8692196,6,2,4
4566574,4718303,5,2,3
4566574,4718303,10,1,9
5364083,7076856,10,7,3
4233274,6942840,1,1,0
5331972,8361078,2,3,-1
4764246,5281542,8,3,5
4519522,6204764,5,9,-4
4571685,6537417,5,5,0
4571685,6537417,10,3,7
7448958,8424236,1,1,0
7278689,8128169,4,2,2
7278689,8128169,7,5,2
7278689,8128169,13,1,12
4757497,8238264,2,1,1
4757497,8238264,4,2,2
4236807,4605299,6,1,5
7536046,8297428,1,3,-2
7536046,8297428,3,1,2
7536046,8297428,4,6,-2
5271693,7004678,2,1,1
5271693,7004678,5,8,-3
5271693,7004678,7,3,4
7653803,7917726,1,1,0
7653803,7917726,2,2,0
7653803,7917726,5,3,2
7653803,7917726,10,9,1
6411281,8049725,1,1,0
6411281,8049725,4,2,2
7324489,8340110,1,4,-3
7324489,8340110,3,3,0
7324489,8340110,11,8,3
6136016,7867247,3,9,-6
6136016,7867247,6,13,-7
6136016,7867247,8,5,3
7120844,7383523,1,4,-3
7120844,7383523,7,10,-3
5450490,8073933,2,1,1
5450490,8073933,6,13,-7
4484029,7058194,5,4,1
4607052,4906664,13,12,1
7431342,8240715,5,12,-7
7431342,8240715,6,5,1
5139383,5359992,4,4,0
5434994,7660947,5,7,-2
5428760,6654835,2,9,-7
5428760,6654835,11,12,-1
6472239,7049700,1,1,0
6472239,7049700,2,3,-1
6472239,7049700,3,5,-2
6472239,7049700,4,2,2
6472239,7049700,5,4,1
6472239,7049700,6,6,0
6472239,7049700,7,7,0
6472239,7049700,8,12,-4
6472239,7049700,9,9,0
6472239,7049700,10,11,-1
6472239,7049700,11,13,-2
6246996,7899712,1,1,0
6634622,8047507,1,1,0
6634622,8047507,3,5,-2
6634622,8047507,4,2,2
6634622,8047507,9,4,5
6634622,8047507,10,10,0
6634622,8047507,12,6,6
6634622,8047507,13,8,5
6504301,7482764,5,2,3
5397323,7489309,10,2,8
6144848,7079176,6,5,1
6144848,7079176,12,7,5
5016073,7459730,3,1,2
4667742,7191852,1,2,-1
7090089,8678230,2,8,-6
7090089,8678230,11,6,5
6147976,6850513,6,2,4
4597141,5596795,1,4,-3
7821185,8014060,1,8,-7
7821185,8014060,6,3,3
7821185,8014060,7,4,3
7821185,8014060,9,10,-1
7821185,8014060,11,2,9
4105491,6533884,4,1,3
4425384,7792406,3,6,-3
4425384,7792406,9,5,4
5322768,6072059,6,2,4
5233536,5347462,6,9,-3
5233536,5347462,8,10,-2
7978798,8681909,1,9,-8
7978798,8681909,7,3,4
7978798,8681909,8,5,3
3973376,6264059,1,1,0
7407196,7740283,1,6,-5
7407196,7740283,2,1,1
7407196,7740283,3,3,0
7407196,7740283,4,2,2
7407196,7740283,7,4,3
7407196,7740283,8,5,3
7407196,7740283,9,7,2
7407196,7740283,10,8,2
6634830,7438582,10,3,7
6549789,7546152,8,5,3
6194861,6870337,6,2,4
4995080,7925016,7,12,-5
4995080,7925016,12,1,11
4010885,5632434,2,12,-10
6152944,7686841,2,11,-9
6152944,7686841,3,2,1
6152944,7686841,4,4,0
6084572,6920041,7,3,4
6477392,8747315,10,5,5
4559796,4760380,1,5,-4
4559796,4760380,2,12,-10
4559796,4760380,4,1,3
4559796,4760380,11,13,-2
6503782,8748948,4,11,-7
6503782,8748948,5,4,1
6503782,8748948,6,7,-1
6503782,8748948,11,3,8
4582324,7585219,1,2,-1
4582324,7585219,3,3,0
4582324,7585219,6,12,-6
5559876,7711382,7,5,2
5034569,7552531,1,2,-1
5034569,7552531,3,9,-6
5034569,7552531,11,8,3
7025747,8087562,4,2,2
7025747,8087562,13,9,4
4643079,8136243,3,1,2
4643079,8136243,4,9,-5
4643079,8136243,12,4,8
4890090,7034672,6,2,4
4890090,7034672,10,9,1
5064244,5271660,1,1,0
5064244,5271660,2,12,-10
5064244,5271660,7,6,1
5064244,5271660,9,10,-1
4696595,7597498,6,13,-7
4696595,7597498,10,1,9
4696595,7597498,12,4,8
5265586,6260478,2,1,1
5265586,6260478,8,7,1
5265586,6260478,13,2,11
6654739,7660804,1,3,-2
6654739,7660804,2,4,-2
5604281,8293150,3,2,1
5604281,8293150,4,8,-4
5345272,7941001,5,5,0
4676092,5576480,11,6,5
4567817,5328209,1,7,-6
3966746,7709497,1,7,-6
3966746,7709497,3,12,-9
3966746,7709497,4,1,3
3966746,7709497,7,2,5
5082129,8157128,5,13,-8
7201313,8550338,2,2,0
7220390,8580211,1,1,0
7220390,8580211,2,2,0
7220390,8580211,3,3,0
7220390,8580211,4,4,0
7220390,8580211,5,5,0
7220390,8580211,6,6,0
7220390,8580211,7,7,0
7220390,8580211,8,8,0
7220390,8580211,9,9,0
7220390,8580211,10,10,0
7220390,8580211,11,11,0
7220390,8580211,12,12,0
7220390,8580211,13,13,0
7393279,8360857,4,6,-2
7393279,8360857,7,4,3
7393279,8360857,9,7,2
7826923,8528816,12,1,11
4297571,4766302,5,10,-5
4297571,4766302,6,4,2
4297571,4766302,12,12,0
5023368,5342539,2,7,-5
4413633,4497324,5,8,-3
4413633,4497324,8,5,3
4413633,4497324,12,11,1
6563909,7460642,1,1,0
6563909,7460642,3,7,-4
6563909,7460642,13,2,11
6839747,8111692,7,1,6
4361859,4670802,7,11,-4
4361859,4670802,10,10,0
6287968,8338297,7,1,6
7218232,8486070,1,2,-1
7218232,8486070,2,12,-10
7218232,8486070,8,1,7
5528842,7076892,3,1,2
5528842,7076892,8,13,-5
4774339,6916492,3,1,2
4774339,6916492,4,5,-1
4502345,6244239,1,1,0
4502345,6244239,4,2,2
4502345,6244239,6,5,1
6206913,7048751,3,2,1
6206913,7048751,4,9,-5
6206913,7048751,7,4,3
6206913,7048751,10,1,9
4938228,7753856,13,7,6
6673815,7572820,8,1,7
7352799,8396141,6,7,-1
7352799,8396141,8,2,6
7352799,8396141,9,11,-2
5521712,8107505,3,5,-2
5521712,8107505,5,1,4
6250373,7497246,1,5,-4
6122138,6487081,2,13,-11
3981285,4086898,1,3,-2
3981285,4086898,4,12,-8
3981285,4086898,6,11,-5
3981285,4086898,7,5,2
4776943,5395506,13,1,12
5079280,5344866,1,1,0
5079280,5344866,4,9,-5
5079280,5344866,11,4,7
5079280,5344866,12,5,7
4936570,7244217,11,6,5
5634052,6366930,2,1,1
5634052,6366930,8,3,5
5634052,6366930,10,2,8
7073578,8356935,2,7,-5
7073578,8356935,10,2,8
4420754,5239307,2,2,0
4420754,5239307,3,13,-10
6091058,7854230,2,2,0
6091058,7854230,3,6,-3
6091058,7854230,4,7,-3
6091058,7854230,12,12,0
5027264,7675758,1,3,-2
5027264,7675758,3,9,-6
5027264,7675758,8,2,6
5190761,6478776,3,5,-2
3971401,6065491,1,1,0
3971401,6065491,3,4,-1
4807114,7184321,2,3,-1
4807114,7184321,8,8,0
6215818,7447511,4,1,3
7266595,7779026,1,1,0
7266595,7779026,5,10,-5
7266595,7779026,6,3,3
7266595,7779026,8,13,-5
5198893,6067095,1,7,-6
5198893,6067095,2,2,0
4379434,5621393,1,2,-1
4379434,5621393,2,1,1
4379434,5621393,5,5,0
5220420,5488423,1,10,-9
5220420,5488423,5,9,-4
5220420,5488423,7,7,0
4265329,4723620,4,3,1
4265329,4723620,12,4,8
5084413,5374849,1,6,-5
5084413,5374849,3,1,2
5084413,5374849,7,2,5
4795683,5318863,4,6,-2
4795683,5318863,11,11,0
6816048,7605680,5,5,0
6816048,7605680,7,6,1
6816048,7605680,8,9,-1
6030736,7060404,7,3,4
6030736,7060404,11,2,9
4543962,7390302,4,4,0
4543962,7390302,5,8,-3
4543962,7390302,9,1,8
7658797,7964272,1,7,-6
7658797,7964272,3,10,-7
7658797,7964272,4,2,2
7658797,7964272,5,5,0
7658797,7964272,6,11,-5
7658797,7964272,7,4,3
7658797,7964272,10,3,7
6349525,8584896,1,9,-8
6349525,8584896,2,13,-11
6349525,8584896,3,3,0
6349525,8584896,4,2,2
5571880,6420579,1,5,-4
5571880,6420579,2,1,1
5276911,8588804,1,8,-7
5276911,8588804,2,5,-3
4991187,6100730,2,1,1
4991187,6100730,3,3,0
4575094,7731194,10,10,0
4575094,7731194,11,1,10
4111564,6487783,1,7,-6
4111564,6487783,3,3,0
6088204,7277259,10,6,4
7030815,7282648,3,4,-1
7030815,7282648,4,6,-2
6546092,7609832,5,1,4
6546092,7609832,10,10,0
5647321,7765905,1,2,-1
5647321,7765905,2,10,-8
6169739,6915349,1,9,-8
6169739,6915349,2,2,0
6169739,6915349,3,4,-1
6169739,6915349,4,6,-2
6169739,6915349,5,5,0
5225100,7772176,1,3,-2
4883505,5205177,7,2,5
3950301,6071984,4,6,-2
6234916,8439768,1,1,0
6234916,8439768,2,10,-8
6234916,8439768,3,7,-4
5615251,7248855,4,11,-7
5615251,7248855,6,13,-7
7149347,8249364,1,13,-12
7149347,8249364,5,9,-4
5454103,8412752,2,2,0
5454103,8412752,12,8,4
5078976,7300038,2,3,-1
5078976,7300038,4,9,-5
4429252,4712043,1,1,0
4429252,4712043,2,4,-2
4429252,4712043,3,5,-2
4429252,4712043,7,2,5
4429252,4712043,8,10,-2
4429252,4712043,9,6,3
4044391,4136367,3,1,2
4044391,4136367,5,3,2
4908199,5152975,1,6,-5
4908199,5152975,2,5,-3
4908199,5152975,3,8,-5
4087868,4688275,1,3,-2
4087868,4688275,2,13,-11
7673180,8656360,1,1,0
7673180,8656360,2,5,-3
7673180,8656360,9,12,-3
4016833,7665420,2,1,1
4016833,7665420,9,8,1
4604995,8070774,2,4,-2
4604995,8070774,4,1,3
6348979,6538774,1,1,0
6348979,6538774,5,9,-4
6348979,6538774,9,5,4
5150116,6484148,1,1,0
5150116,6484148,8,5,3
5150116,6484148,10,13,-3
5503552,6848905,3,13,-10
5503552,6848905,5,4,1
6124977,8482859,8,2,6
6124977,8482859,12,3,9
4892301,7370863,1,10,-9
4892301,7370863,3,3,0
4567652,5143253,2,6,-4
4634135,5313389,4,2,2
4634135,5313389,8,3,5
5258263,6482571,13,2,11
6363057,7304587,1,1,0
5455421,6392234,1,12,-11
5455421,6392234,4,7,-3
6491755,7533769,6,11,-5
4111297,8740050,2,3,-1
6527060,6896073,1,6,-5
6527060,6896073,2,5,-3
6527060,6896073,3,1,2
6527060,6896073,4,9,-5
6527060,6896073,6,4,2
6527060,6896073,10,3,7
6451415,7612367,9,2,7
5305203,6892112,2,7,-5
5305203,6892112,7,4,3
5079669,7586728,7,3,4
6071809,6664187,1,11,-10
4986736,8524146,5,1,4
3964980,7569710,1,1,0
3964980,7569710,3,2,1
3964980,7569710,4,9,-5
3964980,7569710,6,8,-2
3964980,7569710,9,3,6
3964980,7569710,12,11,1
3964980,7569710,13,4,9
4464117,7505030,9,13,-4
6650875,6952569,4,9,-5
6932426,8439765,3,1,2
6932426,8439765,13,8,5
4341954,7038242,4,8,-4
4560191,8465063,1,3,-2
4560191,8465063,4,4,0
4560191,8465063,13,12,1
5002170,6602161,1,3,-2
5002170,6602161,3,11,-8
4604788,6211252,7,4,3
4126137,8147485,1,2,-1
4126137,8147485,2,1,1
5006220,5346601,10,3,7
5006220,5346601,13,9,4
4752674,7637418,5,9,-4
4752674,7637418,7,6,1
4752674,7637418,11,8,3
8060476,8443159,1,1,0
8060476,8443159,11,2,9
4873547,7100911,1,2,-1
7017294,8327566,1,1,0
7017294,8327566,5,4,1
5063610,7953839,8,2,6
5007154,7614476,1,11,-10
5007154,7614476,4,6,-2
5007154,7614476,12,4,8
6339644,7218629,2,2,0
6339644,7218629,11,13,-2
4184196,7144250,8,5,3
6774590,8159162,3,6,-3
5633912,8433314,7,3,4
6616596,7666224,1,1,0
5238293,6237998,1,1,0
5238293,6237998,3,4,-1
5238293,6237998,5,3,2
5238293,6237998,7,12,-5
5233689,7652499,11,10,1
4093042,8641325,1,3,-2
4093042,8641325,12,8,4
4093042,8641325,13,4,9
4782814,7967006,5,3,2
5571431,6380505,2,1,1
5571431,6380505,10,12,-2
6379707,8377952,3,2,1
6379707,8377952,9,3,6
5526181,7858910,8,6,2
5409256,7063348,10,8,2
5089594,5492946,13,1,12
6671778,8132186,9,9,0
6671778,8132186,13,8,5
6337761,8077381,2,8,-6
6337761,8077381,8,12,-4
5118082,8678471,1,1,0
5118082,8678471,2,12,-10
5118082,8678471,8,10,-2
5118082,8678471,9,6,3
4555323,7534398,2,1,1
4555323,7534398,9,10,-1
6193971,8187588,5,3,2
4227155,8115152,6,6,0
4878389,6328498,1,2,-1
4878389,6328498,2,4,-2
4878389,6328498,3,8,-5
6119935,7660747,1,1,0
6119935,7660747,12,10,2
7048745,8690755,6,7,-1
5281038,7441970,1,3,-2
6096169,7837831,3,1,2
6076034,7774123,2,1,1
6076034,7774123,6,5,1
7272558,8145482,4,12,-8
7272558,8145482,12,6,6
6335029,7247364,6,2,4
6335029,7247364,7,3,4
6336124,6986101,1,8,-7
5623601,6295554,12,5,7
5268930,7664171,2,2,0
5268930,7664171,3,9,-6
4280090,4884161,1,4,-3
4280090,4884161,9,13,-4
4280090,4884161,11,7,4
4280090,4884161,13,2,11
5454009,8285203,4,8,-4
5454009,8285203,7,2,5
5375226,8234509,1,4,-3
5375226,8234509,12,8,4
5375226,8234509,13,3,10
6156974,6354070,1,6,-5
6544088,8381672,5,4,1
5358634,7951745,8,7,1
5573127,8006853,1,5,-4
5573127,8006853,7,7,0
4430629,7085335,12,3,9
4530418,6401455,1,1,0
4530418,6401455,7,2,5
4530418,6401455,10,4,6
6924757,7548110,1,3,-2
6924757,7548110,2,7,-5
6924757,7548110,4,10,-6
6924757,7548110,9,2,7
6417816,7064729,1,5,-4
6417816,7064729,5,4,1
6417816,7064729,6,1,5
5026160,7420672,9,12,-3
4425980,5312669,9,8,1
6297103,6566191,2,2,0
6297103,6566191,4,1,3
6298170,8107687,1,1,0
6298170,8107687,2,13,-11
6298170,8107687,6,8,-2
6298170,8107687,7,4,3
6298170,8107687,11,10,1
7504982,8305252,2,3,-1
7042029,8227687,2,3,-1
7042029,8227687,10,12,-2
7042029,8227687,11,1,10
7042029,8227687,12,9,3
7042029,8227687,13,7,6
3973346,5341589,1,2,-1
3973346,5341589,9,3,6
3973346,5341589,11,5,6
6349828,8251242,3,7,-4
6349828,8251242,5,3,2
6349828,8251242,7,4,3
6339621,7073113,3,4,-1
6339621,7073113,11,10,1
5418376,7498614,8,11,-3
5075694,6992596,1,4,-3
5075694,6992596,2,1,1
6892121,8463442,2,7,-5
6892121,8463442,5,13,-8
6892121,8463442,13,5,8
6261953,7067344,2,1,1
4895206,6866097,4,2,2
4895206,6866097,5,1,4
4895206,6866097,6,8,-2
6947772,8027695,4,4,0
4367876,5074558,5,9,-4
4367876,5074558,10,6,4
4011176,4294739,2,2,0
4011176,4294739,8,7,1
4011176,4294739,10,3,7
4381400,4713466,1,2,-1
4381400,4713466,2,1,1
4381400,4713466,4,13,-9
6174311,8057549,12,4,8
6246231,7532997,8,9,-1
4623754,6914507,11,11,0
4394875,4676698,1,3,-2
4394875,4676698,6,11,-5
4394875,4676698,7,13,-6
4394875,4676698,10,1,9
7712615,8387933,1,4,-3
7712615,8387933,3,6,-3
7712615,8387933,4,7,-3
7712615,8387933,5,8,-3
7712615,8387933,6,2,4
7542338,7830697,5,5,0
7542338,7830697,11,2,9
7542338,7830697,12,3,9
4053556,4526886,2,2,0
4053556,4526886,4,4,0
4053556,4526886,13,9,4
4632976,7728084,6,5,1
6241961,7691985,5,7,-2
4815452,6030353,13,1,12
5020181,5217475,1,10,-9
4427820,5051469,3,2,1
5047251,5320862,9,2,7
5055524,6360974,5,1,4
6233575,7650340,2,1,1
6233575,7650340,9,5,4
5396492,8094683,1,5,-4
6320117,8525303,3,7,-4
6271847,7098930,6,10,-4
5217010,7912552,6,2,4
6594244,8509164,13,13,0
4737802,7147792,7,3,4
4492523,7686074,3,8,-5
4492523,7686074,6,13,-7
4492523,7686074,13,10,3
6260222,8033600,10,6,4
7162676,8185795,3,10,-7
7162676,8185795,12,2,10
5366462,8162963,2,12,-10
6338790,8437966,7,8,-1
5408465,8175093,4,3,1
7318774,8267767,1,1,0
7318774,8267767,9,5,4
7318774,8267767,13,12,1
6063237,6503371,9,13,-4
4487910,7135128,1,2,-1
4487910,7135128,2,3,-1
4487910,7135128,5,1,4
4487910,7135128,6,5,1
4487910,7135128,7,6,1
4487910,7135128,8,11,-3
5267888,7107934,2,5,-3
4028925,7325787,1,10,-9
4028925,7325787,3,2,1
4204681,7407457,2,2,0
4204681,7407457,4,7,-3
4204681,7407457,6,8,-2
5391199,7632265,2,1,1
5391199,7632265,3,5,-2
6317028,7382258,5,9,-4
5092056,8485253,2,1,1
5092056,8485253,7,12,-5
5092056,8485253,9,13,-4
4068326,4958389,6,8,-2
5451014,8541724,2,13,-11
7881275,8023481,3,2,1
7881275,8023481,11,8,3
6840861,8376855,5,2,3
5068151,6468168,11,1,10
7755847,7948685,1,1,0
7755847,7948685,2,2,0
7755847,7948685,3,3,0
7755847,7948685,4,4,0
7755847,7948685,5,7,-2
7755847,7948685,6,5,1
7755847,7948685,7,6,1
7755847,7948685,8,8,0
7755847,7948685,9,9,0
7755847,7948685,10,10,0
7755847,7948685,11,11,0
7755847,7948685,12,12,0
7755847,7948685,13,13,0
4495754,4986010,2,6,-4
4495754,4986010,6,8,-2
6364597,8534981,1,7,-6
6364597,8534981,6,4,2
6364597,8534981,7,6,1
4466380,4676195,2,5,-3
4466380,4676195,8,2,6
4466380,4676195,12,3,9
5385166,6546946,1,2,-1
5385166,6546946,3,3,0
5557620,6292029,1,3,-2
5557620,6292029,2,2,0
5557620,6292029,7,1,6
4789306,7264519,9,10,-1
7531688,8574406,1,3,-2
7531688,8574406,3,7,-4
7531688,8574406,4,5,-1
4780664,5310470,1,1,0
4780664,5310470,5,3,2
4780664,5310470,6,12,-6
6307537,6642920,3,3,0
6646662,7122079,3,9,-6
6068570,7121160,2,5,-3
6068570,7121160,8,11,-3
6068570,7121160,12,6,6
4950408,6911570,1,2,-1
7026219,8360001,3,1,2
6460040,7650296,3,10,-7
6460040,7650296,10,11,-1
4431567,7794880,5,6,-1
6302815,7837581,1,2,-1
6302815,7837581,4,4,0
6302815,7837581,8,5,3
6302815,7837581,10,10,0
5634250,8336430,8,11,-3
6155099,7077741,4,10,-6
6671705,7287132,5,1,4
6288332,7206197,5,2,3
6288332,7206197,7,3,4
7110575,7693311,2,2,0
7110575,7693311,4,7,-3
7110575,7693311,7,11,-4
6369595,7898275,2,6,-4
5341044,8067948,4,1,3
5341044,8067948,6,10,-4
5341044,8067948,8,7,1
6269472,8264009,9,1,8
6291891,7700456,2,7,-5
6291891,7700456,4,2,2
6291891,7700456,6,5,1
6291891,7700456,9,4,5
4264705,7055429,4,1,3
4264705,7055429,6,11,-5
4264705,7055429,9,2,7
4264705,7055429,10,9,1
6662469,7716852,8,13,-5
6662469,7716852,9,2,7
6662469,7716852,10,1,9
4673406,4840627,1,1,0
4673406,4840627,4,13,-9
4673406,4840627,10,7,3
5452223,6259996,3,2,1
5452223,6259996,13,3,10
5400247,6087837,4,7,-3
6275786,7425835,1,5,-4
6275786,7425835,2,8,-6
6275786,7425835,4,10,-6
5025874,8191654,3,1,2
5025874,8191654,9,2,7
5025874,8191654,12,7,5
6376933,7193832,11,5,6
6376933,7193832,13,12,1
6352783,7812111,9,7,2
6352783,7812111,10,4,6
6352783,7812111,11,1,10
5340630,6368690,1,3,-2
6296643,7578849,2,2,0
3999473,5636564,2,3,-1
3999473,5636564,9,4,5
5161157,6538929,2,2,0
5161157,6538929,11,4,7
5161157,6538929,13,13,0
5505030,6457289,1,2,-1
5505030,6457289,9,8,1
5505030,6457289,12,10,2
6848508,8167052,1,12,-11
5124728,8641168,2,3,-1
5124728,8641168,3,5,-2
4820290,5074315,6,4,2
4820290,5074315,8,2,6
4623954,4901209,1,11,-10
4623954,4901209,2,2,0
5032801,5600278,5,2,3
5032801,5600278,7,6,1
5364633,7678301,8,1,7
7093958,8222584,11,1,10
4385296,8228165,1,2,-1
4385296,8228165,4,10,-6
4385296,8228165,8,6,2
4132703,4325863,7,1,6
6617183,7141489,3,8,-5
6617183,7141489,4,3,1
6617183,7141489,5,5,0
6617183,7141489,11,2,9
4044553,6415610,10,1,9
5249983,6193547,7,6,1
4403805,4563036,1,2,-1
4403805,4563036,9,9,0
4403805,4563036,13,6,7
3934578,4106493,2,7,-5
3934578,4106493,3,9,-6
3934578,4106493,7,2,5
4062188,4702079,1,1,0
4062188,4702079,3,12,-9
4062188,4702079,6,8,-2
4062188,4702079,8,13,-5
4062188,4702079,10,6,4
7558740,7706933,2,1,1
7558740,7706933,4,8,-4
7558740,7706933,9,5,4
7558740,7706933,10,7,3
6641513,7106011,2,6,-4
6641513,7106011,11,3,8
7181696,7752553,5,5,0
5453596,5597500,5,2,3
5453596,5597500,11,11,0
4041431,6891303,1,1,0
4041431,6891303,3,11,-8
5399363,8124057,6,9,-3
6192305,8275516,2,1,1
6192305,8275516,9,8,1
6192305,8275516,10,12,-2
6357575,7637005,2,1,1
6357575,7637005,9,10,-1
6357575,7637005,10,7,3
4810241,5281206,1,6,-5
6355216,8257648,3,11,-8
4385393,4875222,3,2,1
4385393,4875222,4,11,-7
4385393,4875222,13,1,12
4565847,6428901,3,12,-9
4565847,6428901,6,3,3
4565847,6428901,10,10,0
4565847,6428901,11,11,0
4902816,5373030,2,8,-6
4902816,5373030,8,7,1
5653830,7655926,1,4,-3
5578269,8615368,1,6,-5
5578269,8615368,2,12,-10
5578269,8615368,9,2,7
5415476,6457561,2,2,0
5415476,6457561,9,7,2
5415476,6457561,10,10,0
5147290,8163184,6,4,2
5147290,8163184,9,6,3
7029732,8052638,2,1,1
7574321,8051319,4,11,-7
6240109,7672546,2,3,-1
6180886,6635825,1,2,-1
6180886,6635825,3,1,2
5309310,7990663,2,6,-4
5309310,7990663,4,1,3
5030433,6849242,2,2,0
5030433,6849242,3,3,0
5353733,6367404,2,6,-4
5353733,6367404,3,3,0
5353733,6367404,5,11,-6
5353733,6367404,8,4,4
5353733,6367404,9,8,1
6214923,8043534,11,2,9
6444101,6921468,7,2,5
6444101,6921468,10,13,-3
4538603,8357831,2,4,-2
4538603,8357831,9,1,8
6967125,7968998,1,3,-2
6967125,7968998,3,4,-1
6967125,7968998,6,10,-4
6967125,7968998,9,1,8
6967125,7968998,10,6,4
5533097,6542751,5,10,-5
6416730,7149074,1,1,0
6416730,7149074,2,2,0
6416730,7149074,3,3,0
6416730,7149074,4,4,0
6416730,7149074,5,5,0
6416730,7149074,6,8,-2
6416730,7149074,7,6,1
6416730,7149074,9,7,2
6416730,7149074,10,9,1
6416730,7149074,11,10,1
6416730,7149074,12,11,1
6416730,7149074,13,12,1
6165204,7837696,1,2,-1
5597171,7694983,2,10,-8
5597171,7694983,9,12,-3
5597171,7694983,10,13,-3
5597171,7694983,12,8,4
5402856,7096982,2,11,-9
6409257,7963588,2,9,-7
6409257,7963588,3,3,0
6409257,7963588,6,5,1
6856868,8406960,8,5,3
6856868,8406960,11,4,7
5204897,8527615,4,5,-1
5204897,8527615,6,3,3
7483229,8477571,6,5,1
6576317,7713609,6,10,-4
6576317,7713609,8,6,2
5652521,6489782,2,3,-1
5652521,6489782,3,9,-6
5652521,6489782,4,1,3
5652521,6489782,11,13,-2
6549346,7800846,1,1,0
6549346,7800846,2,11,-9
6549346,7800846,12,10,2
6549346,7800846,13,5,8
8105398,8686198,1,2,-1
6446763,8141684,6,1,5
6446763,8141684,7,11,-4
5086803,6488051,2,12,-10
5086803,6488051,3,5,-2
5086803,6488051,4,2,2
6194700,6934360,4,2,2
6348725,8129281,7,4,3
6348725,8129281,8,1,7
6348725,8129281,9,8,1
6292678,7873402,1,4,-3
6292678,7873402,5,12,-7
7268156,7893100,1,1,0
7268156,7893100,2,2,0
7268156,7893100,3,3,0
7268156,7893100,4,4,0
7268156,7893100,5,5,0
7268156,7893100,6,6,0
7268156,7893100,7,7,0
7268156,7893100,8,8,0
7268156,7893100,9,9,0
7268156,7893100,10,10,0
7268156,7893100,11,11,0
7268156,7893100,12,12,0
7268156,7893100,13,13,0
5655961,7942737,2,1,1
5655961,7942737,4,8,-4
6537243,8647269,4,1,3
8068824,8630611,8,11,-3
7039923,7665080,1,5,-4
7039923,7665080,6,2,4
7658407,8439398,3,1,2
5169196,7690869,5,6,-1
5169196,7690869,7,2,5
5117355,7676429,1,11,-10
5117355,7676429,2,7,-5
5117355,7676429,5,13,-8
6443784,8230593,7,9,-2
6250705,7717509,1,3,-2
6250705,7717509,7,6,1
5088032,6553028,5,4,1
5012475,7934144,1,12,-11
4686039,6074559,3,4,-1
7339743,8736808,11,3,8
6652241,8250863,2,2,0
6652241,8250863,11,1,10
5599251,7691023,1,2,-1
5599251,7691023,4,1,3
5599251,7691023,8,8,0
5599251,7691023,11,7,4
4791750,6510646,2,2,0
4791750,6510646,4,7,-3
7286371,7583504,1,1,0
7286371,7583504,3,3,0
7286371,7583504,5,4,1
7286371,7583504,11,2,9
6094726,7822897,2,1,1
6094726,7822897,13,5,8
7608214,8551817,1,11,-10
7608214,8551817,2,10,-8
7608214,8551817,9,3,6
7608214,8551817,12,4,8
7608214,8551817,13,5,8
4264487,8114928,2,2,0
4264487,8114928,5,1,4
4264487,8114928,12,6,6
6567357,7693017,6,4,2
5560603,8562419,9,12,-3
5560603,8562419,10,2,8
5200959,7380180,1,2,-1
5200959,7380180,2,3,-1
5200959,7380180,12,11,1
4769109,5635123,4,4,0
8058824,8698433,13,5,8
4117698,4299099,1,2,-1
4117698,4299099,2,3,-1
4117698,4299099,9,6,3
4117698,4299099,10,1,9
4117698,4299099,11,4,7
4056996,5192825,1,7,-6
6914862,7684286,4,2,2
5027134,6068364,1,1,0
5027134,6068364,2,6,-4
5027134,6068364,3,3,0
5027134,6068364,4,4,0
5027134,6068364,6,9,-3
5027134,6068364,11,8,3
5026487,5332499,1,1,0
4810424,8349896,13,2,11
7368979,8339183,1,3,-2
7368979,8339183,2,2,0
7368979,8339183,3,5,-2
7368979,8339183,4,8,-4
7368979,8339183,8,6,2
4527231,4784212,10,4,6
5108650,5316694,3,1,2
5108650,5316694,5,10,-5
5108650,5316694,6,13,-7
5108650,5316694,12,5,7
4743959,6944228,2,10,-8
4743959,6944228,7,2,5
4743959,6944228,11,5,6
6318870,7589883,5,13,-8
6318870,7589883,7,1,6
6485232,7677314,1,2,-1
6485232,7677314,8,11,-3
4864618,7044363,10,7,3
4849260,8349403,4,1,3
4849260,8349403,8,7,1
4849260,8349403,10,8,2
4849260,8349403,12,11,1
4849260,8349403,13,12,1
4341038,7662616,1,1,0
4341038,7662616,7,2,5
4322101,5026102,3,1,2
4322101,5026102,11,7,4
4356797,4402292,1,1,0
4356797,4402292,2,3,-1
4356797,4402292,3,6,-3
4356797,4402292,8,5,3
4356797,4402292,12,11,1
6920627,7825685,2,2,0
7548320,8149419,6,4,2
5236410,7565206,1,10,-9
5236410,7565206,10,2,8
6402707,7373286,8,2,6
5323322,6421609,2,2,0
5450235,7910790,11,4,7
3990933,5323586,1,4,-3
7043727,7792784,7,3,4
7223612,8461035,2,5,-3
7223612,8461035,3,9,-6
7223612,8461035,4,7,-3
4184683,8246047,2,1,1
4184683,8246047,9,6,3
5057761,5157318,1,2,-1
5057761,5157318,4,1,3
5057761,5157318,10,3,7
6417231,7041840,1,7,-6
6417231,7041840,6,9,-3
4869899,5196184,2,5,-3
4869899,5196184,10,9,1
4869899,5196184,13,11,2
4316351,4936078,1,2,-1
4316351,4936078,11,8,3
8042546,8505535,11,8,3
5324804,6987155,2,1,1
5324804,6987155,12,13,-1
5274596,8370596,1,1,0
5274596,8370596,3,7,-4
5095224,8340742,4,1,3
6664911,7671777,1,4,-3
6664911,7671777,4,1,3
6664911,7671777,7,11,-4
6664911,7671777,8,6,2
6664911,7671777,9,12,-3
6664911,7671777,12,7,5
7098976,7703931,1,1,0
7098976,7703931,3,4,-1
7098976,7703931,10,9,1
4441135,4796147,1,8,-7
4441135,4796147,2,1,1
4441135,4796147,10,11,-1
4435011,6471297,1,1,0
4435011,6471297,2,2,0
4435011,6471297,7,11,-4
4435011,6471297,8,5,3
4435011,6471297,10,3,7
8073558,8676953,2,1,1
8073558,8676953,6,3,3
8073558,8676953,13,11,2
4021347,7651611,2,6,-4
4021347,7651611,10,1,9
6547820,7905914,12,4,8
4864127,5321612,2,4,-2
4864127,5321612,13,5,8
6193379,8730553,2,10,-8
6193379,8730553,3,7,-4
6193379,8730553,4,9,-5
6977867,7679994,4,4,0
6977867,7679994,12,5,7
6571552,7062921,4,10,-6
6571552,7062921,6,13,-7
6571552,7062921,7,1,6
6571552,7062921,12,4,8
6193673,8262586,1,2,-1
5554352,8030253,4,9,-5
4133068,5337433,5,13,-8
4133068,5337433,6,8,-2
6248217,7906457,4,9,-5
5345270,7129992,2,7,-5
5595618,6142986,7,10,-3
5114832,6524379,8,5,3
5586735,7837142,10,4,6
5597980,6946604,4,1,3
5597980,6946604,5,4,1
4551862,8282069,5,11,-6
4883110,5121787,4,5,-1
4698395,7060787,3,1,2
4698395,7060787,5,2,3
4698395,7060787,11,5,6
4241429,5157637,2,5,-3
7135667,8149399,11,3,8
5583323,6181329,1,1,0
3962833,4713912,1,2,-1
6499664,7320431,1,10,-9
6499664,7320431,2,12,-10
6499664,7320431,4,13,-9
6499664,7320431,5,7,-2
6499664,7320431,6,5,1
6251595,8278121,5,4,1
5328242,7240966,3,2,1
5328242,7240966,4,11,-7
5328242,7240966,5,3,2
5328242,7240966,12,5,7
3937357,8113376,4,6,-2
3937357,8113376,7,1,6
3937357,8113376,12,9,3
5596978,6460531,5,8,-3
5656277,6849263,9,7,2
4807727,4876797,1,11,-10
4807727,4876797,12,5,7
4759136,7644518,5,12,-7
4759136,7644518,10,5,5
7199006,8598654,4,2,2
7199006,8598654,7,1,6
7199006,8598654,11,10,1
6217554,7044934,7,6,1
6217554,7044934,9,1,8
5178577,8591296,3,1,2
5178577,8591296,10,5,5
6144996,6981256,9,1,8
4933873,8250483,1,12,-11
4933873,8250483,3,10,-7
5226999,6979384,1,4,-3
5226999,6979384,3,10,-7
5416495,6433769,2,5,-3
6848228,8272190,10,2,8
5370678,5643197,1,8,-7
5370678,5643197,6,2,4
5105599,6546699,1,1,0
5142335,5311265,1,1,0
5142335,5311265,2,2,0
5142335,5311265,9,13,-4
5244835,5482869,5,1,4
5244835,5482869,12,6,6
5483741,6337577,2,8,-6
5483741,6337577,6,3,3
5483741,6337577,7,1,6
4750010,5272490,10,6,4
5634187,7652801,1,1,0
5634187,7652801,3,3,0
5447150,8381719,3,5,-2
5447150,8381719,6,1,5
4982605,7418878,7,3,4
4441385,4953091,2,2,0
4441385,4953091,4,11,-7
5113519,6931545,10,11,-1
7026833,7589518,1,5,-4
7026833,7589518,8,10,-2
6888473,8033328,4,11,-7
5132248,8197882,13,3,10
6438055,6909658,1,1,0
6438055,6909658,2,8,-6
6438055,6909658,3,10,-7
6438055,6909658,4,6,-2
6438055,6909658,8,9,-1
6438055,6909658,9,3,6
6438055,6909658,11,12,-1
4889698,7771683,12,12,0
6388335,7102892,2,6,-4
6388335,7102892,9,8,1
4760532,6064993,2,2,0
4760532,6064993,3,9,-6
4760532,6064993,7,13,-6
4760532,6064993,10,6,4
4161420,4457051,2,6,-4
4161420,4457051,5,4,1
6427366,7661212,1,5,-4
6427366,7661212,8,10,-2
5249356,5455894,9,2,7
4308845,4345569,3,2,1
4308845,4345569,8,11,-3
4768787,8376877,1,5,-4
4768787,8376877,3,4,-1
4492432,7961393,9,3,6
6170696,8146763,3,12,-9
6327575,7117183,3,12,-9
4944690,6471541,1,1,0
4944690,6471541,3,3,0
4944690,6471541,4,4,0
4944690,6471541,8,11,-3
4944690,6471541,10,2,8
4942876,5252090,3,1,2
5629752,8620088,4,5,-1
6407195,8063166,3,1,2
6407195,8063166,7,2,5
6407195,8063166,12,5,7
6258506,8569429,3,7,-4
6258506,8569429,5,12,-7
6570968,8340259,2,2,0
5005152,5210837,5,3,2
5285372,7057611,7,4,3
5511455,6639135,2,5,-3
5511455,6639135,5,1,4
6978834,8162055,1,1,0
4296454,4706808,12,7,5
4599162,4784749,1,4,-3
4599162,4784749,2,1,1
4599162,4784749,4,5,-1
4599162,4784749,10,9,1
4599162,4784749,13,3,10
7061131,7268442,1,12,-11
7061131,7268442,4,6,-2
7061131,7268442,5,7,-2
7061131,7268442,9,5,4
7061131,7268442,13,8,5
3944706,4070524,1,6,-5
3944706,4070524,2,3,-1
3944706,4070524,3,2,1
3944706,4070524,6,10,-4
3944706,4070524,11,7,4
4557670,5333999,1,5,-4
4557670,5333999,4,2,2
4557670,5333999,5,1,4
4557670,5333999,10,9,1
4557670,5333999,12,6,6
8195130,8526920,1,1,0
8195130,8526920,3,5,-2
8195130,8526920,4,6,-2
8195130,8526920,11,13,-2
6242534,6848487,1,1,0
6242534,6848487,2,6,-4
5190634,8658022,4,3,1
5190634,8658022,5,1,4
7524829,8524676,1,1,0
7524829,8524676,2,2,0
7524829,8524676,5,4,1
7524829,8524676,9,7,2
5019903,8358374,1,6,-5
5019903,8358374,7,3,4
4692234,5284994,1,1,0
4692234,5284994,3,12,-9
4692234,5284994,5,5,0
4692234,5284994,7,8,-1
7591422,8281994,8,3,5
6157669,7436812,8,13,-5
5600629,7027424,1,7,-6
7313502,7880607,2,10,-8
7313502,7880607,4,11,-7
6585158,7723659,11,12,-1
6086874,8734800,1,2,-1
6086874,8734800,8,4,4
5602136,7468372,7,13,-6
5602136,7468372,9,2,7
5602136,7468372,12,5,7
4056088,4538586,1,12,-11
4056088,4538586,2,9,-7
4056088,4538586,8,4,4
5128938,7187928,1,1,0
4136422,4762338,1,6,-5
4136422,4762338,3,9,-6
4136422,4762338,10,12,-2
4136422,4762338,13,13,0
4532594,5093793,6,3,3
4035513,5153230,8,2,6
5152348,7096968,5,3,2
5152348,7096968,10,4,6
5453090,6168616,1,1,0
5453090,6168616,5,10,-5
5453090,6168616,9,8,1
6122633,7707259,8,1,7
4066041,8104423,4,6,-2
4066041,8104423,7,4,3
4066041,8104423,11,9,2
5265378,6093280,1,1,0
5265378,6093280,2,4,-2
5196846,6452507,9,4,5
6232842,8325848,2,1,1
6232842,8325848,5,13,-8
6232842,8325848,8,8,0
6232842,8325848,10,4,6
6232842,8325848,11,2,9
4807037,7692706,1,1,0
4807037,7692706,8,3,5
7545239,8476809,2,7,-5
7545239,8476809,3,3,0
4764298,5194167,1,9,-8
7532411,8553335,1,5,-4
7532411,8553335,2,1,1
7532411,8553335,4,2,2
7532411,8553335,6,8,-2
7532411,8553335,8,9,-1
7532411,8553335,9,7,2
7532411,8553335,10,11,-1
6183563,7661386,5,5,0
6183563,7661386,10,7,3
7338670,7790204,1,1,0
7338670,7790204,2,2,0
7338670,7790204,3,3,0
7338670,7790204,4,4,0
7338670,7790204,5,5,0
7338670,7790204,6,6,0
7338670,7790204,7,7,0
7338670,7790204,8,8,0
7338670,7790204,9,9,0
7338670,7790204,10,10,0
7338670,7790204,11,11,0
7338670,7790204,12,12,0
7338670,7790204,13,13,0
5646558,7263563,2,3,-1
5646558,7263563,6,7,-1
5261569,6837402,11,7,4
5175120,6490204,4,11,-7
5343909,7335337,1,1,0
6931544,8424082,3,6,-3
5593285,8734127,1,5,-4
5593285,8734127,2,8,-6
5593285,8734127,4,12,-8
5593285,8734127,11,4,7
4944732,5395352,6,4,2
4892519,6149673,6,10,-4
6160281,7087883,1,4,-3
6160281,7087883,3,6,-3
6160281,7087883,6,8,-2
6160281,7087883,10,12,-2
5261459,6669681,2,3,-1
5068493,6652777,2,8,-6
5068493,6652777,4,2,2
6526300,8660626,3,2,1
4356504,4924287,3,11,-8
4755933,6421762,2,1,1
4755933,6421762,3,6,-3
4755933,6421762,12,4,8
6131138,6640147,5,4,1
4501292,6267137,2,1,1
4501292,6267137,3,4,-1
4501292,6267137,4,7,-3
4721832,7109423,6,13,-7
4721832,7109423,7,5,2
7018304,7722478,3,6,-3
7018304,7722478,5,3,2
7018304,7722478,6,1,5
7018304,7722478,7,4,3
6868292,8615326,8,13,-5
6868292,8615326,11,12,-1
4337731,6526950,6,13,-7
4337731,6526950,9,2,7
6594664,8719703,4,2,2
5216235,6407373,3,6,-3
5216235,6407373,5,8,-3
4341221,6968236,2,2,0
6156678,7285576,1,1,0
6156678,7285576,2,10,-8
6156678,7285576,6,12,-6
5339423,7197515,3,8,-5
5339423,7197515,13,10,3
6937832,8676090,8,1,7
5292316,6648869,4,3,1
5114066,6484922,1,5,-4
5114066,6484922,2,3,-1
5114066,6484922,13,4,9
5303525,8646220,2,5,-3
5303525,8646220,11,7,4
5093546,5520218,2,1,1
5093546,5520218,5,4,1
5093546,5520218,6,12,-6
6141347,7454484,2,1,1
6157658,7206328,2,2,0
6157658,7206328,3,8,-5
6900528,7652381,10,10,0
5596604,7801225,1,3,-2
5596604,7801225,3,7,-4
5596604,7801225,8,4,4
5596604,7801225,13,5,8
6227587,8567512,9,13,-4
4545793,4986050,1,13,-12
4545793,4986050,2,12,-10
4545793,4986050,5,2,3
4545793,4986050,7,4,3
4845077,7695721,6,5,1
5235971,5649531,2,6,-4
5235971,5649531,7,4,3
4773141,5146665,9,3,6
4858000,6467089,1,1,0
4858000,6467089,6,13,-7
5255813,7780024,6,1,5
5255813,7780024,11,6,5
6401526,7459138,1,1,0
6401526,7459138,7,6,1
6401526,7459138,13,3,10
5038211,8161514,1,7,-6
5038211,8161514,2,1,1
5038211,8161514,8,12,-4
5014808,5188192,1,6,-5
5014808,5188192,4,4,0
5014808,5188192,8,13,-5
5014808,5188192,13,12,1
7530894,8727866,1,1,0
7530894,8727866,2,2,0
7530894,8727866,9,4,5
6438035,8116142,5,4,1
7214994,7390756,6,4,2
7214994,7390756,11,10,1
4892820,8247193,6,3,3
4892820,8247193,8,8,0
4892820,8247193,10,11,-1
4894164,6974463,2,7,-5
4894164,6974463,3,4,-1
4894164,6974463,7,9,-2
4894164,6974463,12,1,11
6232690,6531799,2,2,0
6232690,6531799,4,8,-4
6232690,6531799,6,13,-7
6232690,6531799,9,4,5
6665395,7050569,2,2,0
4570448,8147302,3,13,-10
5229583,7100994,5,11,-6
5229583,7100994,7,6,1
6204809,7982666,12,7,5
5575027,7600281,4,9,-5
5575027,7600281,8,2,6
5575027,7600281,9,1,8
5480410,7344547,3,5,-2
5448983,7240672,2,4,-2
5448983,7240672,3,3,0
5400675,7628095,4,9,-5
5400675,7628095,5,7,-2
5241210,7691734,1,10,-9
5241210,7691734,2,6,-4
7708551,8282386,5,2,3
7708551,8282386,6,12,-6
7708551,8282386,13,11,2
4910857,5568746,10,11,-1
6453535,7093850,1,3,-2
6453535,7093850,2,10,-8
4109030,6365490,4,9,-5
4109030,6365490,6,6,0
5315237,7688091,5,8,-3
4464543,6411681,2,2,0
4464543,6411681,12,11,1
4464543,6411681,13,12,1
6252326,6885124,1,1,0
6252326,6885124,5,3,2
5384022,8361294,3,1,2
5384022,8361294,12,2,10
5181214,7826503,1,3,-2
5181214,7826503,3,12,-9
5280909,7666094,2,4,-2
5280909,7666094,3,3,0
5280909,7666094,5,5,0
5280909,7666094,7,2,5
7350089,7752490,4,1,3
7350089,7752490,7,2,5
7350089,7752490,9,7,2
7350089,7752490,11,11,0
6645656,7877120,10,8,2
5635638,7677099,1,2,-1
6661239,8598829,2,3,-1
6990654,7712024,2,13,-11
6990654,7712024,5,9,-4
7073129,8566413,1,5,-4
6066168,7258697,1,2,-1
5186405,5340043,1,10,-9
5186405,5340043,2,1,1
5186405,5340043,9,3,6
5186405,5340043,13,11,2
7629778,7791327,1,1,0
7629778,7791327,4,6,-2
7629778,7791327,5,7,-2
7629778,7791327,9,9,0
7629778,7791327,12,13,-1
7629778,7791327,13,5,8
4269280,6073715,9,5,4
5538848,6395518,1,3,-2
5538848,6395518,2,11,-9
5538848,6395518,5,10,-5
5538848,6395518,6,5,1
5538848,6395518,10,7,3
5538848,6395518,12,1,11
6348468,7074959,6,2,4
4637824,5147557,2,3,-1
4637824,5147557,3,6,-3
4637824,5147557,5,9,-4
4637824,5147557,8,5,3
5256863,8052053,4,10,-6
7059352,8262614,3,7,-4
7059352,8262614,8,13,-5
7463308,8035741,2,5,-3
4271507,6119168,5,6,-1
4163734,4351743,3,4,-1
4163734,4351743,8,8,0
4163734,4351743,12,6,6
7340734,8640088,5,7,-2
5270300,8551099,5,2,3
4983481,6099996,4,3,1
4983481,6099996,6,1,5
4983481,6099996,7,2,5
7600283,8266751,6,2,4
7600283,8266751,12,1,11
6266619,8280635,2,1,1
6266619,8280635,4,4,0
4345221,7728684,1,1,0
4345221,7728684,8,6,2
7444184,8738126,2,4,-2
7444184,8738126,6,7,-1
6923677,7011540,3,5,-2
6175761,6466813,1,11,-10
6175761,6466813,9,13,-4
6148652,8082766,1,1,0
6148652,8082766,4,2,2
6224782,7300976,1,1,0
6224782,7300976,4,6,-2
5316984,6917433,10,12,-2
7386909,8387196,7,8,-1
6646864,6995976,1,1,0
6646864,6995976,2,5,-3
6646864,6995976,3,2,1
6646864,6995976,4,3,1
6646864,6995976,5,6,-1
6646864,6995976,6,7,-1
6646864,6995976,7,8,-1
6646864,6995976,8,9,-1
6646864,6995976,9,10,-1
6646864,6995976,10,11,-1
6646864,6995976,11,12,-1
6646864,6995976,12,13,-1
6911884,8487722,3,8,-5
6911884,8487722,11,11,0
4829554,5278890,2,1,1
4829554,5278890,3,12,-9
4829554,5278890,5,7,-2
5651785,7717899,1,1,0
5651785,7717899,2,3,-1
5651785,7717899,12,4,8
6885874,7555517,2,5,-3
5217442,8568360,3,1,2
5217442,8568360,13,4,9
5167628,6527979,1,13,-12
5167628,6527979,10,1,9
5050880,7614948,4,3,1
4698760,7114134,6,9,-3
4698760,7114134,10,6,4
5112288,5454776,1,1,0
5112288,5454776,5,3,2
5112288,5454776,9,4,5
5112288,5454776,12,11,1
7590795,8605522,2,13,-11
6407455,7419865,10,10,0
6407455,7419865,13,11,2
5192673,8420375,3,4,-1
5280909,8251791,2,1,1
5280909,8251791,4,8,-4
5280909,8251791,7,11,-4
3970466,5371048,1,4,-3
5383776,7341695,8,5,3
7356234,7974507,4,1,3
7356234,7974507,5,3,2
6613018,8088130,12,10,2
8113886,8508945,2,1,1
8113886,8508945,11,7,4
5036341,6074045,10,2,8
6162097,6551141,1,2,-1
6162097,6551141,6,7,-1
6162097,6551141,10,8,2
6240409,7660819,10,3,7
6505160,8045952,11,10,1
6505160,8045952,12,3,9
6251747,6566225,2,3,-1
6251747,6566225,3,4,-1
6251747,6566225,8,5,3
6895036,7848272,4,1,3
6986033,8572587,4,3,1
4694411,4945503,1,2,-1
4694411,4945503,6,6,0
4694411,4945503,9,4,5
6295850,7308811,3,7,-4
6295850,7308811,5,5,0
6295850,7308811,6,12,-6
6081429,6653208,3,8,-5
6081429,6653208,9,2,7
7907952,8340675,1,12,-11
5415780,7156989,5,2,3
4297590,8084994,1,5,-4
5062676,8627523,6,3,3
5062676,8627523,7,2,5
4843381,6452589,3,2,1
4843381,6452589,5,4,1
4843381,6452589,9,1,8
5370921,8709189,2,7,-5
5370921,8709189,4,5,-1
5370921,8709189,5,1,4
5370921,8709189,11,8,3
5370921,8709189,13,2,11
7040550,7934669,8,3,5
5456954,6926621,1,1,0
5456954,6926621,2,2,0
5456954,6926621,5,11,-6
5484436,6458128,1,2,-1
5484436,6458128,2,11,-9
5484436,6458128,8,1,7
6651178,7812477,2,1,1
6651178,7812477,6,5,1
4529834,6204447,6,1,5
4625174,8222868,1,1,0
4625174,8222868,3,11,-8
4625174,8222868,5,12,-7
4625174,8222868,7,8,-1
4625174,8222868,10,2,8
4625174,8222868,11,7,4
6217590,8267945,1,5,-4
6217590,8267945,2,1,1
6217590,8267945,3,4,-1
6577386,7837383,5,6,-1
6577386,7837383,7,7,0
4302760,7564417,3,4,-1
5101344,6378061,3,1,2
5101344,6378061,4,8,-4
6090917,6200622,1,1,0
6090917,6200622,2,2,0
6090917,6200622,3,4,-1
6090917,6200622,11,3,8
5280782,6464634,1,1,0
5280782,6464634,8,4,4
7958742,8113248,5,1,4
7958742,8113248,7,7,0
6317684,7472019,1,7,-6
6317684,7472019,8,3,5
6317684,7472019,11,10,1
7006881,7827237,9,7,2
4362942,5329130,1,11,-10
4362942,5329130,2,1,1
4362942,5329130,4,3,1
4362942,5329130,5,12,-7
4362942,5329130,7,7,0
5140084,6488944,1,2,-1
5140084,6488944,5,13,-8
4612669,6414562,1,11,-10
4612669,6414562,2,9,-7
4612669,6414562,5,13,-8
4612669,6414562,8,2,6
4139083,5042623,1,3,-2
4139083,5042623,2,10,-8
4139083,5042623,3,4,-1
4139083,5042623,4,1,3
4139083,5042623,13,13,0
6902397,7748070,4,2,2
7461254,8707420,2,5,-3
7461254,8707420,8,2,6
5085506,7746519,2,1,1
4450477,5089885,2,3,-1
4110326,5591734,2,2,0
5127725,5400420,1,4,-3
5127725,5400420,4,11,-7
5127725,5400420,6,5,1
7298746,8509255,3,3,0
4241000,7045091,1,3,-2
4241000,7045091,4,9,-5
6391658,8659956,13,13,0
4539762,5279049,13,1,12
5075077,8114589,6,5,1
5075077,8114589,10,2,8
5179335,6930485,2,1,1
6203541,8734441,4,2,2
5378064,5581587,1,4,-3
5378064,5581587,2,11,-9
5378064,5581587,3,5,-2
5378064,5581587,4,3,1
4071847,7280072,4,13,-9
4071847,7280072,11,1,10
7332213,7922325,6,7,-1
7332213,7922325,12,4,8
5070436,8388164,7,1,6
5386579,6513094,3,3,0
4544359,7670580,2,1,1
4544359,7670580,7,2,5
4544359,7670580,9,3,6
4906782,5210307,1,1,0
4906782,5210307,13,7,6
6228034,7955267,2,6,-4
6228034,7955267,3,1,2
6228034,7955267,7,4,3
6317783,8244635,1,12,-11
6317783,8244635,2,6,-4
6317783,8244635,9,3,6
4336028,5458906,1,3,-2
4336028,5458906,2,1,1
4336028,5458906,4,6,-2
5129682,6986306,3,8,-5
5129682,6986306,8,2,6
5129682,6986306,10,11,-1
5129682,6986306,12,4,8
5377024,6268930,2,2,0
5377024,6268930,12,10,2
4329985,7063681,4,1,3
4329985,7063681,13,6,7
6630110,7654822,1,4,-3
5511285,8540294,1,1,0
5511285,8540294,2,4,-2
5511285,8540294,3,5,-2
5511285,8540294,11,12,-1
6191554,7726412,3,8,-5
6179765,7083560,1,12,-11
6179765,7083560,3,2,1
6179765,7083560,5,4,1
6179765,7083560,8,3,5
6179765,7083560,11,5,6
5481121,6300659,2,12,-10
5481121,6300659,4,8,-4
5481121,6300659,13,1,12
6527326,7246839,1,7,-6
6527326,7246839,4,6,-2
6527326,7246839,7,11,-4
5169385,8123724,8,8,0
5503487,8523234,1,2,-1
6544485,7220295,2,5,-3
6544485,7220295,3,2,1
6544485,7220295,6,3,3
6544485,7220295,8,9,-1
6168436,7014464,2,4,-2
6168436,7014464,3,5,-2
6168436,7014464,5,2,3
6168436,7014464,10,6,4
4441978,6660150,8,6,2
4965188,6074818,1,1,0
4965188,6074818,2,6,-4
4965188,6074818,3,3,0
5401589,6562111,2,6,-4
5401589,6562111,6,1,5
6522888,7092722,3,4,-1
6522888,7092722,5,12,-7
6522888,7092722,7,1,6
6522888,7092722,13,8,5
7245336,8427288,6,6,0
4888231,7824594,7,1,6
5588015,6448582,11,6,5
5198270,6532774,2,3,-1
5198270,6532774,3,8,-5
5198270,6532774,5,7,-2
5198270,6532774,6,10,-4
5209737,8672890,1,2,-1
5209737,8672890,4,4,0
5209737,8672890,12,9,3
5209737,8672890,13,1,12
5411519,8123743,1,1,0
5411519,8123743,6,5,1
4269690,5203979,1,9,-8
4715139,5109622,5,6,-1
4715139,5109622,6,2,4
4399698,6631638,3,3,0
4705001,4899713,1,11,-10
4705001,4899713,2,6,-4
4863225,6982817,1,1,0
4863225,6982817,3,11,-8
4863225,6982817,6,5,1
6184727,7417817,2,5,-3
6184727,7417817,4,8,-4
6184727,7417817,12,2,10
5087515,5571621,1,5,-4
5087515,5571621,4,8,-4
5103226,8600628,1,11,-10
7376266,7889915,2,1,1
6027501,8663216,1,5,-4
6027501,8663216,2,1,1
6027501,8663216,5,2,3
6027501,8663216,11,12,-1
4827867,7524383,8,1,7
4771776,5147302,1,1,0
4771776,5147302,6,3,3
5075218,5344870,9,9,0
6070252,7155646,2,1,1
6592598,7799084,12,12,0
6330346,8355545,3,8,-5
6330346,8355545,6,1,5
6491131,7245053,4,6,-2
5163027,7617715,2,6,-4
5163027,7617715,4,2,2
5163027,7617715,5,4,1
6290906,7146746,3,6,-3
6290906,7146746,4,3,1
4001960,6854915,3,6,-3
4001960,6854915,12,10,2
7680943,8127349,1,2,-1
4707218,7027156,8,2,6
4749512,6258771,4,6,-2
4749512,6258771,5,7,-2
4749512,6258771,7,8,-1
5361227,6188614,1,2,-1
5361227,6188614,3,4,-1
5361227,6188614,12,3,9
4358102,5286018,5,6,-1
4358102,5286018,11,12,-1
7454351,8639516,6,4,2
7454351,8639516,9,5,4
6346089,7591846,1,8,-7
6346089,7591846,5,6,-1
6346089,7591846,9,4,5
6476890,7714960,3,5,-2
6476890,7714960,4,2,2
6476890,7714960,5,6,-1
6476890,7714960,6,8,-2
6476890,7714960,9,10,-1
6476890,7714960,10,11,-1
6602361,7604704,5,8,-3
6602361,7604704,7,12,-5
6602361,7604704,9,2,7
4872386,5252777,1,1,0
4872386,5252777,7,6,1
6558333,8556815,2,6,-4
6558333,8556815,7,11,-4
8049571,8421431,2,4,-2
8049571,8421431,4,9,-5
7240463,8122676,1,2,-1
7240463,8122676,2,6,-4
7240463,8122676,4,3,1
7240463,8122676,12,12,0
5434722,6411457,3,13,-10
6397056,7936256,3,5,-2
4949887,5499401,1,4,-3
4949887,5499401,9,2,7
5345376,8498698,2,10,-8
4561685,6955383,5,1,4
4561685,6955383,10,11,-1
6232147,8456013,11,3,8
5291568,7605973,1,1,0
5291568,7605973,2,4,-2
5291568,7605973,3,7,-4
5291568,7605973,6,5,1
5291568,7605973,7,2,5
5291568,7605973,8,6,2
5291568,7605973,10,9,1
7251534,8290627,9,13,-4
5479540,6488418,2,6,-4
4871799,6261655,1,6,-5
4871799,6261655,4,1,3
4871799,6261655,13,9,4
5152917,8444458,1,1,0
5152917,8444458,2,3,-1
5152917,8444458,3,5,-2
5286360,6943317,10,3,7
4394586,4988896,11,5,6
6430412,7027812,5,2,3
6430412,7027812,6,4,2
6286165,7480948,8,8,0
4130874,4638314,10,12,-2
5141178,7469863,3,1,2
5141178,7469863,5,2,3
5490674,7530908,1,8,-7
5490674,7530908,2,10,-8
6260543,6453870,1,2,-1
6260543,6453870,4,5,-1
4377509,4636358,2,6,-4
6399381,7709229,3,3,0
6399381,7709229,5,4,1
6399381,7709229,8,1,7
4414960,8622056,3,1,2
6703487,7915381,5,5,0
4344929,6479034,1,8,-7
5581037,6624628,1,4,-3
5581037,6624628,2,1,1
5581037,6624628,3,3,0
5581037,6624628,4,6,-2
5581037,6624628,6,2,4
4246242,4560543,2,5,-3
5015471,6217913,4,8,-4
4157991,5308389,1,9,-8
4157991,5308389,4,10,-6
4157991,5308389,12,5,7
6847424,8072318,5,5,0
7753204,8230999,1,1,0
7753204,8230999,2,2,0
7753204,8230999,3,3,0
7753204,8230999,4,4,0
7753204,8230999,5,5,0
7753204,8230999,6,6,0
7753204,8230999,7,7,0
7753204,8230999,8,8,0
7753204,8230999,9,9,0
7753204,8230999,10,10,0
7753204,8230999,11,11,0
7753204,8230999,12,12,0
7753204,8230999,13,13,0
4549549,4840181,4,1,3
4549549,4840181,6,5,1
4549549,4840181,9,6,3
4549549,4840181,10,11,-1
4549549,4840181,13,2,11
5132613,6844751,9,2,7
6424979,6763343,8,11,-3
5186594,7585398,2,4,-2
5186594,7585398,5,5,0
5583521,7486241,8,1,7
4827508,7908242,1,2,-1
6176412,7556184,1,12,-11
4029382,4283106,3,5,-2
4373848,5310062,1,6,-5
6954177,7411564,1,6,-5
6191611,7671625,6,9,-3
3994305,4616665,1,1,0
3994305,4616665,5,7,-2
8119610,8524680,4,3,1
8119610,8524680,7,5,2
8119610,8524680,9,7,2
6342057,7763029,1,1,0
6342057,7763029,2,8,-6
6342057,7763029,3,5,-2
6342057,7763029,4,6,-2
6342057,7763029,5,3,2
6342057,7763029,7,4,3
6295476,8688236,1,4,-3
6295476,8688236,2,2,0
6295476,8688236,12,8,4
6029141,8244613,1,6,-5
5530037,6143805,2,1,1
5530037,6143805,3,2,1
5530037,6143805,5,3,2
5530037,6143805,8,7,1
5530037,6143805,11,6,5
6630950,8055097,3,1,2
6630950,8055097,10,10,0
4359685,4673876,7,8,-1
5096867,5547675,1,2,-1
5096867,5547675,2,4,-2
5096867,5547675,3,3,0
5096867,5547675,4,5,-1
5096867,5547675,6,1,5
5096867,5547675,7,7,0
7189541,8008044,1,2,-1
7189541,8008044,2,3,-1
7189541,8008044,3,5,-2
7189541,8008044,4,4,0
7189541,8008044,5,1,4
7189541,8008044,6,6,0
7189541,8008044,7,8,-1
7189541,8008044,8,9,-1
7189541,8008044,9,10,-1
7189541,8008044,10,12,-2
7189541,8008044,11,13,-2
4412607,8033375,6,11,-5
4412607,8033375,13,12,1
7170852,8451712,3,3,0
5620481,7993333,1,1,0
5620481,7993333,2,5,-3
5620481,7993333,5,2,3
5394365,6841821,9,7,2
5359205,8076783,1,3,-2
5312435,8075589,2,1,1
5312435,8075589,7,3,4
4492375,4709923,4,1,3
4492375,4709923,6,7,-1
5432919,8112589,4,5,-1
5432919,8112589,6,1,5
5432919,8112589,7,8,-1
5051645,8508100,2,8,-6
5051645,8508100,4,2,2
5051645,8508100,8,3,5
5258008,8021373,1,2,-1
5258008,8021373,2,1,1
5258008,8021373,4,12,-8
5258008,8021373,11,8,3
5258008,8021373,13,4,9
6308658,7533630,1,2,-1
6308658,7533630,5,6,-1
6308658,7533630,6,3,3
6308658,7533630,10,8,2
6308658,7533630,13,9,4
6340542,6542237,2,1,1
6340542,6542237,3,12,-9
4109237,6069967,3,6,-3
4109237,6069967,6,7,-1
4109237,6069967,7,2,5
6432490,7011869,1,1,0
6432490,7011869,8,8,0
6432490,7011869,13,5,8
7591686,8353723,4,2,2
7591686,8353723,7,10,-3
7591686,8353723,9,1,8
7591686,8353723,11,6,5
7591686,8353723,12,4,8
7069885,8539929,1,6,-5
7069885,8539929,6,1,5
7069885,8539929,7,5,2
7069885,8539929,11,10,1
4359776,4573163,3,6,-3
4359776,4573163,5,9,-4
4359776,4573163,6,10,-4
4359776,4573163,11,4,7
7186988,7439522,2,4,-2
5280272,6914535,1,1,0
5280272,6914535,7,3,4
5280272,6914535,10,6,4
5280272,6914535,13,2,11
5560657,8474584,4,4,0
4154409,5005776,3,3,0
4154409,5005776,7,9,-2
5180076,5590802,2,6,-4
5180076,5590802,4,2,2
6941540,8732634,1,1,0
5179085,6162827,3,8,-5
5179085,6162827,9,13,-4
6182717,7377294,2,2,0
6305802,7040755,1,11,-10
6305802,7040755,2,1,1
6305802,7040755,6,6,0
6305802,7040755,7,3,4
5565887,8059104,1,10,-9
6318698,7770865,1,1,0
6318698,7770865,2,13,-11
6318698,7770865,12,5,7
6486627,7962772,4,1,3
6209128,6385768,1,2,-1
6209128,6385768,2,11,-9
4997295,6994475,6,3,3
4997295,6994475,7,8,-1
6987493,7142169,1,1,0
6987493,7142169,2,7,-5
6987493,7142169,12,4,8
5381910,7044325,2,4,-2
5381910,7044325,3,12,-9
5348942,6268345,1,2,-1
5348942,6268345,2,4,-2
5348942,6268345,3,1,2
5348942,6268345,5,5,0
5348942,6268345,13,13,0
4331979,4638371,1,1,0
4331979,4638371,13,9,4
6918716,7338235,1,1,0
6918716,7338235,2,3,-1
6918716,7338235,3,2,1
6918716,7338235,4,4,0
6918716,7338235,6,7,-1
6918716,7338235,7,8,-1
6918716,7338235,8,5,3
6918716,7338235,9,10,-1
6918716,7338235,10,11,-1
6918716,7338235,11,12,-1
6918716,7338235,12,13,-1
4708220,5141069,1,2,-1
4708220,5141069,6,8,-2
5254935,6184661,3,5,-2
3948272,4305395,1,4,-3
3948272,4305395,2,5,-3
3948272,4305395,4,7,-3
3948272,4305395,11,3,8
3948272,4305395,12,11,1
6288664,6542838,2,5,-3
4460080,5273151,1,1,0
4460080,5273151,4,4,0
5576973,8612148,1,2,-1
6530922,8377057,1,6,-5
6530922,8377057,2,7,-5
6530922,8377057,3,2,1
4807617,8479738,1,5,-4
4807617,8479738,10,12,-2
5023769,7928664,7,11,-4
5023769,7928664,8,3,5
6160806,7035204,2,7,-5
6160806,7035204,6,10,-4
4108015,5487438,3,6,-3
4108015,5487438,10,3,7
4108015,5487438,11,7,4
5600574,6526163,8,8,0
5235531,5539785,2,10,-8
4389908,5358454,1,2,-1
4389908,5358454,2,11,-9
4389908,5358454,7,3,4
4121434,4423605,2,6,-4
4121434,4423605,3,11,-8
4121434,4423605,5,1,4
4121434,4423605,7,9,-2
4361461,7163896,1,1,0
4361461,7163896,13,9,4
5170003,5278346,2,2,0
5170003,5278346,3,12,-9
5170003,5278346,4,4,0
6857623,7845624,4,4,0
6857623,7845624,7,5,2
4809955,6126148,1,2,-1
4809955,6126148,6,5,1
4809955,6126148,13,10,3
5463629,6452935,1,10,-9
5463629,6452935,2,4,-2
7096176,8606108,2,13,-11
7096176,8606108,4,8,-4
4773094,7400996,7,4,3
7728552,8219333,1,1,0
7728552,8219333,4,6,-2
7728552,8219333,8,2,6
5637097,6086603,2,2,0
4284619,5431900,5,3,2
7031945,7637809,11,2,9
4769820,5329396,1,3,-2
4769820,5329396,13,10,3
5017929,7430253,4,4,0
6461413,8491712,4,13,-9
6461413,8491712,8,7,1
6461413,8491712,11,2,9
5490165,6628702,1,4,-3
5490165,6628702,5,8,-3
5490165,6628702,10,9,1
5321308,7288921,3,9,-6
5321308,7288921,9,1,8
4055175,8066639,1,1,0
5061090,5558447,1,3,-2
5061090,5558447,2,2,0
5061090,5558447,5,5,0
5098501,7719125,2,1,1
7074598,8535888,2,6,-4
7074598,8535888,3,7,-4
7074598,8535888,5,3,2
7074598,8535888,6,12,-6
4823414,7690623,1,1,0
4823414,7690623,4,2,2
4823414,7690623,13,11,2
4966601,6648499,1,3,-2
4966601,6648499,2,4,-2
6850790,8718739,1,1,0
5416624,7831151,2,4,-2
6560774,7574702,3,11,-8
6560774,7574702,12,10,2
5076076,7759884,2,8,-6
5076076,7759884,3,4,-1
4258025,6126914,1,10,-9
4258025,6126914,2,6,-4
4258025,6126914,5,1,4
4258025,6126914,8,4,4
4426641,4635210,2,13,-11
7015075,8753730,10,1,9
6140147,6573513,9,1,8
5481193,6249115,2,8,-6
5481193,6249115,11,7,4
5237459,5644443,9,2,7
6342730,7279780,1,12,-11
6342730,7279780,2,3,-1
6342730,7279780,4,9,-5
6342730,7279780,7,10,-3
5624806,6054294,9,6,3
6077640,6921617,3,9,-6
7378694,8749678,9,10,-1
7823588,8677996,4,1,3
6358161,7686709,1,1,0
6358161,7686709,2,3,-1
6358161,7686709,3,4,-1
4232661,6461316,5,12,-7
4547373,5460837,2,8,-6
4547373,5460837,4,1,3
4547373,5460837,6,3,3
4286559,4441472,6,6,0
4286559,4441472,10,11,-1
6133668,6933640,2,10,-8
6133668,6933640,3,1,2
6133668,6933640,10,7,3
5082115,6516951,3,2,1
5082115,6516951,4,8,-4
5082115,6516951,5,10,-5
5082115,6516951,12,4,8
7457652,7676253,2,2,0
7158570,8289401,1,5,-4
7158570,8289401,5,10,-5
7158570,8289401,8,7,1
7158570,8289401,9,8,1
7341605,7695525,1,1,0
7341605,7695525,2,2,0
7341605,7695525,3,3,0
7341605,7695525,4,4,0
7341605,7695525,5,5,0
7341605,7695525,6,6,0
7341605,7695525,8,7,1
7341605,7695525,9,9,0
7341605,7695525,10,10,0
7341605,7695525,12,11,1
7341605,7695525,13,12,1
5047040,6990982,5,2,3
6322436,7134957,3,2,1
6322436,7134957,9,1,8
4051388,8072834,3,2,1
4051388,8072834,9,6,3
4809941,6123745,1,3,-2
4809941,6123745,5,7,-2
6962573,7458953,1,2,-1
6962573,7458953,7,5,2
4104013,4323337,6,6,0
5410728,6661996,1,3,-2
5410728,6661996,6,12,-6
5410728,6661996,8,9,-1
5410728,6661996,13,13,0
5393619,7419649,9,9,0
5259393,6475167,3,6,-3
5259393,6475167,6,2,4
5259393,6475167,7,13,-6
5259393,6475167,11,5,6
6258562,7807168,2,1,1
6258562,7807168,4,9,-5
6258562,7807168,6,13,-7
6258562,7807168,10,2,8
5377002,6548821,3,2,1
4930060,5349515,2,8,-6
4930060,5349515,5,2,3
4930060,5349515,6,5,1
4930060,5349515,8,1,7
4930060,5349515,9,4,5
7949445,8598831,5,2,3
6193154,7856379,13,6,7
6453289,8605638,3,2,1
4794344,5646773,3,5,-2
4794344,5646773,4,1,3
4794344,5646773,6,2,4
4794344,5646773,10,12,-2
6364953,8258251,1,1,0
6364953,8258251,4,12,-8
5634859,8480510,3,1,2
7500195,7747781,1,2,-1
4063723,4949941,2,1,1
4063723,4949941,4,8,-4
4063723,4949941,6,7,-1
5302865,6292021,10,8,2
5302865,6292021,11,5,6
7783172,7996448,1,2,-1
7783172,7996448,2,3,-1
7783172,7996448,3,5,-2
7783172,7996448,4,6,-2
7783172,7996448,5,4,1
7783172,7996448,6,12,-6
7783172,7996448,9,1,8
7783172,7996448,11,9,2
4598365,5361338,2,2,0
4598365,5361338,6,13,-7
4598365,5361338,8,4,4
4990732,6910617,3,5,-2
4990732,6910617,4,6,-2
4990732,6910617,5,7,-2
4990732,6910617,7,10,-3
4688764,6868902,12,6,6
7210883,8016526,1,1,0
7210883,8016526,2,2,0
7210883,8016526,3,3,0
6906369,7593184,2,2,0
6906369,7593184,6,6,0
6906369,7593184,9,1,8
6906369,7593184,10,4,6
4779223,6311258,1,1,0
4332021,4519002,4,7,-3
4332021,4519002,8,2,6
6900133,7709391,2,4,-2
6900133,7709391,5,5,0
4222213,5028165,7,4,3
4694538,6557214,5,3,2
4694538,6557214,9,12,-3
4043636,7434974,2,2,0
4043636,7434974,3,1,2
4043636,7434974,9,11,-2
6337124,7670641,2,4,-2
7309831,8555640,7,10,-3
4928546,6394998,3,1,2
6219088,7573958,5,9,-4
6219088,7573958,8,4,4
6306503,8691388,1,3,-2
6306503,8691388,3,2,1
6306503,8691388,4,1,3
6306503,8691388,7,5,2
6306503,8691388,8,11,-3
6430574,8599822,1,1,0
6430574,8599822,2,4,-2
6430574,8599822,5,6,-1
6430574,8599822,6,9,-3
6327622,7827279,9,6,3
6882999,8645367,1,1,0
6882999,8645367,2,2,0
6882999,8645367,4,4,0
7095348,8395411,1,8,-7
7095348,8395411,2,4,-2
7095348,8395411,9,6,3
6553392,8176276,5,9,-4
6553392,8176276,12,2,10
6991991,8575043,6,1,5
6991991,8575043,10,5,5
6972353,7700844,2,2,0
6972353,7700844,4,4,0
6972353,7700844,5,10,-5
6972353,7700844,7,8,-1
6972353,7700844,8,11,-3
6972353,7700844,9,3,6
6972353,7700844,13,5,8
4637403,7066885,12,9,3
6326288,7940340,5,1,4
5417150,6126977,1,1,0
5417150,6126977,2,2,0
4283714,6914427,1,4,-3
4283714,6914427,7,9,-2
4283714,6914427,13,8,5
7031747,8644486,6,9,-3
4884801,5085430,1,1,0
5174622,7137660,2,13,-11
5174622,7137660,5,7,-2
5174622,7137660,8,5,3
4988322,5350331,5,4,1
4988322,5350331,6,6,0
6411892,8078189,3,2,1
6411892,8078189,8,1,7
6411892,8078189,12,3,9
6939358,8485412,1,4,-3
6939358,8485412,6,2,4
6939358,8485412,13,1,12
5012333,7190401,1,2,-1
5012333,7190401,2,7,-5
5012333,7190401,3,9,-6
4642127,4919696,1,9,-8
4642127,4919696,4,3,1
6907907,8039079,3,2,1
5450235,7048989,1,1,0
5450235,7048989,11,5,6
4053577,8114376,3,12,-9
4053577,8114376,11,9,2
4238760,7649164,6,4,2
6229580,7548357,2,4,-2
6229580,7548357,8,9,-1
6229580,7548357,9,2,7
7047792,7268662,10,4,6
6413063,8632321,9,1,8
4450433,7116300,9,6,3
4450433,7116300,11,4,7
6404786,7164148,1,1,0
7169146,8162973,7,7,0
5631020,6495162,1,9,-8
4901718,8231612,2,11,-9
4218090,8128164,5,1,4
6198206,7719142,1,7,-6
6198206,7719142,4,11,-7
4725677,5519126,4,2,2
4693267,5234026,4,3,1
4693267,5234026,5,1,4
6271952,7379235,3,7,-4
6271952,7379235,8,3,5
6271952,7379235,12,11,1
6271952,7379235,13,13,0
6845137,7718436,6,6,0
6916740,7660181,7,13,-6
6916740,7660181,13,7,6
4104008,6951163,1,4,-3
4104008,6951163,8,12,-4
6311582,8544821,2,10,-8
6311582,8544821,6,11,-5
6471244,7264269,1,1,0
6471244,7264269,7,11,-4
5483827,8336588,1,4,-3
6598630,7089975,2,1,1
6598630,7089975,3,8,-5
6598630,7089975,5,2,3
4866250,7731491,12,1,11
7592537,7900407,2,2,0
7592537,7900407,4,3,1
7592537,7900407,5,4,1
7199905,7760937,2,2,0
6614045,7485890,12,9,3
6296121,7172109,2,3,-1
6296121,7172109,8,1,7
5025978,6969092,1,1,0
5025978,6969092,4,5,-1
5025978,6969092,13,4,9
4960275,8021239,2,5,-3
4116517,5288235,2,8,-6
4116517,5288235,3,6,-3
5211291,6892888,9,5,4
6359452,7696767,2,5,-3
6359452,7696767,6,9,-3
5617851,8287483,3,6,-3
4277367,7462488,1,3,-2
4277367,7462488,6,2,4
4277367,7462488,11,11,0
7027975,8615583,6,13,-7
4823670,4926732,2,5,-3
4823670,4926732,3,6,-3
5405877,7084121,1,4,-3
5405877,7084121,9,2,7
6449718,7350082,3,1,2
8046042,8630691,3,7,-4
8046042,8630691,8,10,-2
4199934,5239831,11,2,9
7898187,8247981,11,6,5
6251897,8598160,4,4,0
6251897,8598160,6,12,-6
5527262,8146820,8,1,7
5527262,8146820,13,3,10
7137738,7290660,2,9,-7
7137738,7290660,11,2,9
5313188,7679291,3,5,-2
5313188,7679291,7,4,3
5313188,7679291,8,9,-1
5313188,7679291,10,2,8
6151652,7102671,1,4,-3
6151652,7102671,2,1,1
6151652,7102671,3,2,1
7142042,7719352,4,1,3
4336855,8723941,1,9,-8
4336855,8723941,4,6,-2
4307369,7659804,1,1,0
4307369,7659804,2,2,0
4307369,7659804,13,8,5
4275457,7039771,4,12,-8
4275457,7039771,8,5,3
6133640,7576995,3,3,0
4523884,8666544,1,1,0
4523884,8666544,10,2,8
5592001,7660154,3,6,-3
5592001,7660154,6,12,-6
6097908,6330402,3,10,-7
6097908,6330402,4,1,3
6097908,6330402,9,6,3
6097908,6330402,10,4,6
4760838,8235889,3,1,2
5650503,6528313,4,11,-7
5650503,6528313,7,8,-1
5650503,6528313,11,1,10
4986671,8670815,1,1,0
5108428,5433745,1,1,0
5108428,5433745,2,7,-5
5108428,5433745,4,3,1
5539176,6462300,3,2,1
5539176,6462300,5,1,4
5074416,8523437,1,1,0
6545342,7160798,4,13,-9
4607635,4976261,1,3,-2
4607635,4976261,5,2,3
6844321,8222205,1,1,0
6844321,8222205,4,8,-4
6844321,8222205,5,12,-7
4353056,8600122,1,9,-8
4353056,8600122,4,2,2
5280770,7555896,1,2,-1
5280770,7555896,3,7,-4
7052131,7828728,4,5,-1
7052131,7828728,9,8,1
7052131,7828728,10,13,-3
6237382,6912884,1,1,0
6237382,6912884,2,10,-8
6237382,6912884,4,3,1
6237382,6912884,7,2,5
7409876,8358815,1,4,-3
7409876,8358815,2,3,-1
7120928,8412675,8,2,6
7120928,8412675,9,10,-1
5023868,7680255,10,1,9
4863159,7112166,5,2,3
4863159,7112166,9,3,6
5119292,6205524,1,4,-3
5119292,6205524,5,10,-5
5640101,7514915,3,2,1
4050782,4535240,13,7,6
5158530,7758529,1,8,-7
5158530,7758529,9,11,-2
6181131,6897654,3,2,1
6181131,6897654,5,1,4
6181131,6897654,8,9,-1
6181131,6897654,9,5,4
4703660,5546814,3,6,-3
4703660,5546814,9,11,-2
6578572,7748380,5,1,4
6578572,7748380,12,2,10
7049190,8643007,4,2,2
5281216,8357157,3,8,-5
5104690,6455326,6,2,4
6289339,7103589,3,2,1
4058442,4495172,2,3,-1
4058442,4495172,6,5,1
4187559,5197989,1,2,-1
6066870,7875493,4,10,-6
6066870,7875493,5,1,4
5193919,6152623,1,1,0
5193919,6152623,3,6,-3
5193919,6152623,7,2,5
6571291,7631184,2,6,-4
6343576,7287493,1,5,-4
6343576,7287493,12,2,10
4558176,8595502,5,12,-7
6169734,8594280,2,2,0
6169734,8594280,6,5,1
6169734,8594280,13,11,2
6122720,7218133,1,1,0
6122720,7218133,6,4,2
4258699,7971587,3,2,1
5599608,6319438,1,10,-9
5599608,6319438,10,8,2
5599608,6319438,11,2,9
5599608,6319438,13,9,4
7910459,8609512,8,11,-3
6889674,8276479,2,11,-9
6889674,8276479,3,4,-1
5127028,7583789,3,5,-2
5127028,7583789,8,8,0
7303497,7828686,1,5,-4
7303497,7828686,5,6,-1
4292551,4678937,4,4,0
4292551,4678937,12,13,-1
3980811,6157598,2,1,1
4095773,6120881,1,1,0
4095773,6120881,3,4,-1
4095773,6120881,4,3,1
5621263,7082682,12,6,6
5374061,7686681,1,2,-1
4915697,7144389,1,2,-1
4915697,7144389,9,6,3
4055163,4210128,1,2,-1
4055163,4210128,3,1,2
7389268,8170950,4,2,2
7389268,8170950,5,5,0
8177376,8608327,3,8,-5
8177376,8608327,6,4,2
8177376,8608327,11,10,1
4835593,5294836,7,5,2
4835593,5294836,10,6,4
6186254,6638654,1,1,0
6186254,6638654,2,2,0
4289446,4867639,1,5,-4
4289446,4867639,10,2,8
4438403,7106048,1,4,-3
4438403,7106048,3,1,2
5095285,6236274,1,2,-1
5095285,6236274,5,4,1
5095285,6236274,7,10,-3
6620622,6934023,3,1,2
6620622,6934023,8,10,-2
6198132,7087964,3,2,1
6198132,7087964,11,12,-1
5293427,8090246,1,4,-3
5293427,8090246,6,1,5
5293427,8090246,10,11,-1
5293427,8090246,13,5,8
5053664,6128436,2,1,1
5053664,6128436,3,2,1
7467396,8264795,2,2,0
7467396,8264795,13,6,7
7171340,8112302,7,13,-6
7279719,7750358,2,2,0
7279719,7750358,3,4,-1
7279719,7750358,7,6,1
5487292,7861571,1,8,-7
5487292,7861571,2,1,1
5617703,6532698,2,11,-9
5617703,6532698,4,6,-2
5617703,6532698,6,8,-2
5617703,6532698,7,12,-5
5617703,6532698,8,10,-2
5617703,6532698,9,3,6
7324850,8461985,2,1,1
7324850,8461985,5,2,3
6075787,7729373,8,9,-1
6075787,7729373,10,5,5
5487091,7299027,3,5,-2
5487091,7299027,5,11,-6
5487091,7299027,8,10,-2
6613059,8672953,3,1,2
6613059,8672953,9,6,3
4422555,7587952,10,5,5
5655961,7318774,2,1,1
5655961,7318774,4,4,0
3960309,6276594,2,7,-5
3960309,6276594,5,1,4
6138924,7090146,1,3,-2
6138924,7090146,2,2,0
4435641,4682023,1,2,-1
4435641,4682023,9,3,6
4204743,6349160,2,2,0
4204743,6349160,3,6,-3
4204743,6349160,4,4,0
4259720,7069451,4,6,-2
4259720,7069451,9,1,8
5580341,7938760,1,1,0
5580341,7938760,4,2,2
5580341,7938760,12,7,5
6132426,8556891,2,1,1
3947897,6843808,4,9,-5
7179255,8211105,3,4,-1
5332164,6890365,7,4,3
7416948,8492837,4,12,-8
7416948,8492837,7,1,6
5576763,6512544,1,13,-12
5576763,6512544,4,8,-4
7603711,8272044,1,1,0
7603711,8272044,9,11,-2
7603711,8272044,12,6,6
5029933,5597197,1,3,-2
3985872,5152995,6,1,5
6138735,7316759,1,4,-3
6138735,7316759,2,12,-10
6138735,7316759,3,3,0
6138735,7316759,4,9,-5
6138735,7316759,7,13,-6
6218977,6545623,4,3,1
6218977,6545623,5,10,-5
6218977,6545623,7,1,6
6218977,6545623,10,4,6
5600643,8172683,3,9,-6
6371988,7320707,4,2,2
4799399,5309782,1,8,-7
4799399,5309782,13,6,7
4560246,8417123,4,1,3
5050119,7877429,6,1,5
5050119,7877429,9,2,7
4999860,5342145,1,1,0
5192232,8192217,13,2,11
5605760,6652355,2,6,-4
5605760,6652355,3,1,2
5605760,6652355,13,7,6
7355889,7589996,2,4,-2
7355889,7589996,4,6,-2
7355889,7589996,6,9,-3
6091519,7003176,7,2,5
5132884,6979097,2,2,0
5132884,6979097,3,6,-3
5132884,6979097,6,12,-6
5132884,6979097,13,9,4
6914095,7442281,4,8,-4
5486188,7166117,3,1,2
5486188,7166117,7,2,5
5486188,7166117,9,5,4
5099917,6502632,1,1,0
5099917,6502632,6,4,2
5099917,6502632,7,12,-5
5270005,7122151,5,2,3
5096866,5489563,2,3,-1
5096866,5489563,3,1,2
7127167,7474852,4,12,-8
7127167,7474852,10,2,8
7127167,7474852,11,10,1
4305188,6384520,1,4,-3
4305188,6384520,12,5,7
4274639,8500576,1,3,-2
4274639,8500576,10,4,6
7329141,7581979,1,3,-2
7329141,7581979,3,5,-2
7329141,7581979,6,2,4
7329141,7581979,9,10,-1
5161249,6266529,1,2,-1
5161249,6266529,2,1,1
5161249,6266529,7,5,2
5161249,6266529,11,13,-2
5027546,6397516,2,3,-1
5027546,6397516,10,2,8
6286451,7075771,6,1,5
7212608,7943913,8,4,4
4869141,6227090,6,8,-2
4869141,6227090,9,1,8
4759182,7600463,3,7,-4
4759182,7600463,11,1,10
4759182,7600463,13,10,3
5303287,7702985,7,5,2
5108421,8663252,11,2,9
4906194,5178549,9,9,0
4099704,4834283,5,2,3
4099704,4834283,11,4,7
3956199,4105573,1,2,-1
3956199,4105573,2,1,1
3956199,4105573,7,3,4
3956199,4105573,8,4,4
4946250,8244086,1,7,-6
4946250,8244086,6,5,1
4946250,8244086,11,9,2
6266612,8548735,4,5,-1
6910019,7769673,1,5,-4
4020754,4368663,1,2,-1
4020754,4368663,3,4,-1
4020754,4368663,5,6,-1
6603713,7688685,3,3,0
6356082,8467969,2,6,-4
6356082,8467969,9,2,7
6866746,7699023,2,6,-4
6866746,7699023,4,1,3
6866746,7699023,10,2,8
7058159,7676023,1,1,0
7058159,7676023,2,2,0
7058159,7676023,3,3,0
7058159,7676023,4,4,0
7058159,7676023,5,5,0
7058159,7676023,6,6,0
7058159,7676023,7,7,0
7058159,7676023,8,8,0
7058159,7676023,9,9,0
7058159,7676023,10,10,0
7058159,7676023,11,11,0
7058159,7676023,12,12,0
7058159,7676023,13,13,0
4316512,6902011,3,1,2
4316512,6902011,4,3,1
5302082,8157014,9,1,8
7000146,8032787,1,3,-2
7000146,8032787,2,6,-4
6979293,8409132,1,3,-2
6979293,8409132,9,5,4
5647727,6847795,3,2,1
6325483,7999964,6,9,-3
4090408,4908783,2,5,-3
4090408,4908783,3,12,-9
4090408,4908783,6,6,0
5207586,5337213,5,3,2
6146273,7717788,2,6,-4
6146273,7717788,5,7,-2
6146273,7717788,7,1,6
6146273,7717788,12,3,9
4280625,7173697,6,6,0
4280625,7173697,7,5,2
4257419,5269789,5,1,4
5082389,5456030,13,6,7
5324623,7092165,1,1,0
7908578,8680626,4,2,2
7200317,7844159,2,10,-8
7200317,7844159,10,5,5
7200317,7844159,12,1,11
7162629,7882343,10,1,9
6062228,8424539,1,11,-10
6062228,8424539,11,1,10
7790493,8115266,2,6,-4
7790493,8115266,4,7,-3
3983299,4243753,6,13,-7
4939630,5153773,2,13,-11
4939630,5153773,4,2,2
4939630,5153773,12,3,9
4897704,7125785,1,3,-2
4897704,7125785,5,1,4
4816306,5310803,1,9,-8
4816306,5310803,2,5,-3
4816306,5310803,3,13,-10
4816306,5310803,5,2,3
4816306,5310803,7,4,3
4816306,5310803,10,7,3
5206103,6521386,5,4,1
5206103,6521386,6,2,4
5206103,6521386,7,7,0
6504002,7226985,1,11,-10
7073187,8290827,11,5,6
5470007,8672208,1,8,-7
5470007,8672208,3,5,-2
4169104,5290338,1,3,-2
4169104,5290338,3,1,2
4495149,5605665,5,2,3
5180354,7922635,1,1,0
7259964,7755893,3,4,-1
7259964,7755893,5,8,-3
7259964,7755893,13,9,4
6574739,8026739,7,5,2
6574739,8026739,10,12,-2
4131835,4251866,2,4,-2
4131835,4251866,3,3,0
4131835,4251866,6,1,5
4131835,4251866,11,5,6
4131835,4251866,13,2,11
5524979,6471312,3,1,2
5524979,6471312,8,3,5
4800313,7705512,13,10,3
6285327,7046204,2,4,-2
4823265,7171384,4,10,-6
6418973,8673234,9,12,-3
6320846,6862622,10,3,7
4695282,5314491,1,1,0
4695282,5314491,2,4,-2
4695282,5314491,3,2,1
4695282,5314491,5,10,-5
5601889,6537628,2,12,-10
5083564,7310555,1,1,0
6057857,7360173,4,7,-3
7104447,8432296,1,8,-7
7104447,8432296,6,12,-6
7104447,8432296,7,13,-6
7104447,8432296,9,1,8
5194199,6272809,1,9,-8
5194199,6272809,7,6,1
5194199,6272809,11,11,0
5415888,6254748,6,7,-1
7281062,7856480,7,9,-2
6990222,8186880,1,6,-5
6990222,8186880,4,3,1
6990222,8186880,13,1,12
5621640,7735726,7,5,2
6542736,7756023,8,7,1
4987510,7296337,2,13,-11
4987510,7296337,13,3,10
6163666,7747202,12,9,3
5588086,7747126,1,2,-1
5588086,7747126,3,7,-4
5588086,7747126,11,5,6
7707645,8683208,5,6,-1
7707645,8683208,7,1,6
6326424,7799870,4,3,1
6326424,7799870,6,7,-1
6326424,7799870,12,5,7
6632147,8727912,1,7,-6
6632147,8727912,4,10,-6
6632147,8727912,7,13,-6
4301764,4381729,1,1,0
4301764,4381729,2,3,-1
4301764,4381729,7,6,1
4301764,4381729,9,4,5
4301764,4381729,10,2,8
6354533,8165716,13,2,11
6097695,7342863,3,8,-5
6097695,7342863,4,2,2
3967216,6603366,1,4,-3
3967216,6603366,2,8,-6
3967216,6603366,4,3,1
3967216,6603366,8,6,2
3967216,6603366,9,7,2
5329459,7260480,2,2,0
5585861,7330219,2,1,1
5585861,7330219,4,5,-1
5585861,7330219,6,8,-2
5585861,7330219,9,4,5
6131090,7043754,2,12,-10
6131090,7043754,3,4,-1
6436582,7074522,1,6,-5
6436582,7074522,9,1,8
6325947,6876518,1,1,0
6325947,6876518,6,11,-5
6325947,6876518,9,7,2
6325947,6876518,11,8,3
3943480,4498069,3,4,-1
3943480,4498069,11,1,10
3943480,4498069,12,2,10
7415074,8094749,3,3,0
7415074,8094749,13,5,8
5162800,5327134,1,1,0
5162800,5327134,2,3,-1
5485304,7898722,5,8,-3
7428726,7802228,1,1,0
7428726,7802228,2,6,-4
5606377,6509683,1,2,-1
4425888,5043647,9,6,3
4425888,5043647,13,8,5
5247702,7099292,2,13,-11
5247702,7099292,3,10,-7
5247702,7099292,7,2,5
5247702,7099292,10,11,-1
5556810,6660626,1,6,-5
5556810,6660626,3,3,0
5556810,6660626,10,8,2
4259656,7749642,9,5,4
4998533,8064976,4,7,-3
5179295,6198355,4,3,1
5179295,6198355,5,8,-3
5179295,6198355,9,10,-1
5179295,6198355,12,13,-1
5155468,6507023,4,11,-7
4005226,4948607,7,2,5
5557833,7685688,8,4,4
4011846,7434571,3,7,-4
4011846,7434571,6,1,5
4011846,7434571,12,2,10
4765340,8187201,5,12,-7
4931902,6459570,6,1,5
4931902,6459570,11,2,9
6193275,6279954,1,2,-1
6193275,6279954,4,1,3
6193275,6279954,5,9,-4
6193275,6279954,6,8,-2
6246015,7119563,3,2,1
6629102,7366730,2,7,-5
6629102,7366730,12,11,1
5111373,6940734,2,3,-1
5111373,6940734,9,5,4
5111373,6940734,11,2,9
4766113,6525071,2,4,-2
4766113,6525071,3,11,-8
4344533,6070723,1,3,-2
4344533,6070723,8,6,2
7060059,8688188,1,5,-4
7060059,8688188,4,11,-7
6448788,7535247,8,13,-5
6450706,8333520,1,3,-2
6450706,8333520,3,2,1
6450706,8333520,5,10,-5
6962168,8438672,2,9,-7
4878611,7781886,6,2,4
4569863,7393579,1,9,-8
6306736,7228050,1,5,-4
6901351,7353140,1,1,0
6901351,7353140,2,3,-1
6901351,7353140,3,6,-3
6901351,7353140,4,2,2
6901351,7353140,5,8,-3
6901351,7353140,9,4,5
6901351,7353140,10,5,5
6901351,7353140,11,9,2
6901351,7353140,12,10,2
6901351,7353140,13,11,2
6559026,7902080,5,8,-3
6559026,7902080,8,7,1
6559026,7902080,11,13,-2
4413287,5029020,4,1,3
4413287,5029020,7,4,3
4463357,6919839,1,1,0
4463357,6919839,6,3,3
4119591,6220405,1,7,-6
4119591,6220405,7,4,3
4267320,4446317,1,1,0
4267320,4446317,3,2,1
4267320,4446317,5,9,-4
4267320,4446317,6,10,-4
4267320,4446317,7,11,-4
4267320,4446317,8,12,-4
4267320,4446317,9,3,6
4267320,4446317,11,4,7
4267320,4446317,12,5,7
4267320,4446317,13,6,7
6656022,8080505,1,4,-3
6656022,8080505,7,6,1
5051238,5424036,1,10,-9
5051238,5424036,2,1,1
5051238,5424036,3,7,-4
5051238,5424036,5,4,1
5051238,5424036,7,9,-2
6453269,7689384,8,2,6
7383664,8112949,1,1,0
7383664,8112949,2,2,0
7383664,8112949,4,5,-1
5049487,8670815,3,2,1
6230678,6595176,1,7,-6
6230678,6595176,10,4,6
5575816,8062349,1,12,-11
4947186,6288995,2,3,-1
5278933,6879545,1,2,-1
5278933,6879545,3,7,-4
6324288,7724907,1,6,-5
5501598,8348669,2,2,0
5501598,8348669,3,4,-1
6560594,7392248,9,9,0
4564945,7107505,8,9,-1
4782293,6201386,1,2,-1
4782293,6201386,2,1,1
4782293,6201386,5,5,0
4782293,6201386,10,13,-3
4488750,7673923,2,8,-6
4488750,7673923,3,12,-9
4488750,7673923,5,3,2
4488750,7673923,6,2,4
6205108,7848209,1,5,-4
6205108,7848209,11,11,0
6205108,7848209,13,1,12
4174644,4299135,3,11,-8
4174644,4299135,6,7,-1
4174644,4299135,11,3,8
4174644,4299135,12,1,11
6854265,7524360,4,6,-2
6854265,7524360,10,1,9
6406196,7986112,12,8,4
6392211,8134102,1,1,0
6392211,8134102,2,6,-4
6392211,8134102,6,8,-2
6392211,8134102,7,2,5
6392211,8134102,8,4,4
5591197,7850725,1,1,0
6652525,7306605,2,3,-1
6652525,7306605,3,8,-5
6652525,7306605,6,6,0
6652525,7306605,7,12,-5
6652525,7306605,8,2,6
6652525,7306605,13,1,12
8491579,8672933,3,2,1
8491579,8672933,5,10,-5
8491579,8672933,6,11,-5
5420544,6130552,3,1,2
5420544,6130552,8,4,4
5420544,6130552,10,10,0
5420544,6130552,11,3,8
5421722,8257081,1,3,-2
5421722,8257081,7,6,1
4248471,6412837,9,2,7
4899445,8281492,3,4,-1
5278905,8290153,2,1,1
6622095,8483787,2,3,-1
4114663,6070758,2,2,0
4114663,6070758,7,1,6
4114663,6070758,9,6,3
6247078,6975509,1,4,-3
4191422,4265482,2,1,1
4191422,4265482,3,10,-7
4191422,4265482,5,7,-2
4463025,4569853,1,3,-2
4463025,4569853,4,2,2
4463025,4569853,5,5,0
4463025,4569853,6,7,-1
4463025,4569853,8,8,0
4463025,4569853,9,12,-3
4463025,4569853,10,13,-3
4463025,4569853,12,10,2
5141011,5484614,5,8,-3
5268318,6091644,1,4,-3
5268318,6091644,5,2,3
5268318,6091644,6,1,5
5268318,6091644,9,3,6
6280034,6568815,8,4,4
6280034,6568815,12,11,1
4098346,6443079,3,4,-1
4098346,6443079,5,2,3
4098346,6443079,6,8,-2
4265483,8162389,5,1,4
5082605,5486553,2,12,-10
6233389,7663700,3,4,-1
6233389,7663700,5,2,3
7019290,7880140,2,1,1
7019290,7880140,9,8,1
4597453,7604528,1,1,0
3953776,4701685,2,10,-8
3953776,4701685,10,3,7
3953776,4701685,12,1,11
6328791,8273144,1,1,0
6328791,8273144,7,4,3
4496285,4599046,1,2,-1
4496285,4599046,3,1,2
6548173,8286715,3,7,-4
4773855,4895515,1,7,-6
5197985,8753883,7,10,-3
5197985,8753883,8,2,6
5161186,5408471,7,10,-3
5077434,7294741,4,5,-1
5077434,7294741,6,9,-3
5077434,7294741,8,12,-4
5077434,7294741,10,3,7
5077434,7294741,12,8,4
7436311,8019622,10,1,9
5304607,8653190,1,10,-9
5304607,8653190,5,3,2
7088159,7667507,2,1,1
7088159,7667507,3,7,-4
5218712,7543134,3,8,-5
5218712,7543134,5,1,4
5300953,8007190,2,1,1
5300953,8007190,5,12,-7
5300953,8007190,6,5,1
5300953,8007190,9,4,5
7029490,8545535,1,1,0
5181037,7786928,5,12,-7
5181037,7786928,8,8,0
5181037,7786928,10,3,7
5137362,6603873,6,2,4
4902455,5297864,1,1,0
4902455,5297864,5,4,1
4902455,5297864,13,11,2
5396543,6097951,1,2,-1
5396543,6097951,2,6,-4
5396543,6097951,7,4,3
5396543,6097951,13,10,3
6277023,7131689,7,5,2
6277023,7131689,11,2,9
6970547,8612522,1,7,-6
6970547,8612522,3,2,1
4051420,4928050,6,4,2
4051420,4928050,7,11,-4
5077693,8560797,1,1,0
5077693,8560797,3,6,-3
7033626,7959961,7,3,4
4793690,7651228,1,12,-11
4793690,7651228,3,6,-3
4793690,7651228,4,7,-3
4793690,7651228,7,3,4
6337825,6903987,3,4,-1
5314695,8735086,3,3,0
6412556,6976547,6,12,-6
5483129,8586953,10,7,3
5483129,8586953,11,9,2
5483129,8586953,12,10,2
4537432,5524945,3,3,0
4537432,5524945,11,2,9
5182015,6068762,1,1,0
5182015,6068762,4,5,-1
4756198,5343764,1,1,0
4756198,5343764,3,3,0
6926929,7678212,1,3,-2
6926929,7678212,2,2,0
4090239,8743613,9,7,2
4625123,4695221,4,4,0
4625123,4695221,7,8,-1
6131355,6958185,8,1,7
4810010,8262825,3,4,-1
4810010,8262825,9,9,0
4810010,8262825,10,6,4
4810010,8262825,11,1,10
6418262,8340491,3,5,-2
6418262,8340491,7,8,-1
6079513,7325644,1,2,-1
6079513,7325644,5,1,4
6079513,7325644,11,3,8
7222161,7801772,1,12,-11
4486270,7687041,1,3,-2
5272779,6286166,8,2,6
4050783,4123139,2,1,1
4050783,4123139,4,2,2
4050783,4123139,6,8,-2
5224456,5390644,1,4,-3
5224456,5390644,4,2,2
5224456,5390644,5,5,0
5224456,5390644,9,1,8
5224456,5390644,11,3,8
5224456,5390644,13,10,3
4947021,6365874,5,2,3
4947021,6365874,7,3,4
5341987,8074894,1,12,-11
5341987,8074894,2,10,-8
5341987,8074894,3,1,2
5341987,8074894,4,2,2
5341987,8074894,6,6,0
5341987,8074894,7,7,0
4777000,5110836,9,7,2
6267872,7947454,1,1,0
6267872,7947454,8,11,-3
6293901,7802966,1,5,-4
6293901,7802966,3,1,2
6293901,7802966,8,2,6
4665691,7958966,1,1,0
5651131,7617355,1,2,-1
5651131,7617355,4,4,0
5651131,7617355,8,12,-4
5651131,7617355,9,13,-4
5474796,7288641,7,6,1
7258446,8038300,1,3,-2
7258446,8038300,3,2,1
7068293,8525753,1,1,0
7068293,8525753,4,11,-7
7068293,8525753,13,4,9
5557936,7356993,1,11,-10
5557936,7356993,2,5,-3
5557936,7356993,9,12,-3
7426313,7773823,5,4,1
7426313,7773823,7,1,6
7426313,7773823,8,5,3
5070717,6513407,2,12,-10
5625535,7969730,1,7,-6
5625535,7969730,3,5,-2
5625535,7969730,6,3,3
5625535,7969730,8,13,-5
4570486,8286488,3,6,-3
4570486,8286488,5,5,0
4496722,7635595,7,6,1
6458662,7176092,6,5,1
6458662,7176092,13,1,12
5527993,7166801,6,2,4
6405146,7055381,1,2,-1
5149159,7063365,1,4,-3
7574731,8631102,2,1,1
4079871,5395022,4,6,-2
4079871,5395022,5,3,2
4079871,5395022,10,5,5
4079871,5395022,11,2,9
6119003,7937083,1,9,-8
6119003,7937083,7,10,-3
7250486,8039578,1,3,-2
7250486,8039578,5,1,4
7250486,8039578,8,9,-1
6169427,7279940,1,6,-5
6169427,7279940,8,4,4
6169427,7279940,11,1,10
5238892,6538080,1,4,-3
5238892,6538080,8,7,1
4949926,6382296,1,1,0
4949926,6382296,7,2,5
5307856,7728542,1,1,0
6484177,7350226,3,4,-1
6347726,8413845,2,2,0
6347726,8413845,3,5,-2
5135621,5578174,4,2,2
5135621,5578174,6,1,5
4232893,5344207,2,1,1
6157361,7408535,1,5,-4
6157361,7408535,4,13,-9
6157361,7408535,10,3,7
4377193,4667721,1,11,-10
4377193,4667721,2,4,-2
4377193,4667721,6,1,5
4377193,4667721,12,7,5
5447047,6412318,8,5,3
5447047,6412318,9,6,3
5020255,6089289,1,1,0
5020255,6089289,2,2,0
4859806,7999192,13,9,4
4529271,6072558,4,4,0
4529271,6072558,6,8,-2
8386137,8738243,1,1,0
8386137,8738243,2,2,0
8386137,8738243,3,3,0
8386137,8738243,4,4,0
8386137,8738243,5,5,0
8386137,8738243,6,6,0
8386137,8738243,7,7,0
8386137,8738243,8,8,0
8386137,8738243,9,9,0
8386137,8738243,10,10,0
8386137,8738243,11,11,0
8386137,8738243,12,12,0
8386137,8738243,13,13,0
6094506,6567552,1,1,0
4226851,5059417,1,1,0
4445841,4832594,7,4,3
4445841,4832594,11,6,5
3973228,4041535,1,2,-1
3973228,4041535,4,9,-5
3973228,4041535,5,7,-2
3973228,4041535,7,11,-4
6219676,6990526,1,12,-11
6219676,6990526,3,7,-4
6219676,6990526,4,5,-1
6219676,6990526,6,6,0
6219676,6990526,7,1,6
6219676,6990526,12,9,3
7081222,8470228,1,1,0
5304943,7750733,4,2,2
5304943,7750733,5,5,0
4096855,4363328,1,4,-3
4096855,4363328,11,2,9
4642133,6090353,2,1,1
4642133,6090353,7,8,-1
6215928,6999156,2,2,0
6215928,6999156,4,4,0
4808876,5541480,4,3,1
4808876,5541480,5,6,-1
4808876,5541480,8,2,6
4909534,5156645,1,6,-5
4909534,5156645,10,7,3
4909534,5156645,11,2,9
5221535,6180127,1,2,-1
5221535,6180127,2,3,-1
5221535,6180127,8,4,4
5568760,7034527,1,3,-2
5568760,7034527,3,1,2
5568760,7034527,4,2,2
5568760,7034527,9,8,1
5449515,6953578,6,6,0
6567242,7468868,8,10,-2
6567242,7468868,10,11,-1
5350213,8328267,3,1,2
5350213,8328267,6,5,1
5350213,8328267,12,2,10
5430851,7500240,1,7,-6
5430851,7500240,2,4,-2
5430851,7500240,4,6,-2
5430851,7500240,6,2,4
5430851,7500240,12,5,7
5430851,7500240,13,8,5
5316978,6358785,1,1,0
6154149,6357883,3,1,2
6154149,6357883,5,11,-6
5247429,8026587,7,8,-1
7164147,8178388,10,12,-2
7191193,8250172,3,2,1
4029415,4268167,3,1,2
4029415,4268167,10,4,6
5026559,8361488,13,9,4
4188660,4717863,1,3,-2
4188660,4717863,2,9,-7
4188660,4717863,5,4,1
4188660,4717863,7,2,5
4907312,6568019,2,2,0
4907312,6568019,3,1,2
4640352,7673681,6,5,1
4640352,7673681,13,9,4
5620481,6080150,3,6,-3
7190614,8149628,2,7,-5
7190614,8149628,3,13,-10
7190614,8149628,5,11,-6
6379419,7097691,1,4,-3
5295292,7901526,1,3,-2
5295292,7901526,2,1,1
5295292,7901526,5,13,-8
5295292,7901526,6,4,2
5295292,7901526,12,2,10
6492699,7002241,8,11,-3
6492699,7002241,10,7,3
4365144,6521072,1,1,0
5333897,7438312,5,4,1
7552081,7788160,1,1,0
7552081,7788160,8,8,0
4824870,5131927,2,1,1
4824870,5131927,11,11,0
4284349,5300973,4,2,2
4284349,5300973,6,5,1
5118271,6616880,6,8,-2
5118271,6616880,8,5,3
6258699,7276737,6,1,5
6258699,7276737,7,5,2
6258699,7276737,9,2,7
6356445,7397666,13,2,11
7370111,7624263,9,1,8
6444634,8344026,1,3,-2
4202109,4706360,1,1,0
5252950,8384777,8,2,6
5455888,8160871,1,2,-1
5455888,8160871,2,8,-6
5455888,8160871,5,9,-4
5455888,8160871,6,4,2
5455888,8160871,7,1,6
5495438,6541375,1,2,-1
5495438,6541375,2,5,-3
5495438,6541375,12,4,8
5495438,6541375,13,11,2
6310853,6580668,2,12,-10
6310853,6580668,4,6,-2
6310853,6580668,6,5,1
6310853,6580668,10,7,3
4129041,5287291,4,3,1
4129041,5287291,5,4,1
7457049,8238038,1,1,0
7457049,8238038,4,6,-2
7457049,8238038,6,5,1
7457049,8238038,11,9,2
7457049,8238038,13,8,5
4344130,5586256,5,9,-4
4344130,5586256,8,3,5
7314238,7793990,1,1,0
7314238,7793990,2,2,0
7314238,7793990,3,3,0
7314238,7793990,4,4,0
7314238,7793990,5,5,0
7314238,7793990,6,6,0
7314238,7793990,7,7,0
7314238,7793990,8,8,0
7314238,7793990,9,9,0
7314238,7793990,10,10,0
7314238,7793990,11,11,0
7314238,7793990,12,12,0
7314238,7793990,13,13,0
6962374,7165791,1,9,-8
6962374,7165791,8,1,7
5487181,7120810,3,8,-5
5487181,7120810,6,4,2
7030481,8168529,3,12,-9
7030481,8168529,11,10,1
4681111,5333617,9,4,5
6150826,7100483,7,8,-1
5243659,8696520,12,11,1
6348441,7534304,2,3,-1
4881329,7069671,1,1,0
4881329,7069671,2,7,-5
5627845,6285722,1,6,-5
5627845,6285722,4,11,-7
5627845,6285722,6,9,-3
5627845,6285722,7,2,5
5627845,6285722,11,4,7
4218111,7060343,5,11,-6
4218111,7060343,8,8,0
6434558,8554806,2,7,-5
6434558,8554806,4,2,2
6434558,8554806,7,3,4
4888693,8126108,3,2,1
4888693,8126108,7,1,6
5153861,5623467,1,10,-9
5153861,5623467,2,1,1
5153861,5623467,6,5,1
6072559,7755380,7,7,0
4982064,6100514,1,1,0
4982064,6100514,8,3,5
4675162,4857471,4,5,-1
6073278,8584272,1,4,-3
6073278,8584272,5,1,4
7708696,8114032,10,1,9
6099082,6371570,1,2,-1
6099082,6371570,3,5,-2
6099082,6371570,4,3,1
6099082,6371570,7,1,6
4388558,8330385,2,8,-6
7093005,7657580,13,9,4
5154429,6068258,4,7,-3
5154429,6068258,8,2,6
4870057,6074658,1,6,-5
4870057,6074658,2,7,-5
4870057,6074658,3,1,2
6224662,7837471,4,1,3
6121860,7538637,1,1,0
6121860,7538637,2,5,-3
6121860,7538637,6,9,-3
6121860,7538637,8,2,6
6222762,8261159,3,7,-4
6222762,8261159,6,5,1
6408327,8340306,11,6,5
7698208,8438075,4,10,-6
4112179,6129978,11,11,0
4923109,7101602,1,1,0
4923109,7101602,3,4,-1
4923109,7101602,8,5,3
4923109,7101602,9,13,-4
7121341,8196658,12,3,9
4799247,7110493,1,2,-1
4799247,7110493,2,1,1
4799247,7110493,3,8,-5
4799247,7110493,4,9,-5
4799247,7110493,5,3,2
6539377,8719176,1,5,-4
6539377,8719176,4,3,1
5031470,5273011,1,3,-2
5031470,5273011,2,6,-4
5031470,5273011,3,5,-2
5031470,5273011,4,8,-4
5031470,5273011,5,4,1
5031470,5273011,7,12,-5
5031470,5273011,12,10,2
5296407,7586193,6,11,-5
5178728,7057795,5,6,-1
4145274,4324638,1,1,0
4145274,4324638,2,2,0
4145274,4324638,4,3,1
4145274,4324638,6,7,-1
4145274,4324638,7,8,-1
4145274,4324638,9,9,0
4145274,4324638,11,5,6
7085425,8406546,5,2,3
7085425,8406546,6,12,-6
7085425,8406546,13,7,6
6618011,6995717,2,7,-5
6618011,6995717,4,11,-7
4409712,4495044,1,11,-10
5640319,6556996,1,1,0
5640319,6556996,5,4,1
5640319,6556996,7,7,0
6401248,8650663,1,3,-2
6401248,8650663,2,2,0
6401248,8650663,5,13,-8
6401248,8650663,7,9,-2
6198797,8368956,4,4,0
6198797,8368956,9,5,4
6598836,7150438,7,1,6
6598836,7150438,13,10,3
6261348,6478861,1,1,0
6261348,6478861,2,2,0
6261348,6478861,3,3,0
6261348,6478861,4,4,0
6261348,6478861,5,5,0
6261348,6478861,6,6,0
6261348,6478861,7,7,0
6261348,6478861,8,8,0
6261348,6478861,9,9,0
6261348,6478861,10,10,0
6261348,6478861,11,13,-2
3974493,4253152,6,2,4
6187823,8357559,3,2,1
4123061,7786212,1,10,-9
4123061,7786212,3,7,-4
4123061,7786212,6,9,-3
4123061,7786212,9,8,1
4123061,7786212,13,5,8
4932236,5239854,1,9,-8
4932236,5239854,3,1,2
4932236,5239854,7,6,1
4932236,5239854,12,3,9
6485491,8439954,7,2,5
6485491,8439954,11,3,8
6161021,8073121,1,10,-9
5014193,6349345,2,5,-3
5014193,6349345,5,12,-7
5491856,8074541,3,5,-2
5491856,8074541,8,1,7
4060195,4215673,1,4,-3
4060195,4215673,2,11,-9
4060195,4215673,3,12,-9
4060195,4215673,9,2,7
6391191,6527950,1,6,-5
6391191,6527950,3,3,0
6391191,6527950,13,4,9
5272909,8747458,4,3,1
5062896,7311967,3,8,-5
5062896,7311967,4,5,-1
5062896,7311967,12,9,3
5153450,5319258,1,1,0
5153450,5319258,2,2,0
5153450,5319258,3,3,0
5153450,5319258,4,4,0
5153450,5319258,5,6,-1
5153450,5319258,6,7,-1
5153450,5319258,7,8,-1
5153450,5319258,8,9,-1
5153450,5319258,9,10,-1
5153450,5319258,10,11,-1
5153450,5319258,11,12,-1
5153450,5319258,12,13,-1
5038773,7607360,2,4,-2
5038773,7607360,6,6,0
7057681,8427288,6,6,0
6389064,8031792,2,5,-3
4708717,5279549,1,3,-2
4708717,5279549,3,8,-5
4993386,8267074,3,1,2
4993386,8267074,5,3,2
6335536,7312162,5,3,2
5578995,6909816,5,1,4
6087628,8269141,3,1,2
6087628,8269141,5,2,3
6087628,8269141,10,9,1
4629724,5055466,1,1,0
4629724,5055466,4,3,1
4629724,5055466,8,7,1
4629724,5055466,11,8,3
7492268,8708821,12,6,6
6931543,8650408,2,1,1
6931543,8650408,5,4,1
6494458,7210687,1,1,0
6494458,7210687,4,5,-1
6851561,7273551,1,2,-1
5048035,8410490,5,4,1
5048035,8410490,12,12,0
6907006,7936663,11,5,6
6339841,6883165,11,7,4
7266967,8418491,2,1,1
7266967,8418491,3,4,-1
7266967,8418491,4,8,-4
7266967,8418491,7,2,5
4924322,5208871,2,2,0
6506583,7053196,10,6,4
5405228,8061178,3,2,1
4950888,5371608,1,4,-3
4950888,5371608,2,2,0
4950888,5371608,3,1,2
4950888,5371608,4,12,-8
4950888,5371608,10,7,3
7146388,7703140,1,2,-1
7146388,7703140,3,4,-1
7072559,7418184,1,1,0
7072559,7418184,2,2,0
7072559,7418184,4,4,0
7072559,7418184,6,6,0
7072559,7418184,7,3,4
5068733,8116611,8,13,-5
5068733,8116611,9,8,1
4703761,7344499,7,4,3
4667204,7626557,2,5,-3
4667204,7626557,4,2,2
4667204,7626557,5,3,2
6932894,8461985,5,1,4
5280909,8388439,2,2,0
5280909,8388439,3,3,0
5280909,8388439,6,8,-2
5280909,8388439,7,13,-6
5258034,8114427,9,3,6
4636201,7094223,1,2,-1
4636201,7094223,2,6,-4
4636201,7094223,8,1,7
6215820,8379851,10,8,2
7302457,7849120,1,7,-6
7302457,7849120,3,5,-2
6639385,8269462,1,3,-2
6639385,8269462,4,7,-3
6639385,8269462,5,9,-4
4512922,7947473,8,2,6
4620537,8671940,7,3,4
4631070,5340487,3,5,-2
4631070,5340487,9,13,-4
6228271,8571296,1,8,-7
6228271,8571296,8,11,-3
6228271,8571296,11,3,8
6446206,8201226,10,7,3
7607687,8007001,1,2,-1
7607687,8007001,2,7,-5
5366875,7226587,2,6,-4
5366875,7226587,4,12,-8
5366875,7226587,5,8,-3
5366875,7226587,6,1,5
6380092,6956983,10,9,1
7043045,7543681,6,2,4
4494304,4898835,8,3,5
4494304,4898835,9,9,0
5197963,6063079,4,6,-2
6367278,7234653,3,2,1
6367278,7234653,6,8,-2
6367278,7234653,8,1,7
5623537,8107618,1,1,0
7434717,7658311,8,9,-1
7434717,7658311,10,10,0
4076189,4830313,1,3,-2
5546471,7400751,1,8,-7
6657484,7009545,3,1,2
5338575,8535748,1,2,-1
6606301,7406538,1,10,-9
6192123,7903796,3,10,-7
4011940,4784264,3,5,-2
4011940,4784264,4,10,-6
4011940,4784264,6,9,-3
6245531,8021878,1,1,0
6245531,8021878,3,3,0
6245531,8021878,4,13,-9
6245531,8021878,6,8,-2
6245531,8021878,8,9,-1
6408284,8145567,11,1,10
7716219,8527533,1,10,-9
7716219,8527533,2,1,1
4761973,7533545,2,2,0
4761973,7533545,4,9,-5
4761973,7533545,7,7,0
4761973,7533545,8,6,2
6549721,7352684,1,2,-1
6549721,7352684,5,7,-2
6549721,7352684,6,1,5
6549721,7352684,11,13,-2
4572835,6146681,1,7,-6
6264643,8043273,6,8,-2
6264643,8043273,7,3,4
6264643,8043273,12,11,1
5448641,6385504,6,5,1
5448641,6385504,10,10,0
5448641,6385504,13,8,5
6379648,8353966,1,10,-9
5356039,7216781,7,1,6
5397875,7942851,3,6,-3
5150367,8086423,13,3,10
7424965,8267300,11,5,6
6385681,7380004,1,1,0
6385681,7380004,3,9,-6
6385681,7380004,13,7,6
6618361,7080133,4,10,-6
5408627,8356129,2,4,-2
7154180,7928575,1,1,0
7154180,7928575,2,2,0
7154180,7928575,3,3,0
7154180,7928575,4,4,0
7154180,7928575,5,5,0
7154180,7928575,6,6,0
7154180,7928575,7,7,0
7154180,7928575,8,8,0
7154180,7928575,9,9,0
7154180,7928575,10,10,0
7154180,7928575,11,11,0
7154180,7928575,12,12,0
7154180,7928575,13,13,0
4858924,6120390,6,1,5
4858924,6120390,9,3,6
4858924,6120390,10,10,0
4858924,6120390,11,4,7
4380219,4944257,2,1,1
4380219,4944257,5,3,2
6546256,7412012,1,2,-1
5653903,7972713,3,9,-6
4875994,5013425,1,1,0
4875994,5013425,4,4,0
4875994,5013425,5,7,-2
4875994,5013425,8,11,-3
4618524,8247335,7,9,-2
7169052,8187073,1,1,0
7169052,8187073,2,2,0
7169052,8187073,3,3,0
7169052,8187073,4,4,0
7169052,8187073,5,5,0
7169052,8187073,6,6,0
7169052,8187073,7,7,0
7169052,8187073,8,8,0
7169052,8187073,9,9,0
7169052,8187073,10,10,0
7169052,8187073,11,11,0
7169052,8187073,12,12,0
7169052,8187073,13,13,0
5304465,6462809,11,8,3
5291013,7925056,3,3,0
5291013,7925056,9,10,-1
5007574,6513697,2,1,1
5007574,6513697,4,5,-1
5007574,6513697,6,2,4
5007574,6513697,11,3,8
6270386,7574973,2,12,-10
6270386,7574973,6,10,-4
3976337,6497460,1,2,-1
3976337,6497460,3,1,2
3976337,6497460,5,9,-4
3976337,6497460,13,10,3
5329552,7706349,8,7,1
5329552,7706349,9,9,0
5329552,7706349,12,11,1
6549773,7133918,3,2,1
6549773,7133918,9,4,5
6549773,7133918,11,7,4
6287250,7189202,2,2,0
6287250,7189202,6,3,3
4810333,5262042,7,1,6
7472394,8245076,8,8,0
4710553,8048493,4,5,-1
5597823,8383832,9,2,7
6308626,7556369,1,1,0
6308626,7556369,12,6,6
6619778,7671556,2,11,-9
6619778,7671556,13,6,7
4744363,8690908,4,10,-6
7718039,8653308,1,2,-1
7718039,8653308,4,9,-5
7718039,8653308,5,6,-1
7718039,8653308,12,8,4
6383395,8475658,4,9,-5
6383395,8475658,6,7,-1
4873688,5329535,6,2,4
4873688,5329535,7,5,2
6456646,6661834,11,12,-1
7885128,8289790,1,1,0
7885128,8289790,2,2,0
7885128,8289790,7,8,-1
7885128,8289790,10,12,-2
7885128,8289790,12,13,-1
7885128,8289790,13,3,10
4665906,8623080,11,3,8
5258774,7131715,2,9,-7
5258774,7131715,5,1,4
5431539,7296969,1,1,0
5431539,7296969,2,2,0
5431539,7296969,3,8,-5
5431539,7296969,4,11,-7
5431539,7296969,11,12,-1
4488827,4993853,1,1,0
5616562,7331350,1,8,-7
4257130,4354286,1,1,0
4257130,4354286,2,7,-5
4257130,4354286,5,3,2
5104923,5227423,2,8,-6
5104923,5227423,3,6,-3
5104923,5227423,10,11,-1
7477653,8595323,10,4,6
5636299,6444988,3,4,-1
5636299,6444988,7,1,6
5636299,6444988,8,5,3
5636299,6444988,12,3,9
5636299,6444988,13,12,1
4392312,6354021,8,9,-1
4392312,6354021,9,3,6
7108421,8596865,8,5,3
7108421,8596865,13,9,4
6260701,7703605,2,2,0
6260701,7703605,7,3,4
5103337,7075056,3,7,-4
5004197,7681292,3,4,-1
5004197,7681292,5,1,4
5004197,7681292,7,13,-6
6292697,8187163,4,3,1
6567800,8756210,3,2,1
3950089,4530595,3,12,-9
5503553,6217327,5,6,-1
5503553,6217327,13,9,4
4007743,7479155,5,2,3
5395504,6881322,2,4,-2
6570108,7463239,11,2,9
6599310,7112214,2,4,-2
6599310,7112214,3,3,0
4629097,5568883,9,3,6
7940685,8483068,1,1,0
7940685,8483068,5,11,-6
7940685,8483068,7,6,1
4053422,5490903,5,8,-3
4053422,5490903,6,10,-4
6094038,7675764,3,3,0
6094038,7675764,4,5,-1
4500519,8067555,2,7,-5
4424812,7177703,2,3,-1
4424812,7177703,10,4,6
4424812,7177703,11,1,10
6983608,8257030,1,4,-3
6983608,8257030,2,1,1
6983608,8257030,3,7,-4
6983608,8257030,4,3,1
4649922,8444686,2,1,1
4649922,8444686,3,2,1
4649922,8444686,5,9,-4
4649922,8444686,6,13,-7
4649922,8444686,12,12,0
7366730,8515892,7,4,3
7366730,8515892,11,8,3
4254966,8448973,1,3,-2
4750024,5196914,3,8,-5
4750024,5196914,5,7,-2
4750024,5196914,8,2,6
6700130,8303894,2,8,-6
7968033,8556113,5,5,0
4300044,4960992,3,9,-6
5361277,7324403,6,1,5
4065355,6932965,4,4,0
7369209,8271047,2,1,1
4894649,5025252,1,7,-6
4894649,5025252,13,5,8
6604708,7988242,1,1,0
6604708,7988242,2,6,-4
6604708,7988242,5,10,-5
6604708,7988242,8,7,1
6578054,7542999,1,6,-5
6578054,7542999,2,12,-10
6578054,7542999,11,8,3
4818855,8269605,12,9,3
4746787,7660763,1,1,0
6517580,7585325,1,2,-1
4393764,4899651,1,11,-10
4393764,4899651,2,3,-1
4393764,4899651,12,6,6
6177931,8707366,7,1,6
6166063,7205323,1,4,-3
6166063,7205323,5,1,4
6166063,7205323,6,2,4
6166063,7205323,8,6,2
6355561,7211508,1,3,-2
6355561,7211508,6,2,4
6355561,7211508,8,10,-2
6355561,7211508,13,8,5
5257635,8734442,1,2,-1
5257635,8734442,2,5,-3
5257635,8734442,4,3,1
5257635,8734442,6,6,0
5257635,8734442,13,4,9
4941500,6240940,1,2,-1
4941500,6240940,2,1,1
4553436,6494092,5,3,2
5623935,6910084,7,2,5
6343121,7054428,1,1,0
6343121,7054428,10,4,6
5413452,6073536,4,1,3
5413452,6073536,7,8,-1
5243675,5295215,1,7,-6
5243675,5295215,9,3,6
5243675,5295215,11,6,5
8193900,8692334,2,1,1
8193900,8692334,4,5,-1
8193900,8692334,7,7,0
8193900,8692334,13,8,5
6644567,8440057,9,10,-1
7987449,8745184,3,8,-5
5256506,6218071,1,4,-3
5256506,6218071,3,6,-3
6556019,7479763,1,1,0
6556019,7479763,12,11,1
6128795,7069609,10,5,5
7249337,8432027,5,11,-6
7249337,8432027,8,10,-2
5099953,6119810,2,2,0
5099953,6119810,5,9,-4
5099953,6119810,7,4,3
5099953,6119810,12,7,5
5038965,5655688,1,9,-8
5038965,5655688,9,11,-2
5038965,5655688,10,3,7
6629988,8701958,1,1,0
6629988,8701958,6,11,-5
7128744,7648508,1,6,-5
7128744,7648508,2,12,-10
7128744,7648508,3,5,-2
7128744,7648508,4,9,-5
7128744,7648508,6,8,-2
7128744,7648508,9,7,2
4858398,5274967,5,4,1
6607505,7063682,1,1,0
6607505,7063682,2,2,0
6607505,7063682,3,3,0
6607505,7063682,4,4,0
6607505,7063682,5,5,0
6607505,7063682,6,6,0
6607505,7063682,7,7,0
6607505,7063682,8,8,0
6607505,7063682,9,9,0
6607505,7063682,10,10,0
6607505,7063682,11,11,0
6607505,7063682,12,12,0
6607505,7063682,13,13,0
4749671,5021388,4,4,0
4698583,7730946,2,12,-10
5504684,7719466,5,13,-8
6669353,7905459,2,3,-1
6669353,7905459,8,5,3
6669353,7905459,9,10,-1
6266241,6545864,1,3,-2
6266241,6545864,2,1,1
6266241,6545864,3,5,-2
6266241,6545864,4,10,-6
6266241,6545864,7,2,5
6266241,6545864,10,13,-3
7985246,8702757,1,7,-6
7985246,8702757,2,1,1
7985246,8702757,3,5,-2
7985246,8702757,10,9,1
5025971,7686199,4,8,-4
6339341,7647485,6,5,1
6148068,7477282,1,2,-1
6148068,7477282,3,8,-5
6494795,8262511,1,5,-4
6494795,8262511,2,8,-6
7313529,8260424,4,12,-8
6972001,8315449,3,12,-9
7277767,7987492,6,7,-1
4067746,6521214,1,6,-5
4067746,6521214,2,7,-5
4067746,6521214,3,1,2
6020969,7276120,1,1,0
6020969,7276120,12,3,9
4274487,7942197,2,10,-8
4274487,7942197,7,5,2
5636107,8023290,1,2,-1
5636107,8023290,3,5,-2
5636107,8023290,12,6,6
7120334,7260290,1,1,0
7120334,7260290,2,6,-4
7120334,7260290,4,4,0
7120334,7260290,9,5,4
7120334,7260290,12,9,3
6955484,7854714,4,3,1
6955484,7854714,6,12,-6
5285136,7228883,1,10,-9
5285136,7228883,3,12,-9
5285136,7228883,4,2,2
3947738,4675585,1,3,-2
3947738,4675585,4,7,-3
3947738,4675585,5,13,-8
6302793,7867081,1,2,-1
6302793,7867081,2,7,-5
6302793,7867081,8,4,4
6600824,7327849,6,3,3
6977116,8192205,7,4,3
5108418,8062327,5,9,-4
5108418,8062327,7,10,-3
5194310,6048431,1,1,0
5194310,6048431,2,3,-1
5194310,6048431,11,5,6
4946516,7967923,1,5,-4
4946516,7967923,2,1,1
4946516,7967923,5,4,1
4543592,5238849,5,10,-5
5356642,6511697,2,2,0
4547613,4665264,1,7,-6
4547613,4665264,5,3,2
4547613,4665264,7,6,1
4702985,5306590,1,6,-5
4702985,5306590,3,4,-1
4702985,5306590,5,3,2
5372641,8281859,1,3,-2
6414920,7123567,8,2,6
6414920,7123567,10,10,0
6414920,7123567,11,9,2
6264556,6623357,3,5,-2
6264556,6623357,8,2,6
7225979,8261094,6,6,0
6091932,7983141,1,6,-5
6091932,7983141,4,3,1
6091932,7983141,5,7,-2
6091932,7983141,6,1,5
6469303,8244482,1,2,-1
7349301,7672204,3,3,0
7349301,7672204,4,10,-6
7349301,7672204,10,4,6
7349301,7672204,13,2,11
4904488,5195829,3,3,0
4904488,5195829,4,7,-3
4904488,5195829,5,1,4
5576264,6495195,5,2,3
4976688,8029492,3,2,1
4336416,6852925,7,9,-2
4336416,6852925,12,2,10
6315797,7481839,1,4,-3
6315797,7481839,7,11,-4
7749788,8389923,2,1,1
7749788,8389923,3,2,1
7749788,8389923,4,12,-8
7749788,8389923,5,10,-5
7749788,8389923,7,6,1
7749788,8389923,10,5,5
7749788,8389923,13,4,9
7961421,8724246,1,2,-1
7961421,8724246,10,9,1
7961421,8724246,13,6,7
7040397,7730946,1,3,-2
7040397,7730946,4,10,-6
7040397,7730946,13,5,8
7428284,7667507,6,7,-1
7428284,7667507,8,8,0
7428284,7667507,13,9,4
6127671,8276878,1,5,-4
6127671,8276878,7,1,6
6127671,8276878,8,11,-3
6127671,8276878,11,7,4
6861540,8022201,3,11,-8
6865055,7619849,4,3,1
4079534,7591098,1,2,-1
4084348,8495838,5,9,-4
4084348,8495838,11,3,8
4436393,5416541,1,9,-8
4436393,5416541,3,2,1
4436393,5416541,6,12,-6
4436393,5416541,12,6,6
4291541,6880719,4,1,3
4291541,6880719,13,10,3
6161855,7661690,1,3,-2
6161855,7661690,5,8,-3
6551285,8740852,2,1,1
6551285,8740852,4,4,0
6551285,8740852,11,3,8
5547931,6455046,2,1,1
5547931,6455046,12,10,2
5547931,6455046,13,11,2
4711712,7708790,4,1,3
4711712,7708790,10,8,2
5178595,8453663,8,1,7
4331051,8201484,1,6,-5
4331051,8201484,2,2,0
6369878,7001017,2,1,1
6369878,7001017,10,4,6
5292676,6136633,1,2,-1
5292676,6136633,4,8,-4
5292676,6136633,8,3,5
5292676,6136633,11,4,7
5480446,6319283,1,1,0
5480446,6319283,4,12,-8
5480446,6319283,7,5,2
5558720,6599569,8,7,1
5558720,6599569,10,1,9
5386025,6267945,1,3,-2
5386025,6267945,4,4,0
5386025,6267945,9,5,4
6443260,7128187,3,4,-1
6443260,7128187,5,10,-5
6530472,8714387,6,9,-3
5274999,6381948,1,1,0
5274999,6381948,12,11,1
6555350,8556999,2,1,1
6555350,8556999,6,6,0
6304450,6947293,1,2,-1
6304450,6947293,3,3,0
6304450,6947293,8,13,-5
4937881,6539549,1,11,-10
4937881,6539549,5,1,4
4937881,6539549,8,8,0
5630817,7819901,1,2,-1
5630817,7819901,5,1,4
5630817,7819901,13,11,2
4836256,5265720,4,6,-2
4836256,5265720,5,9,-4
5410697,7565406,5,1,4
5410697,7565406,12,4,8
6639977,7945037,1,1,0
6998862,7591065,13,5,8
6927340,7538271,1,1,0
6552337,8269960,3,1,2
4267689,4692972,8,8,0
5528156,7026830,1,1,0
5528156,7026830,7,10,-3
4887562,7954472,12,9,3
5283823,6863439,1,1,0
5321710,7050388,9,5,4
5321710,7050388,12,7,5
7885904,8600979,1,4,-3
4119024,4195562,4,3,1
3950059,4045109,1,1,0
3950059,4045109,2,6,-4
3950059,4045109,9,4,5
3950059,4045109,10,8,2
6310010,7417012,6,8,-2
4942031,6177105,1,1,0
4631085,6168654,2,2,0
4291821,5083677,8,1,7
6966668,8388164,1,1,0
6487342,7711219,2,5,-3
6487342,7711219,3,4,-1
6487342,7711219,4,6,-2
6487342,7711219,8,7,1
6487342,7711219,9,8,1
6547556,7216691,5,5,0
5261506,6182783,3,2,1
5261506,6182783,8,8,0
5261506,6182783,9,3,6
4966522,8173013,1,2,-1
4966522,8173013,2,13,-11
4966522,8173013,6,12,-6
6129117,8672177,2,3,-1
6129117,8672177,3,7,-4
5220839,8037772,1,3,-2
5220839,8037772,2,4,-2
5220839,8037772,10,6,4
4438251,5250357,3,10,-7
5333061,7404774,5,2,3
5333061,7404774,6,1,5
5333061,7404774,8,9,-1
5333061,7404774,10,13,-3
4945055,5648340,4,8,-4
6490654,7334102,9,2,7
5037968,8754197,5,8,-3
4784925,6632573,1,7,-6
4784925,6632573,5,1,4
4784925,6632573,7,13,-6
6076108,6449765,5,2,3
6076108,6449765,12,1,11
6622724,7588031,2,9,-7
6622724,7588031,6,7,-1
7074800,7462623,7,2,5
4355344,6137668,4,9,-5
4773693,5326067,3,5,-2
4773693,5326067,7,6,1
4773693,5326067,11,9,2
4773693,5326067,12,10,2
4802506,6213986,1,13,-12
4802506,6213986,7,2,5
4802506,6213986,12,1,11
4909420,5350587,3,3,0
4909420,5350587,5,10,-5
4909420,5350587,9,4,5
5144021,7485720,1,1,0
5655913,8672688,10,13,-3
6975059,7215050,10,1,9
4463417,4860339,1,6,-5
4463417,4860339,4,10,-6
4227862,6062821,13,8,5
6218298,7473638,9,5,4
6218298,7473638,10,3,7
7272677,7791370,1,5,-4
7272677,7791370,8,3,5
6411080,7027897,3,1,2
6411080,7027897,10,6,4
5559618,6229587,7,2,5
5559618,6229587,9,4,5
4785345,8582669,4,2,2
5196386,5523268,4,9,-5
5196386,5523268,5,2,3
5196386,5523268,7,3,4
4692654,5423319,4,4,0
4692654,5423319,11,2,9
4966504,5332342,2,10,-8
4966504,5332342,3,3,0
4966504,5332342,7,2,5
4966504,5332342,13,4,9
4403057,4999391,12,6,6
7129602,8008821,2,6,-4
7129602,8008821,3,5,-2
7129602,8008821,8,1,7
7129602,8008821,10,8,2
6314409,7921450,3,2,1
6177708,8508994,4,2,2
6177708,8508994,5,11,-6
6177708,8508994,6,4,2
5417698,8608777,9,4,5
5490647,8139349,3,4,-1
5233958,5307777,2,5,-3
5233958,5307777,5,9,-4
5233958,5307777,8,10,-2
5233958,5307777,9,7,2
4605574,7938341,1,1,0
8283605,8563905,2,3,-1
8283605,8563905,6,11,-5
8283605,8563905,7,2,5
8283605,8563905,8,4,4
8283605,8563905,10,9,1
4114669,4240481,3,3,0
4114669,4240481,9,4,5
4114669,4240481,12,13,-1
6453327,7558832,1,2,-1
6453327,7558832,2,4,-2
6453327,7558832,4,6,-2
5429640,8449544,4,4,0
5429640,8449544,5,11,-6
5429640,8449544,6,8,-2
4414478,5306955,1,1,0
4414478,5306955,8,2,6
4414478,5306955,10,3,7
4414478,5306955,11,4,7
4249538,4416288,11,5,6
4871171,8414372,4,1,3
5285352,6887741,3,2,1
5285352,6887741,5,3,2
5285352,6887741,8,11,-3
5377516,6098435,2,1,1
4882675,8090615,2,12,-10
4194536,4567943,12,3,9
4165157,4458987,5,4,1
4165157,4458987,8,11,-3
4165157,4458987,9,7,2
6901287,8751016,4,4,0
6901287,8751016,9,2,7
6901287,8751016,11,1,10
4347465,4672278,5,3,2
4347465,4672278,12,11,1
4410519,5286747,6,2,4
5420425,7675033,1,1,0
5420425,7675033,2,5,-3
5420425,7675033,3,6,-3
5420425,7675033,4,2,2
5420425,7675033,6,4,2
5158535,7226436,1,1,0
5158535,7226436,3,2,1
6351102,8198900,1,1,0
6351102,8198900,2,2,0
6351102,8198900,3,3,0
6351102,8198900,4,4,0
6351102,8198900,5,5,0
6351102,8198900,6,6,0
6351102,8198900,7,7,0
6351102,8198900,8,8,0
6351102,8198900,9,9,0
6351102,8198900,10,10,0
6351102,8198900,11,11,0
6351102,8198900,12,12,0
6351102,8198900,13,13,0
6222589,7158186,1,4,-3
6222589,7158186,5,3,2
6222589,7158186,7,1,6
5282653,5413171,5,5,0
5282653,5413171,10,8,2
4782810,8468986,1,4,-3
4782810,8468986,2,2,0
4782810,8468986,4,1,3
4782810,8468986,9,11,-2
6561138,7261061,1,5,-4
6561138,7261061,4,2,2
6561138,7261061,7,7,0
6561138,7261061,9,6,3
6561138,7261061,10,3,7
4930895,7751058,4,4,0
4930895,7751058,5,8,-3
4930895,7751058,6,7,-1
6389139,7826628,1,4,-3
6389139,7826628,2,1,1
6920197,7769133,2,4,-2
6920197,7769133,4,7,-3
6903950,7274175,1,2,-1
6903950,7274175,3,5,-2
6903950,7274175,10,7,3
4867970,5314915,1,9,-8
4867970,5314915,11,6,5
6853099,7982344,1,5,-4
6853099,7982344,2,1,1
6853099,7982344,4,4,0
6853099,7982344,9,8,1
6853099,7982344,12,10,2
4960310,5337191,1,1,0
4960310,5337191,8,2,6
4960310,5337191,11,10,1
5306985,6230652,1,2,-1
5306985,6230652,2,5,-3
5577784,6482486,7,1,6
7183235,7686976,2,1,1
5075413,7642333,1,1,0
5075413,7642333,2,5,-3
5075413,7642333,5,4,1
5075413,7642333,7,8,-1
5075413,7642333,13,10,3
4676807,5431941,2,8,-6
4676807,5431941,8,7,1
7857281,8150555,2,1,1
7857281,8150555,3,11,-8
7857281,8150555,4,2,2
7857281,8150555,10,3,7
5390683,8262736,1,1,0
5390683,8262736,7,2,5
4926945,7673689,1,1,0
6160272,7675233,3,12,-9
6160272,7675233,6,10,-4
4552906,5591786,4,11,-7
4552906,5591786,8,12,-4
6507405,7751059,10,3,7
5182093,5527392,3,11,-8
5182093,5527392,7,1,6
5182093,5527392,8,8,0
5182093,5527392,13,2,11
7100691,8127831,1,3,-2
7100691,8127831,6,2,4
7100691,8127831,7,13,-6
4785641,5289691,1,1,0
4785641,5289691,2,10,-8
4785641,5289691,8,9,-1
4908586,7110227,11,4,7
6609696,7824393,1,6,-5
6871070,7804820,2,10,-8
6871070,7804820,8,2,6
6871070,7804820,11,13,-2
4174915,8047747,3,5,-2
4174915,8047747,8,2,6
4174915,8047747,10,12,-2
4418312,4814693,1,13,-12
4418312,4814693,2,1,1
4418312,4814693,3,4,-1
5470079,8297502,5,4,1
4460767,8288498,2,9,-7
4394642,8077743,1,1,0
7445597,8021296,1,12,-11
7445597,8021296,2,2,0
7445597,8021296,3,1,2
7445597,8021296,4,6,-2
7445597,8021296,6,4,2
7445597,8021296,7,8,-1
7445597,8021296,12,7,5
6556708,8155397,1,2,-1
6556708,8155397,3,4,-1
6556708,8155397,9,6,3
6593147,7744872,3,7,-4
6593147,7744872,10,1,9
5577188,8566792,8,8,0
6277112,7115139,7,6,1
6277112,7115139,12,4,8
5066446,5152948,7,3,4
5567634,7667264,1,1,0
5526376,6459881,1,8,-7
5526376,6459881,2,2,0
4745293,5330073,5,7,-2
4745293,5330073,8,3,5
4745293,5330073,12,1,11
7281128,8583928,7,2,5
7218645,8559400,1,1,0
7218645,8559400,2,2,0
7218645,8559400,3,3,0
7218645,8559400,4,4,0
7218645,8559400,5,5,0
7218645,8559400,6,6,0
7218645,8559400,7,7,0
7218645,8559400,8,8,0
7218645,8559400,9,9,0
7218645,8559400,10,10,0
7218645,8559400,11,11,0
7218645,8559400,12,12,0
7218645,8559400,13,13,0
6663044,7975465,4,7,-3
6663044,7975465,8,3,5
4072283,7793887,1,4,-3
4072283,7793887,3,1,2
4072283,7793887,5,9,-4
4072283,7793887,11,7,4
6389009,7310308,1,1,0
6389009,7310308,2,2,0
6389009,7310308,3,3,0
6389009,7310308,4,4,0
6389009,7310308,5,5,0
6389009,7310308,6,7,-1
6389009,7310308,7,8,-1
6389009,7310308,8,6,2
6389009,7310308,9,10,-1
6389009,7310308,10,11,-1
6389009,7310308,11,12,-1
6389009,7310308,12,9,3
6389009,7310308,13,13,0
7207800,8197255,2,4,-2
4461793,4686144,2,1,1
4461793,4686144,4,6,-2
5250026,7577473,2,3,-1
5421125,8495841,3,5,-2
5421125,8495841,4,1,3
5421125,8495841,5,10,-5
5421125,8495841,6,11,-5
5421125,8495841,13,7,6
5499132,6856642,7,1,6
5499132,6856642,9,3,6
7272770,7882414,1,6,-5
7272770,7882414,7,2,5
7272770,7882414,13,3,10
3973861,6254319,2,5,-3
3960766,4163854,2,1,1
3960766,4163854,3,7,-4
3960766,4163854,10,11,-1
4925233,6059348,1,5,-4
6535249,7656446,1,10,-9
6535249,7656446,2,11,-9
7009683,7477390,2,1,1
7009683,7477390,3,9,-6
7009683,7477390,11,4,7
4761819,5297550,2,3,-1
4761819,5297550,6,6,0
4761819,5297550,9,8,1
5579456,7034828,1,1,0
5579456,7034828,6,3,3
6228927,7754331,1,8,-7
6228927,7754331,3,12,-9
6228927,7754331,5,7,-2
4442204,7670786,4,3,1
4442204,7670786,9,8,1
4442204,7670786,10,5,5
5400471,7300081,4,3,1
5400471,7300081,5,1,4
5400471,7300081,7,2,5
3971708,5122247,5,4,1
4673408,5108442,1,1,0
4673408,5108442,7,2,5
4673408,5108442,13,3,10
5347171,6424202,4,1,3
5347171,6424202,5,2,3
5347171,6424202,10,9,1
4440100,8545778,7,4,3
5183592,7863758,3,2,1
5183592,7863758,4,3,1
5183592,7863758,5,8,-3
5183592,7863758,10,10,0
5183592,7863758,11,12,-1
5485540,7070702,1,7,-6
4173900,7681457,1,3,-2
4173900,7681457,3,8,-5
4173900,7681457,5,2,3
4173900,7681457,12,10,2
4485296,4549074,1,2,-1
4485296,4549074,3,4,-1
4441201,8744850,1,8,-7
7319738,8292505,6,11,-5
4037769,5269871,1,2,-1
4037769,5269871,3,9,-6
4037769,5269871,12,1,11
4892049,5313898,1,1,0
4892049,5313898,6,12,-6
4287639,4366595,1,5,-4
4287639,4366595,2,1,1
4287639,4366595,4,9,-5
5274392,8284025,11,5,6
7108631,8241178,1,5,-4
7108631,8241178,2,4,-2
7108631,8241178,4,3,1
7108631,8241178,6,13,-7
7108631,8241178,8,7,1
6336900,7329226,2,6,-4
5059839,7690288,2,2,0
5059839,7690288,9,7,2
6487403,8479189,4,10,-6
5356205,7475938,2,1,1
5356205,7475938,4,10,-6
4852063,5337272,3,9,-6
4852063,5337272,9,3,6
4852063,5337272,11,8,3
5146427,6611527,3,9,-6
7106717,7966013,3,6,-3
7106717,7966013,9,8,1
6937992,8452671,7,6,1
6127853,8289796,1,13,-12
6127853,8289796,2,1,1
6127853,8289796,3,4,-1
6127853,8289796,5,6,-1
6127853,8289796,7,12,-5
6127853,8289796,8,5,3
6127853,8289796,9,7,2
5493507,7073156,5,1,4
5493507,7073156,13,4,9
5584675,6666657,2,7,-5
5584675,6666657,4,5,-1
4767891,5268531,1,11,-10
4767891,5268531,3,2,1
4767891,5268531,4,7,-3
4767891,5268531,12,12,0
4833029,6663737,4,3,1
7215413,7430070,1,1,0
7215413,7430070,6,7,-1
3955762,8475314,5,7,-2
8093697,8531020,1,1,0
8093697,8531020,3,8,-5
8093697,8531020,4,11,-7
8093697,8531020,7,2,5
4347953,4640638,5,6,-1
4978868,5256985,1,2,-1
4978868,5256985,10,12,-2
4978868,5256985,11,6,5
4978868,5256985,12,13,-1
4695946,7065600,2,4,-2
4695946,7065600,11,3,8
4335506,6455425,7,10,-3
4297963,6295942,1,3,-2
4297963,6295942,10,7,3
6123712,7144420,1,3,-2
5496941,6207824,7,6,1
5496941,6207824,11,13,-2
6200526,7160503,3,5,-2
6200526,7160503,13,9,4
4223210,5050769,1,1,0
4223210,5050769,11,8,3
7230787,7531975,1,1,0
4937301,7482418,8,8,0
4816772,6127890,1,2,-1
4816772,6127890,2,1,1
4816772,6127890,7,3,4
4816772,6127890,10,6,4
4816772,6127890,11,4,7
3946724,4499903,1,5,-4
3946724,4499903,4,6,-2
4142200,6441411,2,8,-6
4142200,6441411,3,6,-3
4142200,6441411,10,2,8
4716980,7479872,1,4,-3
4716980,7479872,3,9,-6
6344669,6864547,9,11,-2
6506309,8696796,1,2,-1
5147262,7686740,2,2,0
5147262,7686740,8,10,-2
5147262,7686740,11,12,-1
7369341,7889448,2,10,-8
7369341,7889448,4,11,-7
7369341,7889448,6,2,4
5594207,7910826,1,10,-9
5594207,7910826,2,2,0
5594207,7910826,4,6,-2
5594207,7910826,5,7,-2
6442570,7546571,9,1,8
6167424,6918109,9,2,7
4381774,4457303,10,4,6
7120696,8358783,1,9,-8
7120696,8358783,4,11,-7
7120696,8358783,5,5,0
7120696,8358783,10,4,6
6537607,8535759,13,8,5
4534644,6515738,5,1,4
6348988,7554708,1,4,-3
6348988,7554708,3,1,2
6348988,7554708,7,9,-2
6348988,7554708,9,7,2
6348988,7554708,11,5,6
4919767,6551494,1,3,-2
4919767,6551494,4,11,-7
4919767,6551494,6,6,0
6948389,7585465,7,1,6
6154556,8437496,5,2,3
6154556,8437496,9,12,-3
4457353,4715426,2,3,-1
4457353,4715426,3,1,2
4457353,4715426,10,2,8
4538667,6383663,4,2,2
4538667,6383663,12,1,11
5377317,7149968,1,2,-1
5377317,7149968,6,8,-2
5377317,7149968,8,11,-3
6128006,6636161,3,3,0
6128006,6636161,6,11,-5
6128006,6636161,9,8,1
6128006,6636161,12,12,0
6598678,7603758,3,1,2
6545396,6962839,5,6,-1
5575206,6575091,1,1,0
5575206,6575091,2,2,0
5575206,6575091,3,8,-5
5575206,6575091,6,7,-1
5575206,6575091,12,3,9
5449068,7318529,12,7,5
4329231,4879035,1,1,0
4329231,4879035,2,2,0
4329231,4879035,3,3,0
4329231,4879035,5,13,-8
4124879,5138119,1,11,-10
4124879,5138119,10,12,-2
4348253,6316292,8,2,6
4348253,6316292,10,12,-2
4043199,6067927,7,10,-3
4043199,6067927,8,11,-3
4825354,5175848,1,13,-12
5636187,6563768,2,1,1
5636187,6563768,3,12,-9
5636187,6563768,4,2,2
5636187,6563768,6,11,-5
5636187,6563768,9,8,1
4269607,4459966,1,4,-3
4269607,4459966,4,12,-8
4794544,7573149,1,11,-10
4794544,7573149,12,2,10
6984648,8067415,4,11,-7
4703101,6130297,2,8,-6
4703101,6130297,3,4,-1
4703101,6130297,6,7,-1
6845685,7487693,7,3,4
6845685,7487693,12,8,4
4897918,6595408,2,2,0
6176985,8172992,1,2,-1
6176985,8172992,6,3,3
6312843,7468215,1,1,0
6312843,7468215,3,2,1
6334162,7421711,8,9,-1
3966954,4053610,1,1,0
3966954,4053610,2,4,-2
3966954,4053610,3,7,-4
3966954,4053610,5,5,0
3966954,4053610,6,8,-2
3966954,4053610,8,2,6
3966954,4053610,10,11,-1
6551494,8652043,3,2,1
6551494,8652043,6,1,5
4180636,6515085,1,3,-2
4180636,6515085,3,1,2
4180636,6515085,10,4,6
4180636,6515085,13,13,0
5315142,6916711,1,2,-1
5315142,6916711,2,1,1
5315142,6916711,3,5,-2
5315142,6916711,6,4,2
5315142,6916711,9,3,6
5315142,6916711,12,13,-1
4356429,8329953,2,7,-5
4356429,8329953,5,2,3
4356429,8329953,13,3,10
5256191,7427318,6,8,-2
6234436,7150362,13,11,2
4298984,6307833,2,3,-1
4298984,6307833,13,6,7
4685709,7017379,6,5,1
4685709,7017379,10,3,7
4685709,7017379,12,10,2
5568088,7932776,1,5,-4
5568088,7932776,2,2,0
5568088,7932776,5,11,-6
6948965,7950947,5,13,-8
6948965,7950947,10,4,6
6287132,7066744,2,6,-4
6287132,7066744,10,5,5
6287132,7066744,11,3,8
3982280,6875242,2,5,-3
3982280,6875242,4,4,0
3982280,6875242,7,11,-4
6171762,7230760,1,3,-2
6171762,7230760,2,1,1
4899057,6974958,5,2,3
4500209,5143449,5,3,2
4114290,7780166,1,2,-1
4114290,7780166,8,11,-3
3938465,5269251,7,11,-4
6582437,7621939,11,5,6
6582437,7621939,13,13,0
4719246,5095098,7,8,-1
5287408,6334189,3,7,-4
6070244,7469419,2,13,-11
4162689,4262686,2,11,-9
4162689,4262686,6,5,1
6597388,7177048,2,7,-5
6597388,7177048,7,6,1
6597388,7177048,9,3,6
6395640,6576062,2,1,1
4461839,4851372,2,2,0
4461839,4851372,5,4,1
4915278,5062558,2,7,-5
4915278,5062558,7,11,-4
8027864,8442859,4,7,-3
5492588,6514185,3,11,-8
6123627,8684863,1,2,-1
6123627,8684863,3,5,-2
6123627,8684863,6,3,3
6123627,8684863,7,1,6
6621324,7674691,1,1,0
6621324,7674691,7,9,-2
5556408,8123770,4,7,-3
4906070,5235467,1,3,-2
4906070,5235467,4,4,0
4906070,5235467,11,12,-1
4805770,6073763,8,1,7
5636200,8526787,2,9,-7
5636200,8526787,4,2,2
5636200,8526787,9,3,6
5636200,8526787,11,4,7
6089027,8336734,2,2,0
6089027,8336734,4,12,-8
6089027,8336734,8,1,7
6437314,8334855,1,2,-1
6437314,8334855,5,4,1
6437314,8334855,11,1,10
5453779,7103906,1,2,-1
4683767,7210720,7,8,-1
4683767,7210720,10,2,8
3944798,4240205,3,2,1
3944798,4240205,6,5,1
4221393,8240713,1,6,-5
4221393,8240713,2,1,1
6083201,7861750,3,9,-6
6083201,7861750,6,1,5
6083201,7861750,10,4,6
6877235,7707729,2,1,1
6877235,7707729,4,2,2
5627092,7187581,9,6,3
4219873,5276899,13,7,6
7522624,8264962,12,4,8
4127340,8047737,2,3,-1
4127340,8047737,3,9,-6
4127340,8047737,5,5,0
4127340,8047737,9,6,3
4127340,8047737,12,4,8
6484316,7100181,1,8,-7
6484316,7100181,3,10,-7
6484316,7100181,7,1,6
4953369,7107798,1,13,-12
4953369,7107798,2,4,-2
4953369,7107798,10,6,4
4953369,7107798,12,2,10
4953369,7107798,13,3,10
7227972,8554545,9,11,-2
6507727,7346558,5,3,2
6507727,7346558,6,13,-7
6507727,7346558,12,9,3
4164850,4918937,2,2,0
4164850,4918937,3,5,-2
5476514,6547822,2,3,-1
5476514,6547822,6,11,-5
5476514,6547822,7,5,2
5476514,6547822,13,12,1
7116230,7486189,8,3,5
7116230,7486189,9,9,0
6429258,7342066,6,2,4
6429258,7342066,7,7,0
5075874,8253970,1,3,-2
7124195,8522293,7,1,6
5585089,7893214,3,3,0
6359442,6933727,11,9,2
6259612,7728563,1,4,-3
6383882,7960794,1,10,-9
6383882,7960794,9,9,0
6484149,7664805,5,1,4
6121361,7632886,1,3,-2
6850060,8121668,9,10,-1
5140564,6975563,1,1,0
5140564,6975563,2,13,-11
5140564,6975563,9,5,4
5238004,7468051,10,6,4
5122147,6171315,1,1,0
5122147,6171315,13,10,3
5360876,6472478,1,2,-1
6366232,8106812,1,1,0
6366232,8106812,6,12,-6
6366232,8106812,11,2,9
4944568,7061944,6,5,1
6332134,8001040,7,4,3
6332134,8001040,12,1,11
4844617,6548796,1,4,-3
4844617,6548796,7,11,-4
4683202,7534568,1,2,-1
4683202,7534568,3,6,-3
6204877,7523480,1,2,-1
6204877,7523480,7,13,-6
4305059,8712884,2,9,-7
4305059,8712884,6,3,3
4295927,6528163,1,1,0
7095455,8670850,5,3,2
7095455,8670850,12,5,7
7095455,8670850,13,2,11
6512892,8436893,8,12,-4
4185817,6257239,9,4,5
4846815,8343126,10,6,4
4798610,7749277,5,3,2
4798610,7749277,11,1,10
4798610,7749277,12,4,8
5583889,7894549,7,4,3
5583889,7894549,9,13,-4
5068691,7809310,1,3,-2
5068691,7809310,3,2,1
6190542,8551907,6,10,-4
6190542,8551907,10,6,4
6466810,8527026,1,5,-4
6466810,8527026,3,1,2
6466810,8527026,9,3,6
5643605,6447796,2,10,-8
5643605,6447796,3,4,-1
5643605,6447796,11,5,6
5096379,8572983,1,1,0
5096379,8572983,2,2,0
6595828,7727517,1,1,0
6595828,7727517,2,6,-4
6595828,7727517,3,3,0
6595828,7727517,5,4,1
6595828,7727517,8,5,3
6595828,7727517,10,7,3
6595828,7727517,11,8,3
6595828,7727517,12,9,3
6595828,7727517,13,10,3
6074469,6362257,4,6,-2
5594091,6126919,7,1,6
5220562,7339888,3,2,1
5220562,7339888,4,1,3
4092526,7500603,11,1,10
6505279,7089418,7,1,6
5153820,6197184,2,9,-7
6569124,8419706,9,12,-3
4893810,8210996,5,6,-1
4540882,7257188,7,6,1
4540882,7257188,10,7,3
4256013,7121464,1,4,-3
4256013,7121464,2,1,1
4256013,7121464,4,2,2
5331975,8192357,1,9,-8
6558320,8435206,1,2,-1
5400345,8027349,11,1,10
5121678,6230611,1,3,-2
5003519,8330727,6,12,-6
5003519,8330727,12,4,8
4907212,5216659,3,10,-7
4907212,5216659,4,1,3
6151339,7830936,2,2,0
6151339,7830936,6,10,-4
6151339,7830936,13,5,8
4053901,6123469,3,1,2
4053901,6123469,4,13,-9
6490564,7853612,11,2,9
5111151,5572167,1,4,-3
5111151,5572167,2,10,-8
5111151,5572167,4,1,3
5111151,5572167,5,6,-1
4378213,4529384,1,1,0
4378213,4529384,2,2,0
4378213,4529384,3,3,0
4378213,4529384,4,4,0
4378213,4529384,5,5,0
4378213,4529384,6,6,0
4378213,4529384,7,7,0
4378213,4529384,8,8,0
4378213,4529384,9,9,0
4378213,4529384,10,10,0
4378213,4529384,11,11,0
4378213,4529384,12,12,0
4378213,4529384,13,13,0
6428146,8491076,13,7,6
4629676,5064744,11,9,2
4809299,5245631,8,10,-2
5450448,6466612,2,7,-5
5450448,6466612,9,4,5
5450448,6466612,11,3,8
5344982,7129318,4,2,2
6973033,7877500,13,11,2
6431103,7556241,1,1,0
6431103,7556241,2,10,-8
6431103,7556241,3,3,0
6431103,7556241,8,4,4
5653727,6156063,3,10,-7
4990249,5413709,12,5,7
7166325,7989222,1,2,-1
7166325,7989222,5,4,1
7166325,7989222,6,10,-4
4693105,6269670,4,4,0
4693105,6269670,6,9,-3
6438392,8316166,3,8,-5
6082784,7484772,1,1,0
6082784,7484772,5,12,-7
6082784,7484772,13,3,10
3957533,4917974,1,2,-1
3957533,4917974,5,6,-1
4613416,7578922,1,1,0
4613416,7578922,4,2,2
4740796,7296877,7,11,-4
4666406,5290169,3,1,2
4666406,5290169,5,6,-1
6581719,8718310,2,1,1
6581719,8718310,3,2,1
5502095,7109868,7,5,2
4677642,7594530,9,6,3
5318144,8674845,1,2,-1
5318144,8674845,3,4,-1
5318144,8674845,4,6,-2
5318144,8674845,6,10,-4
4898164,5483711,2,3,-1
5486650,6271468,2,4,-2
5486650,6271468,9,7,2
4308037,6156868,8,6,2
6996469,7818116,4,1,3
6996469,7818116,5,6,-1
6256470,8755722,1,1,0
6256470,8755722,8,4,4
5377975,7666084,2,1,1
5377975,7666084,7,4,3
5377975,7666084,8,2,6
6209495,7284963,8,7,1
4693760,5320689,13,9,4
5336240,8025677,4,9,-5
5336240,8025677,13,13,0
6643795,7835265,4,5,-1
6643795,7835265,8,7,1
6643795,7835265,11,13,-2
5588162,6098215,1,2,-1
5588162,6098215,2,1,1
5546395,8010668,1,3,-2
4103601,4545294,1,2,-1
4103601,4545294,2,1,1
6984545,8576370,5,6,-1
6301604,8381025,5,4,1
6411765,7646957,2,1,1
6411765,7646957,4,7,-3
6411765,7646957,6,4,2
6411765,7646957,10,6,4
6411765,7646957,11,2,9
6268015,7266889,1,7,-6
6268015,7266889,13,8,5
6865575,7949627,2,6,-4
6865575,7949627,5,2,3
6530950,7115691,1,1,0
6530950,7115691,2,7,-5
6530950,7115691,6,11,-5
5562066,7717761,4,9,-5
5562066,7717761,6,5,1
6941007,8031931,3,6,-3
6941007,8031931,8,9,-1
6941007,8031931,12,1,11
5642515,7877379,11,12,-1
4157517,5304966,1,6,-5
4157517,5304966,3,2,1
4157517,5304966,7,11,-4
4157517,5304966,8,3,5
4157517,5304966,12,13,-1
6086869,7097851,11,9,2
5481533,7072312,7,12,-5
6445030,6930928,1,8,-7
6445030,6930928,6,2,4
6445030,6930928,9,3,6
6445030,6930928,10,1,9
6445030,6930928,12,5,7
4711222,4781165,1,1,0
4711222,4781165,2,2,0
4711222,4781165,3,3,0
4711222,4781165,4,4,0
4711222,4781165,5,5,0
4711222,4781165,6,6,0
4711222,4781165,7,7,0
4711222,4781165,8,8,0
4711222,4781165,9,9,0
4711222,4781165,10,10,0
4711222,4781165,11,11,0
4711222,4781165,12,12,0
4711222,4781165,13,13,0
5228206,7663121,4,3,1
5228206,7663121,7,11,-4
5228206,7663121,8,12,-4
5228206,7663121,9,7,2
6536991,8214993,6,1,5
4130115,5316546,4,3,1
6412774,7182333,1,1,0
6412774,7182333,3,2,1
4070814,4167846,10,1,9
4175429,4754653,2,1,1
4175429,4754653,3,11,-8
4175429,4754653,8,2,6
4449916,5242629,1,3,-2
5140599,8050307,1,3,-2
5554934,6326790,1,4,-3
5554934,6326790,12,10,2
4638960,6870139,2,1,1
6639716,7139117,1,13,-12
6639716,7139117,2,1,1
6639716,7139117,8,2,6
7277615,8600205,3,2,1
7277615,8600205,5,1,4
7277615,8600205,10,3,7
5643320,7780701,1,1,0
5643320,7780701,2,10,-8
5643320,7780701,3,5,-2
5643320,7780701,4,2,2
4677515,7180704,1,1,0
4677515,7180704,2,3,-1
4677515,7180704,3,7,-4
4677515,7180704,4,5,-1
4677515,7180704,7,6,1
4677515,7180704,11,13,-2
6497042,6846047,1,1,0
6497042,6846047,4,5,-1
6497042,6846047,7,2,5
6497042,6846047,11,6,5
6497042,6846047,13,8,5
4897081,8075536,5,7,-2
5592777,7151450,1,6,-5
5592777,7151450,13,11,2
6185603,7720910,1,1,0
4014152,6088983,1,1,0
4014152,6088983,6,4,2
4014152,6088983,9,8,1
4963061,5122017,3,1,2
4963061,5122017,7,2,5
6509715,7758203,1,8,-7
6509715,7758203,5,7,-2
6447563,7604751,4,1,3
6617797,7139008,1,1,0
6617797,7139008,5,5,0
6617797,7139008,7,13,-6
6617797,7139008,8,12,-4
4375053,6624722,3,1,2
4431241,5346406,2,6,-4
4431241,5346406,8,3,5
5005721,5501982,4,7,-3
3962833,6942746,1,1,0
3962833,6942746,2,2,0
3962833,6942746,4,7,-3
4220202,6142215,9,11,-2
4220202,6142215,12,5,7
6208561,7072214,12,5,7
4325377,5522823,1,1,0
6436786,7112508,13,13,0
5352550,6524752,1,4,-3
5352550,6524752,10,2,8
6462865,7113329,3,2,1
6462865,7113329,11,11,0
6462865,7113329,13,9,4
3955581,6652545,2,2,0
6417340,7323309,3,2,1
4663518,6286761,5,8,-3
4663518,6286761,8,2,6
6400036,8378505,7,3,4
6400036,8378505,8,11,-3
6400036,8378505,9,2,7
6493151,8048155,1,4,-3
4404019,4752325,1,1,0
4404019,4752325,2,8,-6
4404019,4752325,3,5,-2
4404019,4752325,4,3,1
4404019,4752325,7,7,0
4404019,4752325,9,9,0
4404019,4752325,10,10,0
4404019,4752325,12,11,1
4404019,4752325,13,12,1
5392273,7050720,1,4,-3
5392273,7050720,5,12,-7
5392273,7050720,13,3,10
4369266,7871673,3,2,1
4369266,7871673,5,10,-5
4369266,7871673,12,6,6
4308790,5048403,1,9,-8
4308790,5048403,3,1,2
4821443,5333829,3,4,-1
4544546,8067602,1,9,-8
4544546,8067602,2,4,-2
4544546,8067602,4,2,2
4544546,8067602,5,11,-6
4934823,5276867,3,3,0
4934823,5276867,8,5,3
7156823,8747357,2,12,-10
7156823,8747357,4,7,-3
6478809,7806908,3,2,1
6478809,7806908,4,3,1
6478809,7806908,13,5,8
4845077,7700112,6,1,5
6671117,7525762,1,1,0
6671117,7525762,3,3,0
6671117,7525762,7,2,5
6671117,7525762,11,6,5
6671117,7525762,12,5,7
6549915,7747557,5,8,-3
4320861,6123232,2,9,-7
4621563,8011129,3,1,2
6937977,8140327,2,1,1
6937977,8140327,3,10,-7
5046669,5256861,1,5,-4
5046669,5256861,7,8,-1
5476679,6468686,1,1,0
6213739,7980425,3,4,-1
6213739,7980425,6,7,-1
6213739,7980425,8,2,6
6213739,7980425,12,9,3
5163424,7204251,2,5,-3
5163424,7204251,5,8,-3
5625916,7954191,1,1,0
5625916,7954191,7,4,3
4567318,6157547,6,11,-5
4567318,6157547,7,6,1
7096941,8230927,2,2,0
7096941,8230927,3,4,-1
7096941,8230927,4,12,-8
4225351,5330588,1,11,-10
5194893,7352442,1,1,0
7906988,8487688,9,4,5
7906988,8487688,10,10,0
3976272,4122523,3,2,1
6466240,8082494,2,10,-8
6466240,8082494,4,1,3
6466240,8082494,7,5,2
6466240,8082494,10,8,2
6466240,8082494,11,3,8
6289524,7100216,1,1,0
6289524,7100216,2,2,0
6289524,7100216,7,10,-3
6289524,7100216,12,9,3
6502036,6636045,3,9,-6
6502036,6636045,7,10,-3
6502036,6636045,10,12,-2
5376862,6411001,1,3,-2
5376862,6411001,6,10,-4
7570736,8611627,10,12,-2
4529904,7012353,8,4,4
6126167,6547246,1,2,-1
6126167,6547246,2,9,-7
6126167,6547246,6,1,5
6126167,6547246,11,12,-1
6126167,6547246,12,13,-1
6126167,6547246,13,4,9
5177685,5428542,4,11,-7
5177685,5428542,10,9,1
4277774,6378683,1,1,0
4277774,6378683,2,3,-1
6333999,7657422,1,1,0
8282646,8603180,1,5,-4
8282646,8603180,5,7,-2
8282646,8603180,6,3,3
8282646,8603180,7,12,-5
8282646,8603180,8,11,-3
8282646,8603180,9,2,7
3945667,6497426,1,1,0
3945667,6497426,10,6,4
5383088,6215144,2,6,-4
4641065,5586505,2,1,1
4641065,5586505,5,2,3
5409272,7089770,7,12,-5
6096584,7102204,1,10,-9
6096584,7102204,2,13,-11
6096584,7102204,8,4,4
5017679,7576171,2,7,-5
4113181,6152651,1,1,0
4113181,6152651,7,6,1
4113181,6152651,12,7,5
4724940,4850464,1,13,-12
4724940,4850464,2,7,-5
4724940,4850464,3,8,-5
4724940,4850464,5,2,3
6464199,8006683,2,2,0
4040881,7065809,1,1,0
5433829,7156581,2,12,-10
5432526,8282762,7,1,6
5432526,8282762,11,2,9
5379018,6281773,1,2,-1
4422322,7845878,1,9,-8
4422322,7845878,3,8,-5
4422322,7845878,5,13,-8
5265938,5630647,5,1,4
5265938,5630647,6,12,-6
4193655,5376757,1,4,-3
6481283,7250112,5,6,-1
6481283,7250112,8,5,3
6481283,7250112,10,9,1
6481283,7250112,13,11,2
6890798,7372141,2,1,1
6890798,7372141,3,6,-3
6890798,7372141,9,3,6
6890798,7372141,11,11,0
6890798,7372141,13,13,0
4950304,5298030,4,3,1
4950304,5298030,13,13,0
4245907,4637693,2,3,-1
3963269,8006527,1,9,-8
4622601,4901169,4,3,1
4622601,4901169,5,5,0
8093757,8289742,4,1,3
8093757,8289742,7,4,3
6064246,8063685,1,9,-8
6064246,8063685,3,6,-3
6064246,8063685,6,13,-7
6064246,8063685,8,2,6
6064246,8063685,10,4,6
4970070,7063949,1,4,-3
4970070,7063949,6,9,-3
4970070,7063949,7,10,-3
6142581,7658454,4,9,-5
5273533,7670322,3,7,-4
5273533,7670322,8,13,-5
5273533,7670322,9,1,8
3987334,8124906,3,2,1
6920434,8386375,8,11,-3
5303714,5498249,10,4,6
5303714,5498249,12,7,5
7352339,7976196,3,1,2
7352339,7976196,10,4,6
4747846,7682350,4,4,0
5525211,6602403,2,1,1
5525211,6602403,6,2,4
4155979,4324763,1,1,0
4155979,4324763,2,2,0
4155979,4324763,7,11,-4
4213013,4488008,3,3,0
4213013,4488008,4,1,3
6056744,8075557,8,2,6
6171340,8287545,13,2,11
4836618,5624164,1,1,0
4836618,5624164,2,4,-2
4836618,5624164,3,2,1
4836618,5624164,4,6,-2
4836618,5624164,5,3,2
4836618,5624164,6,11,-5
6516887,7357188,1,3,-2
6516887,7357188,8,13,-5
6871011,7281086,2,2,0
6871011,7281086,3,1,2
6871011,7281086,4,3,1
6871011,7281086,9,7,2
7222218,8661424,5,1,4
7222218,8661424,7,13,-6
4190918,5297848,1,1,0
4190918,5297848,5,5,0
4849747,5314256,1,2,-1
4849747,5314256,5,7,-2
6184573,7687899,2,2,0
4486843,8386069,7,2,5
6325129,7504067,1,6,-5
6373399,8073384,7,2,5
6373399,8073384,8,9,-1
6373399,8073384,12,10,2
6373399,8073384,13,11,2
4922221,7310416,4,13,-9
7440818,8652412,4,5,-1
5190174,7134564,2,1,1
5190174,7134564,9,2,7
7062314,8588896,4,3,1
7062314,8588896,6,8,-2
7062314,8588896,10,2,8
5633992,7324224,1,2,-1
5633992,7324224,8,4,4
4722449,7294308,2,13,-11
4722449,7294308,4,5,-1
4220953,7268724,6,11,-5
5153858,7764840,4,4,0
6301004,7403285,6,9,-3
6301004,7403285,7,11,-4
6301004,7403285,8,4,4
4996413,5548122,4,3,1
4996413,5548122,5,8,-3
4996413,5548122,13,11,2
6471208,8545308,1,1,0
5195979,7833147,7,8,-1
6541329,6908839,2,9,-7
6541329,6908839,5,5,0
5019772,5161159,7,2,5
5019772,5161159,12,1,11
5266894,6937006,1,1,0
5266894,6937006,12,9,3
6212102,7283401,5,2,3
6212102,7283401,6,3,3
6212102,7283401,12,13,-1
6091640,7558139,1,12,-11
6091640,7558139,6,1,5
6091640,7558139,8,4,4
5239246,7225404,3,7,-4
4668063,6473238,2,7,-5
4668063,6473238,4,5,-1
4668063,6473238,12,1,11
4575374,7794497,1,10,-9
4575374,7794497,4,12,-8
5008678,5598164,2,2,0
5220674,7100169,11,9,2
5220674,7100169,12,2,10
5220674,7100169,13,12,1
5113935,7377320,1,3,-2
5113935,7377320,4,4,0
5113935,7377320,7,1,6
4695870,7098078,1,5,-4
4695870,7098078,10,1,9
5161514,5490492,1,1,0
5161514,5490492,2,2,0
5161514,5490492,3,4,-1
5161514,5490492,11,3,8
4437221,4897904,2,6,-4
5162966,6392463,3,2,1
5162966,6392463,4,3,1
5162966,6392463,10,6,4
5162966,6392463,13,7,6
7488403,8709207,4,6,-2
7488403,8709207,8,2,6
7488403,8709207,13,7,6
3985948,4694436,4,3,1
7084779,8311661,5,1,4
7084779,8311661,9,5,4
7084779,8311661,11,9,2
6286774,6464158,1,2,-1
6286774,6464158,6,1,5
6286774,6464158,11,3,8
5188754,6136775,4,4,0
5188754,6136775,6,3,3
6126357,6647602,11,11,0
6353143,8722951,1,1,0
6353143,8722951,3,3,0
6353143,8722951,6,6,0
6577258,7692568,1,1,0
6577258,7692568,2,2,0
6577258,7692568,3,9,-6
6577258,7692568,8,4,4
6577258,7692568,9,3,6
4616206,5373411,1,1,0
4616206,5373411,9,5,4
6289356,7707263,2,5,-3
6289356,7707263,6,2,4
6289356,7707263,10,12,-2
7633597,8730448,1,3,-2
7633597,8730448,5,8,-3
7633597,8730448,6,9,-3
7633597,8730448,11,4,7
6269373,8589415,11,7,4
4448573,5385444,10,4,6
3976079,7150757,7,8,-1
3976079,7150757,10,7,3
4079143,4523019,3,3,0
6194160,7090147,8,7,1
6194160,7090147,10,10,0
6535949,8214583,2,1,1
6535949,8214583,3,4,-1
6535949,8214583,5,5,0
6535949,8214583,7,2,5
3943074,4822861,1,1,0
3943074,4822861,5,4,1
3943074,4822861,9,7,2
4096679,5074093,6,1,5
4096679,5074093,13,9,4
5050088,7065419,2,2,0
5050088,7065419,3,8,-5
5050088,7065419,9,4,5
5050088,7065419,10,12,-2
5153918,5479512,10,2,8
7655564,8536058,3,9,-6
4523640,6966371,8,11,-3
5048549,7441299,2,4,-2
5048549,7441299,13,2,11
7220153,7702426,5,4,1
7220153,7702426,6,9,-3
3938790,4022445,8,10,-2
3938790,4022445,11,9,2
5358527,7258701,1,13,-12
5358527,7258701,2,3,-1
5230579,6981814,1,5,-4
6409909,7754056,7,9,-2
4315162,6914417,1,4,-3
4315162,6914417,2,11,-9
4315162,6914417,4,3,1
6632141,7500913,1,2,-1
6632141,7500913,4,1,3
6632141,7500913,6,6,0
4161653,8335032,9,7,2
4451193,4632629,2,1,1
4451193,4632629,3,7,-4
4451193,4632629,6,3,3
4451193,4632629,8,2,6
4451193,4632629,9,4,5
4557455,7523908,9,6,3
7611906,8354323,3,5,-2
7611906,8354323,6,6,0
7035456,7912245,7,1,6
7035456,7912245,9,2,7
6448612,7223666,1,10,-9
6448612,7223666,6,5,1
6448612,7223666,8,6,2
5035810,6080306,9,3,6
5324271,8298209,5,3,2
5324271,8298209,6,6,0
5324271,8298209,11,2,9
3998601,6893742,1,3,-2
3998601,6893742,2,1,1
3998601,6893742,3,8,-5
3998601,6893742,4,5,-1
7225006,8600469,7,1,6
7225006,8600469,11,7,4
5260943,5410733,8,13,-5
4928005,6485413,5,13,-8
6512063,7279522,7,9,-2
6512063,7279522,10,1,9
6512063,7279522,13,3,10
7406649,8713385,4,2,2
7406649,8713385,7,4,3
3941874,8338651,2,2,0
5562685,6656192,12,4,8
5258602,5636258,2,6,-4
5258602,5636258,3,5,-2
4500159,6607308,11,4,7
6100639,7005795,2,1,1
6100639,7005795,6,12,-6
6100639,7005795,9,2,7
6100639,7005795,13,4,9
6282404,7390191,9,11,-2
4669398,5205226,2,9,-7
4669398,5205226,9,8,1
4669398,5205226,13,13,0
6217474,7731620,1,5,-4
6217474,7731620,4,13,-9
6217474,7731620,5,7,-2
6217474,7731620,7,1,6
6217474,7731620,12,2,10
4802240,5187471,6,9,-3
4802240,5187471,8,1,7
6842197,7630562,1,5,-4
6842197,7630562,2,1,1
6842197,7630562,3,4,-1
6842197,7630562,6,2,4
5492851,6075268,6,1,5
5261415,8555881,4,2,2
4938031,6183663,1,8,-7
4938031,6183663,3,6,-3
4938031,6183663,11,7,4
5207830,7716901,1,1,0
6393591,8661397,2,2,0
6393591,8661397,3,6,-3
6393591,8661397,9,13,-4
6393591,8661397,12,8,4
6337858,7385621,5,4,1
6337858,7385621,9,8,1
6283763,7135635,8,3,5
4675656,6490455,3,2,1
4675656,6490455,4,7,-3
4675656,6490455,5,6,-1
4675656,6490455,7,9,-2
5182342,7659333,4,6,-2
7942558,8172433,1,2,-1
7942558,8172433,2,8,-6
4788538,7240289,5,3,2
4762408,7670371,4,1,3
4762408,7670371,11,2,9
5282793,8221355,9,12,-3
4109642,4270546,2,7,-5
7081115,7617005,12,8,4
7113900,8122106,1,3,-2
7113900,8122106,2,8,-6
7113900,8122106,12,4,8
7310650,7634480,9,13,-4
7310650,7634480,11,5,6
6326807,7679401,12,3,9
7202235,8088755,1,3,-2
7202235,8088755,8,4,4
4392534,7694608,3,4,-1
6428464,7445592,7,9,-2
7639072,8238847,1,1,0
7639072,8238847,2,5,-3
7639072,8238847,3,2,1
7639072,8238847,4,3,1
7639072,8238847,5,4,1
7639072,8238847,6,7,-1
7639072,8238847,7,9,-2
7639072,8238847,8,10,-2
7639072,8238847,9,11,-2
7639072,8238847,10,12,-2
7639072,8238847,11,8,3
5502470,8329254,1,6,-5
5502470,8329254,2,2,0
5502470,8329254,3,1,2
5502470,8329254,8,3,5
5502470,8329254,9,8,1
5264992,7254223,2,5,-3
4399179,5278205,1,3,-2
4399179,5278205,5,1,4
4208752,6094764,5,1,4
4208752,6094764,7,7,0
6641438,7270574,2,1,1
6630264,7305865,1,3,-2
6630264,7305865,4,5,-1
6630264,7305865,9,7,2
5065311,7725445,4,3,1
5065311,7725445,8,2,6
5065311,7725445,9,4,5
5065311,7725445,10,10,0
4811709,4919102,1,5,-4
4811709,4919102,3,7,-4
6285333,8599087,10,1,9
3943882,5333892,1,4,-3
3943882,5333892,3,7,-4
3943882,5333892,9,2,7
6445247,8531240,1,11,-10
6445247,8531240,2,3,-1
6445247,8531240,8,6,2
8018441,8612885,1,4,-3
8018441,8612885,2,6,-4
8018441,8612885,11,11,0
5137461,6853210,1,4,-3
4264555,4667001,3,4,-1
4227377,8245488,2,1,1
4709423,7073209,3,3,0
4709423,7073209,6,5,1
4709423,7073209,13,8,5
4349531,7370563,4,7,-3
4349531,7370563,12,5,7
5110286,6450417,2,11,-9
5110286,6450417,3,1,2
4640804,7712249,2,5,-3
4640804,7712249,6,10,-4
6365376,8728798,1,1,0
6365376,8728798,9,3,6
6220409,6918473,1,1,0
6220409,6918473,2,2,0
6220409,6918473,3,3,0
6220409,6918473,4,5,-1
6220409,6918473,5,6,-1
6220409,6918473,6,7,-1
6220409,6918473,7,8,-1
6220409,6918473,8,9,-1
6220409,6918473,9,11,-2
6220409,6918473,10,4,6
6220409,6918473,11,12,-1
6859979,8640305,2,1,1
6859979,8640305,4,4,0
6620415,8105817,5,1,4
5082550,7494465,5,4,1
4927516,8287453,5,3,2
4927516,8287453,9,9,0
5635128,6632385,9,8,1
6917855,7509177,2,13,-11
7760552,8212302,1,8,-7
7760552,8212302,6,1,5
7760552,8212302,8,3,5
7760552,8212302,11,12,-1
3940994,6526812,5,4,1
3940994,6526812,8,2,6
6547400,8016470,1,4,-3
6351745,7624408,2,9,-7
6351745,7624408,3,3,0
4096253,5362720,1,12,-11
5615097,6565327,1,6,-5
5615097,6565327,3,4,-1
6915294,8150864,5,8,-3
4607185,6153964,1,3,-2
4607185,6153964,7,1,6
4607185,6153964,11,11,0
5258771,7109940,1,8,-7
5258771,7109940,2,3,-1
4973684,7842791,12,2,10
5481892,6862910,1,6,-5
6069407,8089775,12,13,-1
6069407,8089775,13,10,3
5140466,7822304,1,1,0
5140466,7822304,2,3,-1
4665913,7886747,6,6,0
5376968,8218653,3,10,-7
5111277,5540378,3,3,0
6622701,7219659,3,3,0
6622701,7219659,5,1,4
6622701,7219659,7,4,3
6238100,7625132,1,1,0
6238100,7625132,2,4,-2
6238100,7625132,5,6,-1
6238100,7625132,7,5,2
6154543,6851054,2,4,-2
6154543,6851054,6,12,-6
6154543,6851054,8,6,2
6271090,7719913,9,9,0
6215938,7463811,1,2,-1
6614770,7082299,6,4,2
6614770,7082299,7,8,-1
5577417,7783384,10,8,2
5265047,8581349,4,1,3
5215101,8313500,10,2,8
5215101,8313500,11,7,4
6384664,7760536,8,11,-3
5230338,8693632,2,7,-5
4672931,7779627,1,1,0
5363507,6437818,11,7,4
5384498,8379433,3,5,-2
4399054,7371802,1,3,-2
4399054,7371802,2,1,1
4399054,7371802,4,2,2
4399054,7371802,7,4,3
4936301,6461350,1,8,-7
4366329,4429168,6,12,-6
7046422,7982700,1,6,-5
6470341,7450112,7,1,6
6288414,7684006,1,1,0
4348457,5302427,3,4,-1
4348457,5302427,4,9,-5
4348457,5302427,5,5,0
4348457,5302427,11,10,1
4213040,8500003,4,4,0
5625995,6230467,1,2,-1
5625995,6230467,2,12,-10
6667780,7098984,4,10,-6
6667780,7098984,5,3,2
6667780,7098984,7,13,-6
3940869,8544204,1,3,-2
3940869,8544204,2,4,-2
5434433,6071374,3,9,-6
4542853,6360965,5,5,0
4542853,6360965,8,4,4
7090912,8695311,2,1,1
7090912,8695311,4,4,0
7090912,8695311,5,5,0
7090912,8695311,12,2,10
3989132,5383733,1,6,-5
7250496,8236942,1,4,-3
6167787,7509892,2,5,-3
6167787,7509892,3,2,1
6167787,7509892,6,4,2
7270705,8273803,10,3,7
8059364,8339730,6,2,4
6194191,7186542,1,2,-1
6194191,7186542,7,1,6
6194191,7186542,11,9,2
6994707,8142473,4,2,2
6994707,8142473,12,7,5
7211902,8581423,2,2,0
4190757,5079398,1,6,-5
4190757,5079398,2,8,-6
4707932,5067269,8,4,4
4707932,5067269,9,1,8
8274289,8593147,2,11,-9
8274289,8593147,4,2,2
8274289,8593147,13,6,7
4960121,7066179,4,5,-1
4960121,7066179,7,6,1
4409101,7987613,3,3,0
4409101,7987613,4,12,-8
5070048,7071133,2,4,-2
6669929,8734042,10,1,9
8020742,8740036,1,9,-8
8020742,8740036,3,8,-5
8020742,8740036,5,3,2
8020742,8740036,9,12,-3
7120738,7907362,3,9,-6
7464846,8308040,6,2,4
7464846,8308040,7,7,0
4758444,8632829,2,3,-1
4758444,8632829,6,9,-3
6878954,7426451,8,10,-2
4605798,5382722,12,2,10
6244835,7846131,7,2,5
6405809,7833943,5,13,-8
6405809,7833943,9,5,4
4862385,5372029,3,10,-7
4720286,7713299,2,5,-3
4720286,7713299,3,9,-6
4720286,7713299,5,3,2
5495181,7672153,12,5,7
6366414,7002730,3,10,-7
6366414,7002730,4,4,0
4956170,7081246,5,7,-2
4956170,7081246,11,10,1
4021690,8738204,1,2,-1
4021690,8738204,2,8,-6
4304805,6967040,1,5,-4
4052280,6986948,2,10,-8
4355728,8726616,7,4,3
7401148,8484295,2,6,-4
7401148,8484295,4,1,3
4669463,6612304,10,1,9
4884890,6376149,5,8,-3
4884890,6376149,12,1,11
4712172,5281980,3,1,2
4712172,5281980,6,5,1
4712172,5281980,7,7,0
6943610,7443743,1,1,0
5153617,6244687,6,8,-2
5153617,6244687,11,9,2
4940424,7066754,8,7,1
7300175,8342725,1,8,-7
7300175,8342725,7,1,6
4085467,4214585,1,1,0
4085467,4214585,2,2,0
4085467,4214585,3,9,-6
4085467,4214585,5,13,-8
5597864,6841619,10,4,6
6235381,7960298,6,5,1
6186890,7841199,4,3,1
4710390,4843098,2,10,-8
4710390,4843098,6,4,2
7103438,8527412,9,11,-2
6304108,8332669,12,4,8
6266811,6493871,2,7,-5
6266811,6493871,3,8,-5
6266811,6493871,4,2,2
6266811,6493871,13,6,7
8218625,8514934,1,1,0
8218625,8514934,2,2,0
8218625,8514934,3,3,0
8218625,8514934,4,4,0
8218625,8514934,5,5,0
8218625,8514934,6,6,0
8218625,8514934,7,7,0
8218625,8514934,8,8,0
8218625,8514934,9,9,0
8218625,8514934,10,10,0
8218625,8514934,11,11,0
8218625,8514934,12,12,0
8218625,8514934,13,13,0
5202299,8258075,10,4,6
5202299,8258075,11,2,9
4890227,6230200,2,3,-1
4890227,6230200,4,1,3
4462175,7591096,1,6,-5
4022591,8211191,3,5,-2
8020657,8396611,3,3,0
4634202,4859111,2,1,1
4634202,4859111,9,5,4
7579703,8125096,1,5,-4
7579703,8125096,2,2,0
7579703,8125096,3,7,-4
7579703,8125096,8,3,5
7579703,8125096,13,12,1
4847650,7474844,1,1,0
4847650,7474844,2,8,-6
4847650,7474844,4,2,2
4847650,7474844,6,5,1
5626464,7878766,1,1,0
5626464,7878766,2,3,-1
5626464,7878766,5,5,0
6210561,7090765,1,12,-11
6210561,7090765,2,9,-7
6210561,7090765,6,3,3
6364086,8739416,1,3,-2
5640564,8185576,11,6,5
3983465,4112341,2,1,1
3983465,4112341,3,4,-1
3983465,4112341,4,8,-4
3983465,4112341,5,6,-1
3983465,4112341,10,7,3
3983465,4112341,13,2,11
4685097,5287367,2,1,1
4685097,5287367,3,13,-10
4685097,5287367,6,3,3
5343947,8720568,7,3,4
5371772,8275083,1,6,-5
5371772,8275083,8,4,4
4224212,6878799,1,1,0
4224212,6878799,11,2,9
7160330,8206451,1,13,-12
7160330,8206451,3,10,-7
7160330,8206451,9,3,6
7160330,8206451,11,8,3
4455410,7026432,1,9,-8
4455410,7026432,6,5,1
4455410,7026432,12,13,-1
4611690,8096391,1,3,-2
4611690,8096391,6,12,-6
6441467,8163645,4,3,1
6441467,8163645,6,2,4
6441467,8163645,7,13,-6
4137156,4459206,1,7,-6
4137156,4459206,2,13,-11
4137156,4459206,7,10,-3
4137156,4459206,8,12,-4
4137156,4459206,11,9,2
4137156,4459206,12,6,6
6670240,7120059,2,4,-2
6670240,7120059,3,5,-2
6670240,7120059,12,9,3
6058577,6425139,12,13,-1
4219054,7654063,1,3,-2
4219054,7654063,4,8,-4
4126389,4714944,2,2,0
4126389,4714944,4,4,0
4126389,4714944,6,1,5
6951551,8057431,3,1,2
6951551,8057431,10,4,6
6951551,8057431,11,12,-1
6272235,8643708,2,3,-1
4171058,7753222,1,2,-1
4710539,8691381,3,8,-5
6295492,7225065,4,5,-1
6295492,7225065,9,7,2
6295492,7225065,12,11,1
5088137,5568662,2,10,-8
5088137,5568662,5,12,-7
4897885,7370377,1,7,-6
4568565,6841474,4,4,0
4148843,5304600,1,4,-3
4148843,5304600,3,9,-6
4411861,4675153,1,3,-2
4411861,4675153,8,12,-4
4411861,4675153,12,1,11
6647419,7653740,1,8,-7
6647419,7653740,2,5,-3
6647419,7653740,7,13,-6
5146442,8102738,2,1,1
5146442,8102738,3,4,-1
5146442,8102738,13,3,10
5021887,7880812,5,1,4
5021887,7880812,12,6,6
6334497,8261867,1,8,-7
6334497,8261867,4,2,2
6334497,8261867,8,4,4
6084561,8717394,3,7,-4
5232003,6289907,1,9,-8
5232003,6289907,2,13,-11
5232003,6289907,4,7,-3
5232003,6289907,7,3,4
5232003,6289907,11,4,7
5232003,6289907,13,1,12
4193371,7112108,3,10,-7
4193371,7112108,9,9,0
6069890,7653081,2,13,-11
5269222,6507832,3,5,-2
5269222,6507832,4,3,1
5269222,6507832,10,10,0
4015467,5041980,4,3,1
6330929,7665747,1,2,-1
6330929,7665747,2,1,1
6330929,7665747,4,3,1
6330929,7665747,6,13,-7
6330929,7665747,7,5,2
6450919,7908065,11,10,1
4883130,8083006,1,8,-7
4883130,8083006,3,6,-3
4883130,8083006,4,1,3
4883130,8083006,5,13,-8
4199472,8017033,1,1,0
4199472,8017033,2,2,0
4199472,8017033,7,5,2
4400970,7624630,1,1,0
4571605,4792542,6,8,-2
4571605,4792542,8,7,1
4571605,4792542,11,2,9
4294338,4679663,1,6,-5
4294338,4679663,9,2,7
5117116,6405867,1,13,-12
5202227,8652847,1,6,-5
5202227,8652847,2,4,-2
5202227,8652847,7,10,-3
4153134,7944776,7,8,-1
5137681,8739540,1,8,-7
5137681,8739540,13,6,7
5621897,6073199,1,3,-2
5621897,6073199,2,2,0
5621897,6073199,4,13,-9
7308669,8214778,12,4,8
5542083,8253484,1,1,0
4696290,7959677,1,1,0
4696290,7959677,2,13,-11
4178724,4878318,1,2,-1
4178724,4878318,2,3,-1
4178724,4878318,6,6,0
3944440,6235105,3,2,1
4855894,7054296,1,3,-2
4523286,6466893,6,10,-4
6346089,8038706,2,4,-2
6346089,8038706,8,5,3
6346089,8038706,9,6,3
6064269,6407639,2,3,-1
6064269,6407639,5,11,-6
6064269,6407639,11,2,9
6083135,8439791,4,8,-4
6083135,8439791,5,10,-5
6083135,8439791,13,1,12
4377739,4900900,1,6,-5
4377739,4900900,5,5,0
6129404,6955386,1,1,0
6129404,6955386,3,12,-9
6449726,7598699,1,1,0
6223596,7681446,1,1,0
5576858,8085353,1,2,-1
5576858,8085353,2,1,1
5576858,8085353,12,10,2
6083762,6551558,3,1,2
6249253,6919841,9,1,8
6148878,8034292,12,9,3
7685126,8326915,5,5,0
5309576,7069601,1,1,0
5309576,7069601,5,4,1
4063890,4746489,9,13,-4
4494251,8296869,4,11,-7
7281160,7916421,4,8,-4
5189397,8704638,5,6,-1
5189397,8704638,10,3,7
6250950,7717740,9,12,-3
6431640,7090278,5,8,-3
4713295,6524500,1,1,0
5006023,7708759,1,8,-7
5006023,7708759,4,3,1
5006023,7708759,6,7,-1
7262082,8273603,1,2,-1
4278165,4759439,12,8,4
5046267,8540838,3,13,-10
5046267,8540838,7,6,1
5351864,6658824,2,7,-5
6099904,7695563,1,2,-1
6099904,7695563,2,1,1
6099904,7695563,7,5,2
6099904,7695563,11,3,8
6099904,7695563,12,8,4
6098307,8173193,1,9,-8
6290398,7641742,1,1,0
6290398,7641742,2,6,-4
6290398,7641742,6,7,-1
7121058,8448402,7,10,-3
6355066,8105379,1,2,-1
6355066,8105379,10,1,9
6366945,7657933,2,2,0
4443231,7332092,2,9,-7
5315290,8267226,3,6,-3
5315290,8267226,11,9,2
6218217,6359308,1,11,-10
6218217,6359308,2,1,1
6218217,6359308,5,8,-3
4790192,7077008,1,11,-10
4790192,7077008,2,1,1
4790192,7077008,3,2,1
4790192,7077008,10,9,1
4790192,7077008,12,4,8
5624311,6974381,2,4,-2
6890853,7140393,1,3,-2
6670136,8067371,1,2,-1
6670136,8067371,4,12,-8
5240098,7266511,8,12,-4
3997677,4358466,13,6,7
6125097,8281330,9,8,1
6125097,8281330,12,5,7
5376080,6416497,1,1,0
5376080,6416497,9,3,6
6418827,6854370,1,1,0
6418827,6854370,3,2,1
6276735,6520559,6,4,2
6276735,6520559,7,3,4
5592466,7142503,8,8,0
5592466,7142503,9,1,8
5592466,7142503,13,13,0
4077904,4170589,2,2,0
4077904,4170589,3,9,-6
4077904,4170589,4,3,1
4077904,4170589,9,1,8
6571295,7996460,8,2,6
6425166,7507215,4,1,3
6425166,7507215,5,2,3
4369595,8146289,5,6,-1
4369595,8146289,6,12,-6
4369595,8146289,11,8,3
6609050,8463953,2,3,-1
6609050,8463953,8,9,-1
7079499,7707263,3,4,-1
5244404,7462057,2,1,1
5244404,7462057,3,3,0
4102221,4821599,1,4,-3
5155845,6457109,1,2,-1
5155845,6457109,4,5,-1
5155845,6457109,5,1,4
5155845,6457109,7,3,4
5232454,8251961,1,1,0
5232454,8251961,2,6,-4
5232454,8251961,11,7,4
5264439,7671200,5,2,3
4613946,5295242,3,7,-4
5104979,5470959,2,2,0
5104979,5470959,3,4,-1
5104979,5470959,5,3,2
4522212,7077822,1,6,-5
5379428,6442631,5,1,4
5379428,6442631,6,11,-5
4098430,7661534,8,10,-2
4946036,6062410,2,9,-7
4946036,6062410,5,2,3
4946036,6062410,7,4,3
4946036,6062410,13,3,10
6335728,7573513,3,1,2
6335728,7573513,8,8,0
6335728,7573513,11,5,6
5436394,8476059,3,3,0
5381554,7082541,3,6,-3
5381554,7082541,5,5,0
5381554,7082541,6,1,5
5381554,7082541,7,11,-4
4494100,5225969,3,4,-1
5455750,7055980,1,1,0
4807412,8613826,12,13,-1
4720227,5313882,1,5,-4
5491552,7872757,3,4,-1
8220116,8572821,1,5,-4
6076623,6513615,2,4,-2
6076623,6513615,3,3,0
6076623,6513615,6,13,-7
6076623,6513615,12,1,11
6126543,8655768,13,12,1
6636879,7664771,2,9,-7
6636879,7664771,4,10,-6
6636879,7664771,5,2,3
6984961,8449998,1,1,0
6984961,8449998,7,12,-5
5625149,8446071,2,10,-8
5625149,8446071,6,2,4
4622629,5103388,4,1,3
7087865,8424617,12,11,1
4641453,4807384,1,5,-4
4641453,4807384,3,2,1
4641453,4807384,4,1,3
4641453,4807384,6,6,0
4641453,4807384,9,3,6
6330317,8259911,1,1,0
6174564,6454964,1,1,0
6174564,6454964,2,3,-1
6174564,6454964,3,5,-2
6174564,6454964,4,4,0
6174564,6454964,5,6,-1
6174564,6454964,6,2,4
6174564,6454964,7,7,0
6174564,6454964,8,8,0
6174564,6454964,9,9,0
6174564,6454964,10,10,0
6174564,6454964,11,11,0
6174564,6454964,12,12,0
6174564,6454964,13,13,0
5157309,6288695,1,3,-2
5157309,6288695,9,5,4
5146192,8189692,5,10,-5
5146192,8189692,13,3,10
7359345,8081660,6,6,0
5095274,6549014,10,7,3
7360899,7891816,7,3,4
7360899,7891816,9,2,7
4690110,6343581,1,1,0
4690110,6343581,5,11,-6
4690110,6343581,6,3,3
4690110,6343581,9,10,-1
6314597,7346942,1,4,-3
6314597,7346942,5,5,0
6314597,7346942,6,2,4
6314597,7346942,7,7,0
5116496,7452510,2,1,1
5116496,7452510,3,5,-2
6976934,8347998,7,12,-5
6976934,8347998,9,4,5
6976934,8347998,12,13,-1
5499088,8216661,1,12,-11
5499088,8216661,10,9,1
6861701,8669623,1,9,-8
6861701,8669623,2,1,1
5154911,6197275,2,11,-9
5154911,6197275,5,2,3
5154911,6197275,9,3,6
4915694,7338482,2,4,-2
4499394,4924712,5,8,-3
6980433,7672128,1,6,-5
6980433,7672128,2,5,-3
5525139,6413017,1,3,-2
5525139,6413017,4,1,3
5525139,6413017,10,9,1
4489249,7788792,6,5,1
5245519,6076938,3,8,-5
5245519,6076938,6,2,4
7377596,8042766,1,2,-1
4930082,7277787,3,10,-7
4930082,7277787,8,3,5
4930082,7277787,11,7,4
6860866,8525533,7,1,6
4216462,8078407,10,5,5
5372188,5626031,3,12,-9
6286330,6606869,2,1,1
6225538,7179969,2,6,-4
6225538,7179969,3,3,0
6225538,7179969,4,2,2
6225538,7179969,5,5,0
6225538,7179969,7,7,0
6225538,7179969,8,8,0
6225538,7179969,9,11,-2
6225538,7179969,10,12,-2
6225538,7179969,11,13,-2
5142152,8595977,4,1,3
5142152,8595977,5,2,3
8005674,8756062,1,4,-3
8005674,8756062,6,11,-5
8005674,8756062,7,9,-2
6623879,7390425,1,1,0
6623879,7390425,7,9,-2
6421760,8189285,2,9,-7
6421760,8189285,6,11,-5
5401905,6294736,12,11,1
5401905,6294736,13,7,6
4762382,5046800,4,9,-5
5167628,6228018,4,1,3
5167628,6228018,5,7,-2
5167628,6228018,7,3,4
5167628,6228018,12,8,4
5483324,6560419,1,1,0
5483324,6560419,2,8,-6
5483324,6560419,3,5,-2
5483324,6560419,4,7,-3
5483324,6560419,7,11,-4
5047617,7172126,2,1,1
5047617,7172126,6,6,0
6088659,6965319,2,1,1
6088659,6965319,4,13,-9
6282430,7848763,7,3,4
6282430,7848763,10,11,-1
5463839,6505460,2,4,-2
5463839,6505460,3,8,-5
6533412,8192015,3,1,2
6533412,8192015,4,2,2
6533412,8192015,8,5,3
6564345,7477581,2,1,1
6564345,7477581,6,12,-6
6564345,7477581,9,7,2
6564345,7477581,10,4,6
6564345,7477581,13,2,11
4617925,7660621,3,2,1
4456654,7276664,2,9,-7
4456654,7276664,5,2,3
4456654,7276664,6,1,5
4456654,7276664,7,10,-3
6330696,6463561,1,4,-3
4028024,7955652,9,10,-1
6402001,8381953,1,1,0
6402001,8381953,13,13,0
6347341,8255745,7,1,6
6347341,8255745,10,2,8
6577609,7756092,11,4,7
7278991,8353902,2,5,-3
7278991,8353902,12,1,11
4689603,7786848,3,7,-4
4689603,7786848,12,2,10
4114027,8342396,9,2,7
4114027,8342396,11,1,10
4114027,8342396,12,7,5
4007363,6411075,1,1,0
6254829,8715589,4,4,0
5086871,5268538,12,4,8
5086871,5268538,13,1,12
6235043,8328402,9,10,-1
4161181,6523544,1,1,0
4161181,6523544,3,11,-8
4161181,6523544,5,2,3
4161181,6523544,7,3,4
4161181,6523544,10,12,-2
6102036,8733368,1,6,-5
6102036,8733368,4,2,2
5114152,6471209,1,3,-2
5114152,6471209,4,8,-4
5114152,6471209,7,9,-2
5114152,6471209,9,2,7
5114152,6471209,11,1,10
5637230,6544487,5,6,-1
5637230,6544487,6,13,-7
5637230,6544487,8,12,-4
5637230,6544487,13,2,11
8021743,8282734,1,3,-2
8021743,8282734,10,1,9
5500204,7842232,7,1,6
4317148,8693127,4,8,-4
4317148,8693127,6,2,4
4317148,8693127,7,6,1
4053049,8733549,1,6,-5
6600516,7724840,2,13,-11
6600516,7724840,8,7,1
6600516,7724840,10,6,4
5429595,7988768,3,8,-5
5429595,7988768,4,4,0
5429595,7988768,5,3,2
5429595,7988768,6,2,4
5429595,7988768,8,13,-5
5218655,6919986,2,10,-8
5218655,6919986,5,13,-8
5218655,6919986,8,11,-3
7495215,8069492,4,4,0
7495215,8069492,5,2,3
7495215,8069492,7,5,2
6338789,8551305,3,10,-7
7215039,7597532,6,2,4
6325798,7160294,1,3,-2
6325798,7160294,12,7,5
6325798,7160294,13,12,1
6252115,7060819,1,4,-3
6252115,7060819,4,12,-8
6573531,8415670,11,3,8
5479687,7694399,1,2,-1
5479687,7694399,3,1,2
5479687,7694399,4,12,-8
5479687,7694399,9,3,6
4461985,7208911,12,5,7
5242759,8376961,9,13,-4
5392483,7430778,1,1,0
5392483,7430778,2,2,0
5392483,7430778,3,3,0
5392483,7430778,4,4,0
4709118,6942840,2,1,1
4709118,6942840,6,7,-1
4709118,6942840,13,10,3
4858036,7486790,3,8,-5
6254611,7976574,6,2,4
3997692,6130194,1,2,-1
3997692,6130194,3,6,-3
3997692,6130194,11,5,6
6538357,7439647,1,1,0
6538357,7439647,5,9,-4
6538357,7439647,7,6,1
6538357,7439647,8,5,3
6538357,7439647,11,2,9
6538357,7439647,13,13,0
6603039,7799571,4,2,2
6603039,7799571,8,7,1
6603039,7799571,9,1,8
6603039,7799571,13,4,9
6245103,7967998,13,13,0
5167488,6883807,8,1,7
4293514,7981375,6,4,2
5153854,5553030,2,7,-5
5153854,5553030,5,1,4
5165056,7456718,2,1,1
5165056,7456718,4,6,-2
4837680,6460093,2,10,-8
4837680,6460093,8,4,4
4837680,6460093,10,5,5
4837680,6460093,11,6,5
4276793,8186250,2,1,1
4276793,8186250,3,8,-5
4276793,8186250,4,6,-2
4276793,8186250,10,5,5
4276793,8186250,13,10,3
4171593,7730666,2,1,1
4171593,7730666,12,7,5
4397655,4526586,5,6,-1
4397655,4526586,9,3,6
4397655,4526586,10,9,1
6306132,7763018,1,3,-2
6306132,7763018,2,7,-5
4565290,7604132,2,2,0
6594268,7130306,3,1,2
7012759,7768715,1,13,-12
7012759,7768715,2,3,-1
7012759,7768715,3,1,2
7012759,7768715,4,5,-1
7012759,7768715,5,2,3
7012759,7768715,6,4,2
7012759,7768715,7,12,-5
7012759,7768715,10,9,1
7012759,7768715,12,10,2
7128506,8458871,7,6,1
5389596,5616710,1,5,-4
5389596,5616710,3,1,2
6214441,7192804,1,1,0
6214441,7192804,4,6,-2
3981861,5211955,9,6,3
3981861,5211955,12,2,10
4194646,5449090,2,2,0
4194646,5449090,5,10,-5
4194646,5449090,11,6,5
6263503,7116286,1,11,-10
6263503,7116286,12,13,-1
4535729,6511396,4,7,-3
4535729,6511396,5,9,-4
4535729,6511396,11,5,6
4908825,5127004,4,2,2
4908825,5127004,8,10,-2
4908825,5127004,9,5,4
5158606,5358555,1,1,0
6096656,7497846,6,4,2
6605549,7056560,1,1,0
6605549,7056560,5,2,3
6605549,7056560,11,5,6
5587582,7544932,2,1,1
5587582,7544932,8,10,-2
5587582,7544932,11,3,8
5581596,6961312,2,12,-10
5581596,6961312,13,1,12
6127673,8472012,5,10,-5
6127673,8472012,8,1,7
5573543,7731705,12,9,3
6256935,7065811,1,11,-10
6256935,7065811,12,4,8
3947177,8469687,1,7,-6
3947177,8469687,12,10,2
6152425,7048257,1,2,-1
6152425,7048257,7,7,0
6152425,7048257,8,10,-2
4919724,5626719,8,6,2
6983917,7338022,5,1,4
6983917,7338022,10,3,7
5388197,6118444,3,1,2
6513855,8287025,1,2,-1
6513855,8287025,2,3,-1
6513855,8287025,3,8,-5
6535918,7016353,1,12,-11
6535918,7016353,6,6,0
6535918,7016353,7,2,5
6535918,7016353,8,11,-3
6535918,7016353,11,5,6
6535918,7016353,12,4,8
6385242,8270475,1,2,-1
6385242,8270475,3,9,-6
6385242,8270475,5,6,-1
6385242,8270475,6,10,-4
5147074,5279450,3,1,2
5147074,5279450,8,4,4
6628012,8421297,10,4,6
5512941,8127232,1,7,-6
5512941,8127232,12,11,1
7354373,7832297,2,3,-1
7354373,7832297,7,10,-3
4633688,5280881,1,5,-4
4633688,5280881,9,1,8
5630168,7086165,7,5,2
5630168,7086165,10,4,6
4346078,5436229,4,13,-9
4356823,5045065,11,8,3
5158566,6960221,4,1,3
5158566,6960221,6,5,1
3994804,4212732,2,1,1
3994804,4212732,5,8,-3
3994804,4212732,6,5,1
3994804,4212732,7,3,4
3994804,4212732,9,7,2
3994804,4212732,12,11,1
6599517,8277828,2,1,1
6223100,7785320,3,4,-1
6223100,7785320,8,2,6
6192067,8121177,1,1,0
6192067,8121177,4,2,2
6192067,8121177,7,3,4
6192067,8121177,8,4,4
6162611,7747302,13,6,7
5141472,8684160,1,1,0
5141472,8684160,2,3,-1
5141472,8684160,6,11,-5
5059306,7288184,1,2,-1
5059306,7288184,2,4,-2
5059306,7288184,12,5,7
7080221,8280944,7,11,-4
7080221,8280944,8,13,-5
5085698,6168654,1,2,-1
4882731,5315600,1,2,-1
4882731,5315600,3,11,-8
4882731,5315600,6,3,3
4882731,5315600,8,4,4
4104606,4442366,1,1,0
4104606,4442366,3,5,-2
5493682,7290243,9,4,5
5336109,5643008,1,2,-1
5336109,5643008,2,7,-5
5336109,5643008,12,9,3
4804206,5584512,5,8,-3
7047485,8275829,1,4,-3
5027268,5210704,2,7,-5
3937802,4719099,1,3,-2
3937802,4719099,9,10,-1
3937802,4719099,12,2,10
4181694,8752713,3,3,0
5285498,7809579,5,2,3
4100981,7117957,1,1,0
4100981,7117957,3,2,1
4100981,7117957,5,11,-6
6310859,8380244,1,4,-3
6310859,8380244,6,13,-7
4025474,5250605,1,4,-3
4025474,5250605,8,12,-4
4046950,4329284,1,3,-2
4046950,4329284,5,7,-2
4046950,4329284,6,13,-7
4046950,4329284,7,5,2
4148872,4719235,7,7,0
4225751,4638504,1,9,-8
4225751,4638504,4,6,-2
4225751,4638504,7,3,4
5080339,6855101,1,1,0
5080339,6855101,2,3,-1
6215762,6526091,1,12,-11
6215762,6526091,3,4,-1
6215762,6526091,13,2,11
6413806,7190026,1,2,-1
6413806,7190026,4,9,-5
6413806,7190026,8,5,3
4345601,8226686,2,1,1
7948002,8710538,1,2,-1
7948002,8710538,4,3,1
7948002,8710538,5,10,-5
6167438,7620719,2,1,1
4943750,5374792,3,3,0
4943750,5374792,13,2,11
4343853,4371577,2,2,0
5006210,5627643,1,1,0
5006210,5627643,4,5,-1
5006210,5627643,7,11,-4
5006210,5627643,11,4,7
5503463,8454096,2,1,1
5503463,8454096,9,11,-2
5503463,8454096,12,4,8
4565526,5302116,1,3,-2
4565526,5302116,2,5,-3
4565526,5302116,10,10,0
3996182,5174874,1,7,-6
3996182,5174874,3,12,-9
6460115,8499124,2,1,1
4028076,7845464,11,11,0
3952511,8051916,3,7,-4
3952511,8051916,4,1,3
3952511,8051916,13,10,3
4910416,5394037,2,5,-3
4910416,5394037,8,9,-1
4609904,4761632,13,3,10
4676689,8485756,5,12,-7
7690941,8480429,1,5,-4
5372589,7090660,1,13,-12
7640914,8297255,1,7,-6
7640914,8297255,2,4,-2
7640914,8297255,3,5,-2
7640914,8297255,6,3,3
7640914,8297255,7,2,5
4069635,6298612,6,5,1
6237011,7636886,1,7,-6
6237011,7636886,6,10,-4
7137385,7707992,1,12,-11
7137385,7707992,3,1,2
5467269,8015059,1,5,-4
5467269,8015059,7,2,5
4634665,5376567,3,8,-5
4634665,5376567,5,10,-5
5264684,7303132,4,12,-8
5264684,7303132,8,10,-2
7505268,8723205,2,7,-5
5230890,6315991,1,1,0
5230890,6315991,13,13,0
6632243,8652204,1,7,-6
5646019,6300075,2,1,1
5646019,6300075,3,4,-1
5646019,6300075,5,2,3
5646019,6300075,6,10,-4
4427823,5639546,5,5,0
4427823,5639546,6,13,-7
4427823,5639546,9,1,8
4150062,4873389,1,3,-2
4150062,4873389,3,7,-4
4150062,4873389,4,5,-1
4344787,8138673,3,1,2
6341732,7600511,1,5,-4
6615192,8229857,9,6,3
6460059,7752536,11,1,10
6513507,7121268,1,11,-10
6513507,7121268,6,4,2
6513507,7121268,7,2,5
6513507,7121268,8,1,7
6513507,7121268,9,3,6
3967886,4129363,1,1,0
3967886,4129363,2,5,-3
3967886,4129363,4,12,-8
3967886,4129363,6,2,4
3967886,4129363,10,6,4
3967886,4129363,11,4,7
7472110,8701048,3,7,-4
7472110,8701048,10,3,7
5127237,6540149,1,3,-2
5127237,6540149,4,6,-2
5127237,6540149,5,4,1
5127237,6540149,6,8,-2
5127237,6540149,7,2,5
6581143,7849266,4,1,3
6552706,7688335,1,1,0
6552706,7688335,7,10,-3
5645445,6126476,7,2,5
5352019,5626392,1,4,-3
5352019,5626392,2,2,0
5352019,5626392,3,1,2
5352019,5626392,5,7,-2
5352019,5626392,7,3,4
5352019,5626392,9,10,-1
5352019,5626392,10,11,-1
5352019,5626392,11,8,3
4076617,7713422,2,8,-6
5290003,5362023,1,1,0
5290003,5362023,2,2,0
5290003,5362023,3,3,0
5290003,5362023,4,4,0
5290003,5362023,5,5,0
5290003,5362023,6,6,0
5290003,5362023,7,7,0
5290003,5362023,8,8,0
5290003,5362023,9,9,0
5290003,5362023,10,10,0
5290003,5362023,11,11,0
5290003,5362023,12,12,0
5290003,5362023,13,13,0
5162878,7733007,5,1,4
5162878,7733007,7,7,0
6320947,7848780,1,8,-7
7442924,8357913,2,2,0
4723936,4832023,1,1,0
4723936,4832023,8,5,3
4723936,4832023,10,9,1
4723936,4832023,11,3,8
4723936,4832023,13,10,3
5590397,6195532,9,2,7
3992272,4626330,5,7,-2
3992272,4626330,6,11,-5
7026684,7915664,1,9,-8
7026684,7915664,2,8,-6
4056297,4423284,6,1,5
4355040,5177096,10,10,0
6618757,7233995,1,2,-1
7385579,8581818,1,2,-1
7385579,8581818,5,6,-1
7385579,8581818,10,4,6
7385579,8581818,13,1,12
5250287,7722566,6,2,4
5250287,7722566,10,12,-2
4331898,4422008,7,4,3
6874578,7833947,3,1,2
6874578,7833947,13,5,8
5168406,7317568,1,3,-2
4913624,6494685,2,1,1
4913624,6494685,7,6,1
7005327,8283767,9,2,7
7005327,8283767,10,9,1
6540275,7699347,5,7,-2
6540275,7699347,10,3,7
4199948,6477839,2,9,-7
4199948,6477839,3,3,0
4199948,6477839,4,4,0
4934621,6834826,10,7,3
4934621,6834826,12,4,8
6304308,7746441,3,7,-4
6304308,7746441,5,9,-4
6304308,7746441,6,2,4
6304308,7746441,7,1,6
6304308,7746441,11,4,7
6304308,7746441,13,12,1
4678702,5547536,6,2,4
6550860,8297628,6,4,2
6550860,8297628,12,11,1
7084347,8653372,2,6,-4
7084347,8653372,4,1,3
7084347,8653372,13,3,10
6124684,8193732,1,4,-3
6124684,8193732,11,3,8
6124684,8193732,13,1,12
6244976,8337327,2,1,1
6244976,8337327,4,2,2
6244976,8337327,7,4,3
5408854,6932436,3,1,2
5408854,6932436,8,6,2
7675885,7773554,1,1,0
7675885,7773554,2,2,0
7675885,7773554,3,3,0
7675885,7773554,4,4,0
7675885,7773554,5,5,0
7675885,7773554,6,6,0
7675885,7773554,7,7,0
7675885,7773554,8,8,0
7675885,7773554,9,9,0
7675885,7773554,10,10,0
7675885,7773554,11,11,0
7675885,7773554,12,12,0
7675885,7773554,13,13,0
6952603,8641619,1,2,-1
6521342,7833591,1,4,-3
6521342,7833591,2,2,0
6521342,7833591,4,1,3
6521342,7833591,11,7,4
6521342,7833591,12,5,7
6521342,7833591,13,12,1
6973967,7562707,1,6,-5
6973967,7562707,5,9,-4
6973967,7562707,13,2,11
8096110,8429898,12,5,7
7426128,8389375,2,7,-5
4397360,6988548,3,13,-10
6402043,7894943,2,13,-11
6402043,7894943,13,11,2
6317014,6600391,1,1,0
6317014,6600391,2,2,0
6317014,6600391,5,8,-3
6317014,6600391,6,3,3
6326678,7138707,2,1,1
6326678,7138707,9,4,5
5342947,5491237,1,1,0
5342947,5491237,9,2,7
5342947,5491237,10,13,-3
6484149,7975022,2,2,0
6484149,7975022,10,3,7
6459682,7684388,1,9,-8
6459682,7684388,7,11,-4
4487992,8431825,2,3,-1
4487992,8431825,3,1,2
6382656,7537234,4,10,-6
6382656,7537234,9,7,2
6344049,6530939,9,11,-2
5336545,7220335,9,10,-1
7202090,8361804,2,3,-1
7202090,8361804,9,7,2
7202090,8361804,11,12,-1
6359430,7221150,4,1,3
6359430,7221150,10,2,8
6359430,7221150,12,9,3
4380839,6454875,1,3,-2
4380839,6454875,3,2,1
4453109,8169762,2,13,-11
4453109,8169762,7,5,2
4453109,8169762,12,4,8
7588466,8602821,2,7,-5
7588466,8602821,3,10,-7
7588466,8602821,8,6,2
5594509,6418556,4,2,2
5594509,6418556,8,11,-3
5650185,6123977,1,3,-2
5650185,6123977,3,8,-5
5650185,6123977,8,5,3
5650185,6123977,10,12,-2
5650185,6123977,12,2,10
7377324,8720541,2,8,-6
5295249,6088808,8,5,3
7160330,8523950,2,6,-4
7160330,8523950,3,8,-5
7160330,8523950,8,9,-1
7160330,8523950,9,1,8
7160330,8523950,11,2,9
6065104,7461228,2,4,-2
6065104,7461228,9,9,0
4183369,6444016,2,1,1
4183369,6444016,3,11,-8
5308788,7648576,2,3,-1
7181690,8353767,1,3,-2
7181690,8353767,3,1,2
7181690,8353767,4,10,-6
7181690,8353767,6,7,-1
6232196,7087536,1,3,-2
6232196,7087536,5,6,-1
7214243,7722674,3,6,-3
5007299,5249658,3,13,-10
4219529,7273591,2,1,1
4219529,7273591,3,4,-1
4219529,7273591,5,5,0
4219529,7273591,9,12,-3
4444498,4745279,1,9,-8
4444498,4745279,2,3,-1
4444498,4745279,3,4,-1
4444498,4745279,5,2,3
4444498,4745279,13,7,6
7366996,8327297,4,4,0
7366996,8327297,7,6,1
6876317,7623049,2,3,-1
6876317,7623049,4,4,0
6876317,7623049,12,7,5
7606507,8406658,1,1,0
7606507,8406658,4,6,-2
7606507,8406658,5,5,0
4309110,6520056,9,1,8
4309110,6520056,13,3,10
5277774,7060173,12,7,5
6281154,8273678,6,2,4
6628295,6963350,2,2,0
6628295,6963350,9,4,5
6628295,6963350,10,9,1
5390419,6594938,3,7,-4
5333618,7962191,2,3,-1
5407612,8409691,5,7,-2
5407612,8409691,7,6,1
4694048,5239013,4,2,2
4694048,5239013,5,1,4
4694048,5239013,12,3,9
7420664,8379193,4,2,2
7420664,8379193,8,11,-3
4149191,6081293,8,2,6
6358144,7641197,1,1,0
6358144,7641197,2,4,-2
6358144,7641197,3,10,-7
6358144,7641197,5,11,-6
6358144,7641197,9,5,4
5270975,6163490,4,3,1
5270975,6163490,13,5,8
5371989,7902092,5,2,3
5371989,7902092,8,1,7
4219154,4544096,1,1,0
4219154,4544096,5,6,-1
4219154,4544096,7,7,0
4219154,4544096,10,2,8
4219154,4544096,13,12,1
4402684,5092854,5,3,2
3953414,4642328,1,6,-5
3953414,4642328,2,1,1
7052471,7213969,2,3,-1
7052471,7213969,3,4,-1
6890067,8133629,1,8,-7
6890067,8133629,2,9,-7
6665604,8418462,13,3,10
4629464,8685465,1,2,-1
4629464,8685465,9,4,5
6418758,7712337,9,13,-4
4466706,7948683,1,8,-7
4466706,7948683,8,13,-5
5128099,7491963,6,1,5
4920978,8663152,9,3,6
6458771,8063021,1,1,0
6458771,8063021,7,7,0
6612977,7686759,1,3,-2
6555845,8227280,2,8,-6
4907625,8609200,3,2,1
4907625,8609200,4,1,3
4907625,8609200,8,3,5
5398510,7752852,2,2,0
5398510,7752852,10,7,3
5398510,7752852,11,8,3
4414248,6447847,2,3,-1
4414248,6447847,3,12,-9
7242601,8358525,2,2,0
7242601,8358525,8,4,4
7047824,8746082,1,9,-8
7047824,8746082,7,6,1
7322651,8710784,3,1,2
7322651,8710784,11,9,2
7424357,7719431,2,4,-2
7424357,7719431,5,10,-5
7424357,7719431,8,8,0
7424357,7719431,10,11,-1
7007900,8308770,7,12,-5
6081203,7315143,1,9,-8
6081203,7315143,4,5,-1
7176817,8144046,13,13,0
4054355,5221219,3,5,-2
4054355,5221219,4,1,3
4054355,5221219,6,3,3
4054355,5221219,7,11,-4
5206943,6549981,2,3,-1
5206943,6549981,4,9,-5
5206943,6549981,7,13,-6
5206943,6549981,9,6,3
5206943,6549981,12,8,4
4901134,6136698,9,13,-4
6815783,7825420,3,11,-8
7856202,8351812,1,1,0
7856202,8351812,4,2,2
7856202,8351812,7,11,-4
4837700,5375059,3,2,1
6201303,7153746,5,6,-1
6201303,7153746,10,4,6
7458015,8271865,2,1,1
7458015,8271865,7,2,5
7458015,8271865,10,4,6
7458015,8271865,11,5,6
6516337,7114106,9,10,-1
4671036,6427412,1,1,0
4671036,6427412,3,8,-5
4671036,6427412,12,3,9
4671036,6427412,13,11,2
6337431,7915488,2,4,-2
6884113,7354309,1,13,-12
6884113,7354309,3,5,-2
6884113,7354309,8,1,7
5529371,7654423,4,9,-5
6454003,7063151,13,3,10
4909287,6390155,8,1,7
4146029,4961422,3,7,-4
5161532,8287453,6,3,3
4384004,8591974,2,8,-6
7163548,8650728,2,11,-9
7163548,8650728,4,2,2
7163548,8650728,7,5,2
7163548,8650728,8,6,2
7163548,8650728,9,12,-3
7163548,8650728,10,8,2
7163548,8650728,11,1,10
6490248,6934253,6,9,-3
6490248,6934253,12,13,-1
6427171,8510468,1,1,0
6427171,8510468,7,5,2
5275645,6281321,1,3,-2
5275645,6281321,4,9,-5
5275645,6281321,12,7,5
4117120,5273747,13,5,8
4768144,6151630,1,11,-10
4768144,6151630,4,1,3
4768144,6151630,13,4,9
4340068,5312361,11,5,6
4198622,4335371,2,4,-2
4198622,4335371,3,3,0
4198622,4335371,4,12,-8
4198622,4335371,5,5,0
4198622,4335371,6,6,0
5621802,6128392,1,1,0
5621802,6128392,2,5,-3
5621802,6128392,3,12,-9
5621802,6128392,5,3,2
5621802,6128392,8,4,4
5621802,6128392,9,6,3
5621802,6128392,10,10,0
5621802,6128392,11,9,2
6371124,8491632,3,2,1
6371124,8491632,13,4,9
4300312,5616379,1,3,-2
4300312,5616379,2,2,0
4211955,7083304,4,1,3
4271687,7438253,12,6,6
4743260,5344421,10,3,7
5624702,6423363,1,4,-3
5624702,6423363,3,5,-2
6882990,7299213,3,11,-8
6882990,7299213,7,1,6
6882990,7299213,10,10,0
7077472,8104831,1,11,-10
7077472,8104831,2,1,1
7077472,8104831,3,4,-1
4611598,5024224,3,1,2
4611598,5024224,8,11,-3
4890729,8329113,1,6,-5
5197198,8714067,1,5,-4
4146190,4226818,4,2,2
4146190,4226818,6,6,0
4146190,4226818,7,8,-1
4875530,5342020,2,5,-3
4875530,5342020,6,4,2
4875530,5342020,10,6,4
6436578,7972725,2,4,-2
3946452,6481031,4,3,1
3946452,6481031,5,4,1
4127979,6499283,12,8,4
6219807,8413007,1,1,0
6219807,8413007,2,6,-4
6219807,8413007,6,11,-5
6219807,8413007,12,8,4
5123962,5387489,1,2,-1
5123962,5387489,9,11,-2
5123962,5387489,10,12,-2
6865509,7660638,9,13,-4
6656177,7464847,1,6,-5
6656177,7464847,2,5,-3
6574505,8200341,11,5,6
4141646,5164771,4,2,2
4141646,5164771,7,8,-1
6064673,8619600,4,8,-4
6064673,8619600,8,7,1
3933147,8326416,1,6,-5
4772875,7761231,4,6,-2
4772875,7761231,5,10,-5
3938570,5331705,12,2,10
6484149,7983953,1,5,-4
7289616,8416804,8,11,-3
6539455,6944709,2,2,0
6539455,6944709,9,13,-4
6539455,6944709,12,12,0
5306291,7079894,3,6,-3
5306291,7079894,5,1,4
6149574,6471671,1,5,-4
6149574,6471671,3,6,-3
6149574,6471671,9,3,6
4937656,5313102,2,9,-7
4937656,5313102,3,11,-8
6578577,8282547,4,1,3
5449365,8746529,2,1,1
5449365,8746529,7,10,-3
4086513,5300855,2,5,-3
4086513,5300855,8,1,7
4086513,5300855,10,10,0
4977092,6072049,6,1,5
4620155,8188744,1,4,-3
4620155,8188744,5,2,3
4620155,8188744,9,10,-1
6359504,6515545,1,1,0
6359504,6515545,2,11,-9
6359504,6515545,5,5,0
6122566,8571703,1,3,-2
6122566,8571703,3,5,-2
6122566,8571703,8,6,2
6122566,8571703,9,1,8
6157492,6650480,2,1,1
6157492,6650480,7,2,5
6157492,6650480,13,13,0
5267303,8045204,11,1,10
6202550,7675535,1,13,-12
6202550,7675535,2,1,1
4676365,5287866,7,3,4
4020688,4213345,2,1,1
4020688,4213345,4,3,1
6461074,8434802,2,1,1
6461074,8434802,6,7,-1
6461074,8434802,9,2,7
4207762,4420962,3,1,2
4207762,4420962,8,2,6
4694138,5099090,5,12,-7
5387901,7248239,3,4,-1
6529215,8181103,2,1,1
6529215,8181103,6,10,-4
6529215,8181103,11,3,8
4948133,5292127,3,10,-7
4948133,5292127,4,1,3
3940978,4246779,2,5,-3
3940978,4246779,7,11,-4
3940978,4246779,10,1,9
4794928,7367985,6,10,-4
4794928,7367985,8,3,5
4937633,7970335,1,7,-6
4937633,7970335,2,3,-1
4937633,7970335,6,4,2
5618468,6660698,12,2,10
5125750,6944112,4,4,0
5125750,6944112,5,10,-5
4824193,5026131,1,4,-3
4824193,5026131,2,6,-4
4824193,5026131,4,2,2
4824193,5026131,9,1,8
7363415,7904633,1,2,-1
7363415,7904633,10,7,3
6410276,7939260,5,3,2
6133867,8255144,10,4,6
6963521,7564754,10,11,-1
6963521,7564754,11,1,10
5299462,7192370,1,1,0
5299462,7192370,2,3,-1
5299462,7192370,12,7,5
6874462,8651091,1,4,-3
6874462,8651091,2,3,-1
6874462,8651091,4,6,-2
6874462,8651091,7,7,0
6874462,8651091,8,10,-2
6184969,7083283,3,10,-7
6184969,7083283,4,3,1
6184969,7083283,10,1,9
6184969,7083283,13,4,9
5268734,7151454,5,3,2
4092618,4489390,2,2,0
5165816,6397548,1,1,0
5165816,6397548,2,3,-1
5165816,6397548,5,7,-2
5165816,6397548,7,10,-3
5165816,6397548,9,13,-4
5165816,6397548,11,2,9
6406844,6955915,1,1,0
6406844,6955915,7,11,-4
5647535,8092909,1,12,-11
5647535,8092909,4,1,3
5647535,8092909,9,6,3
5647535,8092909,11,5,6
5087063,6151808,1,1,0
6987152,8084560,11,13,-2
4860849,5283742,6,6,0
4860849,5283742,13,2,11
6910519,8082972,1,1,0
6910519,8082972,2,8,-6
6910519,8082972,3,7,-4
6910519,8082972,4,2,2
6202023,7755517,6,2,4
6377446,7733635,2,2,0
4035533,5380574,1,6,-5
4035533,5380574,6,8,-2
4035533,5380574,8,12,-4
4520030,5552444,4,6,-2
5095910,8556815,2,2,0
5095910,8556815,9,6,3
5095910,8556815,12,1,11
7631987,8382325,2,11,-9
7631987,8382325,6,8,-2
7631987,8382325,11,7,4
4432415,4635715,1,1,0
4432415,4635715,4,4,0
4432415,4635715,5,3,2
4432415,4635715,10,5,5
6167174,6442310,5,13,-8
6167174,6442310,8,6,2
6167174,6442310,13,1,12
6382193,6925982,2,7,-5
6382193,6925982,7,6,1
6295575,8228903,7,11,-4
6249179,7646232,3,5,-2
4532602,4709232,11,9,2
4283581,5550297,3,11,-8
4283581,5550297,5,2,3
4283581,5550297,6,3,3
6874743,7513468,1,2,-1
6874743,7513468,8,4,4
4839761,4982301,3,5,-2
4839761,4982301,5,13,-8
4839761,4982301,12,6,6
6078367,7199396,2,2,0
6078367,7199396,5,10,-5
6078367,7199396,6,4,2
5185094,6669862,13,1,12
5235660,5522003,1,7,-6
6290821,7404877,11,2,9
5303844,6994230,3,1,2
5303844,6994230,10,7,3
4160646,5336467,3,5,-2
4160646,5336467,4,11,-7
4160646,5336467,8,7,1
5189668,6125116,3,7,-4
5189668,6125116,13,2,11
6982000,8162055,1,1,0
4410683,5306800,1,6,-5
7177880,7831684,2,12,-10
7177880,7831684,3,2,1
7177880,7831684,9,4,5
6911995,8670019,9,1,8
6911995,8670019,11,12,-1
6091008,6464189,3,8,-5
6091008,6464189,6,6,0
5221823,7075963,1,11,-10
5221823,7075963,3,13,-10
4608996,8444594,1,10,-9
5589442,6410488,2,2,0
5589442,6410488,7,1,6
5589442,6410488,9,6,3
5589442,6410488,10,7,3
6182139,8612321,2,9,-7
5616222,8665091,1,3,-2
6140452,8211458,4,7,-3
6140452,8211458,13,10,3
4721601,8741590,6,4,2
6276398,6899138,7,1,6
4133586,4220083,5,7,-2
4133586,4220083,11,13,-2
5456437,6561206,3,1,2
6139550,7713302,1,4,-3
7716037,8468149,3,2,1
7716037,8468149,4,3,1
3931679,8277224,6,1,5
5654816,6441955,2,4,-2
5654816,6441955,5,10,-5
7561036,8226265,1,1,0
7561036,8226265,4,3,1
4110030,4326797,6,2,4
4110030,4326797,13,4,9
4896598,7732041,1,1,0
4105509,4218299,2,11,-9
4105509,4218299,4,1,3
4945393,6894327,10,8,2
4166936,4690108,1,10,-9
4166936,4690108,4,13,-9
4166936,4690108,9,8,1
5094463,5446467,1,5,-4
5094463,5446467,6,3,3
5094463,5446467,12,8,4
5094463,5446467,13,12,1
3994820,5348690,1,2,-1
3994820,5348690,10,4,6
3994820,5348690,13,10,3
4897123,6320116,1,1,0
4897123,6320116,3,3,0
4897123,6320116,4,5,-1
4897123,6320116,9,7,2
5623307,7819013,6,1,5
5623307,7819013,8,13,-5
4529659,4701374,5,1,4
6657236,8691153,2,7,-5
4302534,6514717,1,10,-9
5248347,8013239,2,13,-11
5248347,8013239,5,5,0
7295884,7509774,1,12,-11
6937447,8315020,1,12,-11
6937447,8315020,2,2,0
6937447,8315020,7,6,1
7525337,7707469,4,3,1
7525337,7707469,5,13,-8
7525337,7707469,8,11,-3
5109152,6859535,1,4,-3
5109152,6859535,3,3,0
4029085,8175666,13,9,4
4758094,7133119,1,1,0
4075042,6149736,10,6,4
4075042,6149736,12,9,3
5481741,7984423,2,13,-11
5481741,7984423,4,4,0
5203039,6839920,7,13,-6
5203039,6839920,9,10,-1
6074376,8460260,1,2,-1
6074376,8460260,3,1,2
6074376,8460260,6,7,-1
6074376,8460260,8,11,-3
6074376,8460260,11,6,5
4067712,4237101,1,6,-5
4067712,4237101,2,5,-3
4067712,4237101,6,1,5
4067712,4237101,8,12,-4
4067712,4237101,9,8,1
4067712,4237101,11,3,8
4067712,4237101,12,4,8
4958325,7526713,3,7,-4
4958325,7526713,4,9,-5
4958325,7526713,8,3,5
4958325,7526713,10,13,-3
5558377,6065787,3,4,-1
6892382,7716665,1,4,-3
6892382,7716665,2,2,0
6892382,7716665,3,9,-6
6892382,7716665,4,3,1
6892382,7716665,6,6,0
5088081,5263145,9,2,7
6392979,7194016,5,6,-1
6392979,7194016,11,7,4
6392979,7194016,12,12,0
7611234,8047639,4,2,2
5218942,6505641,1,2,-1
5218942,6505641,3,5,-2
5218942,6505641,4,3,1
5353331,6615034,7,4,3
5353331,6615034,9,1,8
5651653,6386820,7,2,5
5651653,6386820,13,11,2
5158986,6616434,2,10,-8
4292974,7875035,1,4,-3
7374546,8333710,2,1,1
7374546,8333710,7,8,-1
7374546,8333710,11,11,0
7374546,8333710,13,7,6
6247287,6482486,1,1,0
6247287,6482486,2,4,-2
7630717,7894810,1,8,-7
7630717,7894810,4,1,3
7630717,7894810,6,9,-3
7630717,7894810,8,4,4
7630717,7894810,11,11,0
6316808,7217978,3,8,-5
5402540,6550289,8,5,3
5402540,6550289,13,3,10
6166804,6544795,5,5,0
6166804,6544795,7,9,-2
6166804,6544795,12,1,11
4389999,6315215,2,2,0
6560113,7142427,1,1,0
6560113,7142427,11,12,-1
4115485,4290784,12,13,-1
4912600,7148718,8,6,2
4205537,8118563,1,1,0
4205537,8118563,2,5,-3
5345525,7292757,1,9,-8
5345525,7292757,4,12,-8
7416637,8524040,1,3,-2
7416637,8524040,5,4,1
7416637,8524040,10,6,4
7280975,8270399,4,7,-3
4337065,5569587,6,4,2
6064410,6352328,2,5,-3
6064410,6352328,5,13,-8
5187963,7337642,3,3,0
7228983,8342345,4,7,-3
7228983,8342345,9,1,8
7228983,8342345,13,2,11
4340525,5153240,1,7,-6
4340525,5153240,6,1,5
4340525,5153240,7,6,1
6130644,8134489,8,4,4
6130644,8134489,9,8,1
4715430,7449775,6,6,0
4864661,6159590,2,4,-2
4864661,6159590,3,11,-8
5168147,7328851,3,8,-5
5168147,7328851,11,7,4
6425675,7581867,1,2,-1
4913511,6874953,2,8,-6
4913511,6874953,3,7,-4
6606494,8666388,1,8,-7
6606494,8666388,2,12,-10
4447484,7674977,8,4,4
6842701,8756042,2,10,-8
6609804,8362710,3,1,2
6609804,8362710,9,8,1
4829821,4922095,1,4,-3
4829821,4922095,2,3,-1
4829821,4922095,3,5,-2
4829821,4922095,10,8,2
4321672,7181430,3,2,1
4321672,7181430,5,3,2
5075846,8266338,11,2,9
5075846,8266338,12,11,1
4186472,5060357,6,1,5
4186472,5060357,10,5,5
4186472,5060357,11,9,2
6509739,6870386,8,4,4
6509739,6870386,10,7,3
6509739,6870386,11,8,3
6509739,6870386,13,5,8
5018250,6612130,5,1,4
4541403,5259359,1,1,0
4541403,5259359,5,3,2
7356859,7931257,2,1,1
5388643,6997255,6,1,5
4761022,8219282,3,8,-5
4761022,8219282,6,10,-4
4761022,8219282,9,6,3
6348207,7557182,10,7,3
6348207,7557182,11,8,3
5587054,6120651,8,11,-3
5569670,6472432,1,1,0
5569670,6472432,2,3,-1
5569670,6472432,10,2,8
4212279,4531491,2,5,-3
7155655,8254300,6,4,2
5101353,7685053,10,7,3
6595010,7922118,2,7,-5
5111123,5642247,1,1,0
5111123,5642247,3,5,-2
5111123,5642247,8,3,5
7260652,8255732,5,6,-1
7353248,8239226,9,10,-1
6478802,8359730,4,9,-5
4293904,6075295,5,4,1
4800376,5010413,1,1,0
4800376,5010413,4,10,-6
4800376,5010413,10,13,-3
4819141,8482209,1,1,0
4917087,6652541,1,2,-1
4917087,6652541,11,6,5
6554854,7951185,5,1,4
7620506,8076595,1,1,0
7620506,8076595,5,4,1
7620506,8076595,7,10,-3
5287498,6661884,5,11,-6
5287498,6661884,12,1,11
4301461,8188879,1,5,-4
4301461,8188879,2,1,1
4301461,8188879,8,9,-1
4301461,8188879,9,2,7
4722658,4936732,2,3,-1
4722658,4936732,4,11,-7
6179709,7332438,1,1,0
7300348,7833101,1,1,0
7300348,7833101,9,2,7
4321865,4455929,9,13,-4
6173972,7690658,1,1,0
6173972,7690658,5,11,-6
4235266,5255723,1,6,-5
4235266,5255723,3,11,-8
4235266,5255723,5,4,1
4235266,5255723,6,5,1
5335113,7960011,2,10,-8
6144536,7287892,1,1,0
6144536,7287892,6,5,1
4324019,7350259,2,1,1
4324019,7350259,6,3,3
4324019,7350259,8,7,1
5235510,8731968,1,5,-4
5235510,8731968,8,3,5
4961206,5311545,4,2,2
4961206,5311545,7,12,-5
6174289,6402698,8,12,-4
6300826,7482869,1,3,-2
6300826,7482869,5,7,-2
6300826,7482869,8,6,2
4312234,5203211,2,8,-6
4312234,5203211,4,2,2
4312234,5203211,12,1,11
4519658,4779164,9,8,1
4519658,4779164,11,7,4
6979671,7696166,1,7,-6
6979671,7696166,6,2,4
5315418,7916156,4,3,1
4056701,4885443,4,7,-3
4056701,4885443,5,10,-5
4056701,4885443,6,2,4
4056701,4885443,7,3,4
4056701,4885443,11,9,2
7209911,7870162,1,8,-7
5098520,7615135,5,1,4
4403432,5209307,3,2,1
6128323,7372056,4,6,-2
5350380,8663287,2,4,-2
5042489,6315445,3,7,-4
4568846,4709179,1,1,0
4568846,4709179,3,11,-8
4568846,4709179,5,6,-1
4568846,4709179,7,10,-3
4947028,7181431,2,7,-5
4947028,7181431,4,4,0
4458113,7116093,12,2,10
4545951,5620719,1,2,-1
4545951,5620719,2,1,1
4545951,5620719,4,7,-3
4545951,5620719,5,8,-3
4115277,8157103,1,7,-6
4115277,8157103,2,2,0
6190386,8075558,3,1,2
6190386,8075558,8,3,5
6190386,8075558,10,12,-2
5083312,6366863,1,1,0
5083312,6366863,2,4,-2
5018067,7302398,2,1,1
5421446,6076653,2,3,-1
6125956,7673711,1,1,0
6125956,7673711,2,2,0
6432309,7470368,4,2,2
5319735,7590259,1,5,-4
7005001,7318424,8,2,6
6475467,8703806,5,5,0
5478781,6861287,1,1,0
5478781,6861287,3,2,1
5478781,6861287,5,4,1
4297940,5410120,9,12,-3
7139754,7711747,2,7,-5
7139754,7711747,4,6,-2
6184713,7111273,11,5,6
4267210,5112779,13,6,7
4054620,4096837,4,2,2
4054620,4096837,6,1,5
4054620,4096837,7,5,2
4598835,5383558,2,5,-3
6346442,6500768,2,4,-2
6346442,6500768,8,1,7
6140911,7173922,10,3,7
6140911,7173922,11,11,0
6140911,7173922,12,5,7
7435244,7618404,7,1,6
7435244,7618404,11,3,8
4207450,4800761,11,1,10
5075109,7052678,13,1,12
6070291,7749292,2,1,1
6070291,7749292,8,2,6
6070291,7749292,12,3,9
5269809,8382772,1,2,-1
7472334,7779336,5,6,-1
5159527,7651641,1,3,-2
5361295,7623645,1,2,-1
5361295,7623645,10,3,7
5361295,7623645,13,12,1
4629552,7138094,8,8,0
4666968,5576368,9,5,4
5228356,6366272,12,10,2
7012515,8193943,8,7,1
4639255,7001531,1,5,-4
6085402,7757382,2,1,1
5177998,7058488,5,2,3
5135608,7062344,1,8,-7
5135608,7062344,2,5,-3
3953429,5591733,8,7,1
5033383,5585592,1,2,-1
5033383,5585592,5,1,4
5059495,5250369,1,3,-2
5059495,5250369,4,10,-6
5059495,5250369,11,7,4
4671518,5146953,5,2,3
4671518,5146953,7,3,4
6615013,7062207,1,1,0
4917862,7407533,1,1,0
6849010,8435142,2,4,-2
6849010,8435142,4,5,-1
6849010,8435142,5,2,3
6849010,8435142,8,6,2
6849010,8435142,11,10,1
5178563,5274918,1,3,-2
5178563,5274918,11,1,10
5596902,6622683,1,11,-10
5596902,6622683,7,10,-3
7241417,7780915,2,2,0
7241417,7780915,6,5,1
4005935,4757268,2,13,-11
4408735,6076765,1,3,-2
4408735,6076765,7,12,-5
7609588,8331202,1,9,-8
7609588,8331202,2,1,1
7609588,8331202,3,12,-9
7609588,8331202,5,6,-1
7609588,8331202,7,7,0
6389857,7543468,4,1,3
6389857,7543468,6,6,0
6389857,7543468,13,8,5
4172926,4851306,3,8,-5
4172926,4851306,5,7,-2
4172926,4851306,6,9,-3
4172926,4851306,8,4,4
4172926,4851306,10,5,5
6277232,7545566,2,1,1
6277232,7545566,4,10,-6
6277232,7545566,5,9,-4
6277232,7545566,6,3,3
6277232,7545566,9,6,3
4497520,8523290,5,4,1
4497520,8523290,6,8,-2
4497520,8523290,12,5,7
6092113,6452915,4,13,-9
4215877,7384097,2,6,-4
5597738,6214694,2,2,0
5597738,6214694,4,4,0
5597738,6214694,11,12,-1
5597738,6214694,13,11,2
6528030,7837962,1,2,-1
6528030,7837962,4,1,3
6528030,7837962,9,10,-1
6549261,7564528,7,7,0
6549261,7564528,11,5,6
6611599,7711564,11,4,7
6611599,7711564,13,5,8
6333973,7016648,6,12,-6
5050085,5331296,1,1,0
5050085,5331296,8,7,1
6913532,8613650,2,1,1
6913532,8613650,7,2,5
7003619,7613869,10,13,-3
4952386,8017082,4,2,2
6412154,7608550,13,9,4
4836907,6091975,1,12,-11
4979626,5154527,2,8,-6
4979626,5154527,3,6,-3
4979626,5154527,7,9,-2
6065182,8386081,1,1,0
6994200,7542598,2,2,0
6994200,7542598,3,13,-10
6994200,7542598,5,6,-1
6994200,7542598,9,7,2
6994200,7542598,11,10,1
4747518,6170720,2,2,0
4747518,6170720,5,7,-2
4747518,6170720,13,9,4
6938132,7925862,2,3,-1
6938132,7925862,3,2,1
6321456,6937023,4,4,0
6321456,6937023,7,8,-1
6321456,6937023,8,3,5
4721170,8668027,6,4,2
4721170,8668027,9,5,4
4721170,8668027,11,7,4
4622618,6490242,1,1,0
4622618,6490242,2,8,-6
4622618,6490242,6,4,2
6073957,7188858,4,2,2
6073957,7188858,8,1,7
6073957,7188858,12,11,1
6340439,7798799,3,1,2
4135494,4329985,1,1,0
4135494,4329985,2,5,-3
4135494,4329985,5,3,2
4940064,7885707,1,5,-4
5057093,7896859,3,4,-1
5057093,7896859,4,3,1
7914162,8118472,1,3,-2
6613610,7116292,4,1,3
4006233,5242911,11,5,6
6949342,8008012,1,1,0
6949342,8008012,2,3,-1
6949342,8008012,7,11,-4
6949342,8008012,13,4,9
6622048,8543217,8,5,3
5175270,7056669,3,1,2
5175270,7056669,8,2,6
4166559,4915035,5,5,0
4166559,4915035,8,3,5
5504582,7075649,1,3,-2
5504582,7075649,4,1,3
5504582,7075649,12,6,6
4943946,6370627,11,3,8
4275384,4725999,1,2,-1
4275384,4725999,5,1,4
4275384,4725999,7,5,2
6183435,8602959,2,8,-6
6427140,7110983,4,8,-4
6403451,7282379,2,2,0
6403451,7282379,6,4,2
6403451,7282379,8,1,7
5485203,7341557,2,10,-8
5485203,7341557,7,5,2
6366624,7310391,1,13,-12
6366624,7310391,13,10,3
4388166,7063775,4,8,-4
4916545,5233441,2,1,1
4916545,5233441,3,2,1
4939134,8741812,2,3,-1
4939134,8741812,4,4,0
5255734,8460252,11,6,5
4984659,5247140,1,1,0
4984659,5247140,2,12,-10
4984659,5247140,5,2,3
4984659,5247140,13,10,3
4033555,5388704,8,9,-1
4033555,5388704,13,11,2
6619394,7591343,3,6,-3
6619394,7591343,13,9,4
7048740,8523867,2,6,-4
7048740,8523867,4,2,2
4444308,8075833,5,5,0
7115190,8440057,4,1,3
7416451,7686654,2,2,0
7054154,7177146,3,2,1
4337423,7161431,5,1,4
4337423,7161431,7,4,3
4337423,7161431,12,6,6
7266117,8509236,1,8,-7
4694547,7360799,3,9,-6
4694547,7360799,7,1,6
4694547,7360799,8,13,-5
5396126,7078933,2,1,1
5396126,7078933,3,3,0
5396126,7078933,7,6,1
5396126,7078933,12,10,2
5396126,7078933,13,9,4
6504118,7656071,2,3,-1
5215221,7644821,6,4,2
5215221,7644821,11,3,8
5215221,7644821,13,7,6
7003548,8117552,8,3,5
6186115,7237759,4,2,2
6186115,7237759,12,11,1
6186115,7237759,13,5,8
4074193,7151656,2,8,-6
4074193,7151656,9,11,-2
4555168,8692867,3,3,0
5183756,7670804,2,3,-1
5183756,7670804,3,8,-5
5330437,8187178,3,2,1
5330437,8187178,4,1,3
5288636,6120676,1,1,0
5288636,6120676,2,2,0
5288636,6120676,3,3,0
5288636,6120676,5,4,1
5288636,6120676,6,11,-5
6482912,8283432,2,7,-5
6773927,7185551,3,2,1
7518572,7898510,1,2,-1
7518572,7898510,5,3,2
7518572,7898510,7,1,6
4677739,6093585,2,8,-6
4677739,6093585,7,10,-3
4677739,6093585,9,12,-3
4060832,4914508,2,6,-4
4060832,4914508,10,2,8
7190646,7903504,1,3,-2
7190646,7903504,2,2,0
4708314,6149420,2,6,-4
4497319,4911160,1,9,-8
4497319,4911160,2,1,1
4551227,4666583,2,1,1
4551227,4666583,3,5,-2
4551227,4666583,4,6,-2
4551227,4666583,5,3,2
4551227,4666583,6,7,-1
4551227,4666583,7,4,3
4551227,4666583,8,8,0
4551227,4666583,9,9,0
4551227,4666583,10,10,0
4551227,4666583,11,11,0
4551227,4666583,12,12,0
4551227,4666583,13,13,0
6493463,6636331,1,1,0
6493463,6636331,2,2,0
6493463,6636331,6,13,-7
6493463,6636331,13,9,4
5102183,7204280,3,6,-3
5102183,7204280,4,1,3
6332103,7757794,1,5,-4
6332103,7757794,4,3,1
5388061,7712053,8,11,-3
7679639,8704867,7,11,-4
7679639,8704867,10,3,7
7679639,8704867,13,1,12
4777544,8736996,6,7,-1
6606360,7673214,6,11,-5
5268916,5479423,4,6,-2
5268916,5479423,8,5,3
7105183,7198946,2,9,-7
7105183,7198946,8,3,5
7105183,7198946,9,7,2
7105183,7198946,13,6,7
7269431,8543145,1,1,0
7269431,8543145,3,2,1
7269431,8543145,4,4,0
7269431,8543145,5,3,2
7269431,8543145,6,10,-4
5566339,6263362,5,5,0
3969271,5591688,1,5,-4
5317686,5598519,1,5,-4
5317686,5598519,12,3,9
6391732,6884672,1,2,-1
6391732,6884672,3,7,-4
6391732,6884672,5,4,1
6391732,6884672,8,3,5
6391732,6884672,11,1,10
4848460,5279740,7,11,-4
6370690,8028612,2,2,0
6370690,8028612,3,4,-1
4701022,8288711,1,2,-1
4098933,5254611,5,5,0
4098933,5254611,7,4,3
4699365,4860057,9,8,1
3931454,4698240,3,9,-6
6143077,7833352,2,4,-2
5648580,7084318,3,8,-5
4169911,4278729,5,3,2
6630597,7465415,3,1,2
4208157,4896857,8,6,2
4208157,4896857,9,10,-1
4208157,4896857,12,11,1
4383634,8328061,2,3,-1
4383634,8328061,3,6,-3
4383634,8328061,12,13,-1
7168484,7704462,2,1,1
7168484,7704462,3,9,-6
7168484,7704462,4,10,-6
7168484,7704462,6,3,3
5210157,6339114,12,12,0
6394893,6912835,12,3,9
5044066,7247048,3,4,-1
5044066,7247048,6,8,-2
4557934,8273405,10,6,4
6420199,7033858,8,12,-4
6204211,7316986,1,7,-6
6204211,7316986,3,1,2
6204211,7316986,4,2,2
6204211,7316986,5,6,-1
4280838,4358314,1,13,-12
4280838,4358314,9,4,5
4280838,4358314,10,3,7
4280838,4358314,11,8,3
4280838,4358314,13,6,7
7683792,8482404,1,2,-1
7683792,8482404,4,1,3
7683792,8482404,5,3,2
4616933,6271913,1,10,-9
4616933,6271913,3,7,-4
4616933,6271913,5,12,-7
4616933,6271913,11,11,0
4935930,8106405,13,13,0
6092873,6464297,2,1,1
6092873,6464297,3,6,-3
6092873,6464297,9,11,-2
4815787,5277471,1,1,0
4815787,5277471,3,2,1
7008439,7931669,2,1,1
7008439,7931669,3,5,-2
6200977,7589200,6,6,0
5570000,6448740,1,2,-1
5570000,6448740,10,10,0
5570000,6448740,13,8,5
6525350,8088682,11,11,0
6525350,8088682,12,8,4
6626590,8369660,2,7,-5
4329441,4540760,3,2,1
4329441,4540760,4,12,-8
4329441,4540760,6,13,-7
6176881,6524341,2,4,-2
6176881,6524341,3,6,-3
6176881,6524341,4,1,3
6176881,6524341,7,3,4
6176881,6524341,8,12,-4
6176881,6524341,9,13,-4
8151129,8341447,2,1,1
8151129,8341447,3,11,-8
8151129,8341447,4,9,-5
8151129,8341447,5,8,-3
8151129,8341447,7,2,5
8151129,8341447,8,4,4
6178749,7765792,4,5,-1
6178749,7765792,10,12,-2
7089419,7934046,5,11,-6
7089419,7934046,9,7,2
4830111,8122948,1,6,-5
4830111,8122948,8,3,5
4685159,6928673,1,3,-2
4685159,6928673,5,2,3
4846961,5024750,1,8,-7
4846961,5024750,5,13,-8
4846961,5024750,10,7,3
4457675,5290161,1,1,0
6099036,7134693,7,3,4
5645075,8475366,3,1,2
5645075,8475366,10,4,6
6216954,8511556,1,1,0
6216954,8511556,2,4,-2
6216954,8511556,3,3,0
6216954,8511556,4,2,2
6216954,8511556,5,11,-6
7556100,8469103,1,3,-2
7556100,8469103,2,6,-4
7556100,8469103,3,2,1
7556100,8469103,8,8,0
5257000,7489226,3,1,2
5257000,7489226,11,5,6
6332842,7311625,1,6,-5
6332842,7311625,5,3,2
6332842,7311625,9,5,4
5032662,6908672,1,5,-4
5032662,6908672,4,8,-4
5581219,6232859,1,5,-4
5581219,6232859,6,8,-2
5581219,6232859,9,13,-4
6990259,7531786,1,1,0
6990259,7531786,3,3,0
5110130,5344148,4,2,2
5281194,7272881,2,1,1
5281194,7272881,5,11,-6
5281194,7272881,10,3,7
6491321,7806435,1,4,-3
6491321,7806435,2,1,1
6491321,7806435,7,3,4
6491321,7806435,8,5,3
6491321,7806435,10,6,4
5577121,7907935,5,2,3
6173662,7703370,2,1,1
6383225,7914584,3,1,2
6383225,7914584,9,4,5
6383225,7914584,13,3,10
7254309,8378368,3,11,-8
7254309,8378368,5,4,1
7254309,8378368,8,6,2
5362310,8257297,1,1,0
5362310,8257297,6,5,1
5089940,7473008,4,2,2
4166807,4487791,2,1,1
4166807,4487791,3,2,1
7958425,8612826,2,2,0
4964519,5152405,6,8,-2
5234130,7703641,1,6,-5
5234130,7703641,11,1,10
7819710,8439689,4,4,0
4011757,4389902,1,7,-6
4011757,4389902,5,12,-7
4282405,4803730,4,12,-8
4282405,4803730,7,11,-4
5279552,7722595,1,3,-2
5279552,7722595,5,7,-2
4022280,8408313,2,10,-8
4022280,8408313,3,12,-9
6315206,7032817,1,2,-1
5094215,6161770,1,2,-1
5094215,6161770,3,6,-3
4120715,4264447,4,12,-8
4120715,4264447,13,3,10
4453932,8435408,1,13,-12
4453932,8435408,6,4,2
5255877,7469863,1,1,0
5255877,7469863,12,2,10
7152169,8024504,1,1,0
7152169,8024504,12,2,10
4628937,5297549,3,3,0
4628937,5297549,6,2,4
4628937,5297549,8,1,7
4628937,5297549,11,10,1
4027608,6984237,4,1,3
4956582,6984364,11,13,-2
7762681,8376563,1,1,0
7762681,8376563,5,5,0
4548383,8212410,1,12,-11
4759754,5133704,1,1,0
4759754,5133704,4,5,-1
4759754,5133704,5,4,1
4759754,5133704,8,3,5
4759754,5133704,13,9,4
4691462,7823315,7,5,2
4691462,7823315,9,2,7
6839721,8060889,7,1,6
3939890,6929044,1,5,-4
3939890,6929044,8,3,5
3939890,6929044,9,10,-1
3939890,6929044,10,4,6
6321256,6944645,8,12,-4
6852608,8678739,8,2,6
6644854,7083063,2,3,-1
6644854,7083063,4,6,-2
6644854,7083063,5,7,-2
4182581,6336770,1,2,-1
6425334,7571684,1,7,-6
6425334,7571684,5,4,1
6425334,7571684,7,2,5
6425334,7571684,8,3,5
7226845,7759193,1,1,0
7226845,7759193,8,8,0
4398510,5048480,1,13,-12
4398510,5048480,6,5,1
4398510,5048480,12,11,1
4127901,7675799,12,3,9
6859429,7813233,2,1,1
6859429,7813233,13,2,11
5353355,7845259,4,1,3
3957054,5222949,1,4,-3
6171919,6461923,1,3,-2
6171919,6461923,4,11,-7
6171919,6461923,5,4,1
6171919,6461923,6,13,-7
6171919,6461923,7,6,1
6171919,6461923,8,2,6
6171919,6461923,10,1,9
5278889,8670547,6,4,2
5278889,8670547,12,10,2
6929915,8673561,1,1,0
6929915,8673561,2,2,0
6929915,8673561,3,3,0
6929915,8673561,4,4,0
6929915,8673561,5,5,0
6929915,8673561,6,6,0
6929915,8673561,7,7,0
6929915,8673561,8,8,0
6929915,8673561,9,9,0
6929915,8673561,10,10,0
6929915,8673561,11,11,0
6929915,8673561,12,12,0
6929915,8673561,13,13,0
4571056,4814825,12,1,11
6241568,8272907,7,8,-1
7319752,8422684,2,3,-1
5615324,8218873,2,2,0
5615324,8218873,12,8,4
5187643,5330360,5,6,-1
5187643,5330360,11,3,8
6338527,7681292,1,1,0
6338527,7681292,3,7,-4
6338527,7681292,8,12,-4
4931183,5240598,3,5,-2
5456377,8633385,1,2,-1
5456377,8633385,4,10,-6
5456377,8633385,8,6,2
5456377,8633385,11,3,8
5456377,8633385,13,4,9
5583859,8325601,5,4,1
5583859,8325601,6,10,-4
6838998,6947755,4,7,-3
4907544,6499452,1,2,-1
4907544,6499452,3,7,-4
5260610,6545505,1,10,-9
5260610,6545505,2,1,1
5260610,6545505,7,6,1
7093277,8005199,2,3,-1
4150585,4828361,1,1,0
5619648,7409708,7,5,2
7790346,7864205,2,8,-6
7790346,7864205,3,2,1
7790346,7864205,4,12,-8
7790346,7864205,5,6,-1
5624851,7078246,3,9,-6
5624851,7078246,12,10,2
4846802,7044928,1,5,-4
4846802,7044928,6,6,0
4846802,7044928,8,11,-3
4601361,4939969,3,2,1
4601361,4939969,4,5,-1
4601361,4939969,10,7,3
7923476,8580152,1,2,-1
7923476,8580152,7,12,-5
5455944,6334134,1,13,-12
5455944,6334134,5,8,-3
5455944,6334134,7,9,-2
5625651,6229818,1,3,-2
5625651,6229818,13,12,1
4662365,5160335,1,3,-2
4662365,5160335,2,5,-3
4662365,5160335,6,2,4
6406218,6533941,3,6,-3
7724867,8495762,10,5,5
5122685,6646467,1,3,-2
5122685,6646467,2,11,-9
5122685,6646467,9,2,7
5366228,6854733,1,1,0
5366228,6854733,3,7,-4
5366228,6854733,4,6,-2
5366228,6854733,5,9,-4
5366228,6854733,8,5,3
5366228,6854733,12,4,8
5366228,6854733,13,8,5
4333243,4924592,1,3,-2
4238024,4443995,1,5,-4
4238024,4443995,12,1,11
6548465,7202202,6,5,1
6548465,7202202,7,11,-4
5382829,7224056,2,3,-1
5382829,7224056,3,1,2
5382829,7224056,7,6,1
5060348,7222372,3,6,-3
5060348,7222372,4,9,-5
4681111,8542123,7,5,2
6177324,6503793,2,7,-5
6177324,6503793,8,4,4
6166412,6646307,7,12,-5
6166412,6646307,12,9,3
6166412,6646307,13,8,5
8226303,8376765,3,9,-6
4449807,4860043,2,7,-5
4449807,4860043,3,12,-9
4449807,4860043,12,2,10
4449807,4860043,13,11,2
4931934,7360151,1,1,0
4931934,7360151,7,6,1
4315203,4933608,3,9,-6
4315203,4933608,7,2,5
5207712,8394097,1,9,-8
5207712,8394097,2,3,-1
7189647,8158532,6,8,-2
5101256,7074685,2,12,-10
5101256,7074685,3,6,-3
5101256,7074685,4,3,1
5101256,7074685,7,11,-4
5101256,7074685,9,2,7
5101256,7074685,11,8,3
7643884,8187179,3,3,0
5349863,7209569,3,4,-1
5228362,5327796,8,4,4
5228362,5327796,9,1,8
5228362,5327796,13,12,1
5340433,7301120,10,8,2
5218942,6505641,1,2,-1
5218942,6505641,3,5,-2
5218942,6505641,4,3,1
5096455,5413612,2,5,-3
5096455,5413612,4,7,-3
5096455,5413612,5,4,1
5096455,5413612,8,11,-3
4253448,5329936,13,3,10
4943475,5391426,6,13,-7
4943475,5391426,10,6,4
4784815,7111657,1,3,-2
4784815,7111657,6,8,-2
4392666,4901454,1,3,-2
4392666,4901454,2,1,1
4392666,4901454,6,12,-6
4392666,4901454,7,7,0
6174473,8105515,1,1,0
5625237,8049364,1,3,-2
5625237,8049364,2,1,1
5625237,8049364,5,5,0
4071371,4323323,1,1,0
4672287,4926105,1,12,-11
4672287,4926105,9,2,7
4672287,4926105,10,7,3
4672287,4926105,12,9,3
4672287,4926105,13,4,9
5351992,6213668,8,5,3
5351992,6213668,11,3,8
6323306,7425597,1,1,0
6323306,7425597,3,5,-2
6323306,7425597,10,7,3
6323306,7425597,13,9,4
7467003,8676513,1,1,0
7467003,8676513,2,4,-2
7467003,8676513,4,5,-1
7467003,8676513,5,9,-4
7467003,8676513,7,10,-3
4944451,5326017,6,5,1
4944451,5326017,7,6,1
4707151,5493876,1,3,-2
4707151,5493876,6,9,-3
4081274,6194110,2,12,-10
4081274,6194110,12,9,3
5191466,6538690,1,5,-4
5191466,6538690,2,10,-8
5191466,6538690,6,2,4
5191466,6538690,8,4,4
5191466,6538690,12,3,9
6146749,6576681,1,3,-2
6146749,6576681,3,8,-5
6146749,6576681,4,10,-6
5073913,8093564,2,1,1
5073913,8093564,8,5,3
3976739,4064215,1,2,-1
3976739,4064215,3,1,2
4558759,5279380,1,1,0
4558759,5279380,3,3,0
7023215,8533677,12,6,6
5049832,7170343,3,13,-10
5049832,7170343,4,1,3
5049832,7170343,6,3,3
6636847,8688668,1,1,0
5579767,6564085,8,13,-5
5579767,6564085,9,1,8
5579767,6564085,13,3,10
4898224,5201810,1,3,-2
6281874,8000562,2,3,-1
6281874,8000562,6,1,5
6249234,7257506,5,2,3
6249234,7257506,6,3,3
6249234,7257506,7,8,-1
6249234,7257506,10,10,0
6249234,7257506,12,1,11
6125193,7308077,2,4,-2
6125193,7308077,3,11,-8
6125193,7308077,7,13,-6
5625821,7735067,3,4,-1
5625821,7735067,9,12,-3
7006858,8694129,3,5,-2
7006858,8694129,6,4,2
4786965,7030904,5,2,3
4786965,7030904,6,1,5
4938304,7114411,10,7,3
4465037,6349687,2,1,1
4465037,6349687,6,8,-2
4961053,7112985,1,2,-1
6894425,8117907,4,9,-5
6414827,6546296,6,12,-6
6414827,6546296,13,7,6
4207852,4375794,1,7,-6
4207852,4375794,3,3,0
4207852,4375794,5,2,3
4207852,4375794,7,10,-3
4207852,4375794,8,11,-3
4570600,6601564,1,1,0
4570600,6601564,2,2,0
4570600,6601564,4,7,-3
4570600,6601564,13,12,1
6460766,7726570,2,1,1
4273660,6099799,3,1,2
4273660,6099799,5,4,1
5313000,6997997,1,12,-11
5313000,6997997,8,6,2
5259366,8506564,8,5,3
5259366,8506564,10,4,6
7512584,7840514,3,4,-1
7512584,7840514,11,7,4
4520273,6531788,1,4,-3
4520273,6531788,11,12,-1
6224540,8070805,2,2,0
6224540,8070805,9,8,1
3977611,5323972,1,1,0
3977611,5323972,3,6,-3
3977611,5323972,4,8,-4
3977611,5323972,12,4,8
7139743,8626624,2,4,-2
7139743,8626624,5,5,0
6341817,8262159,2,2,0
4528003,5259870,2,2,0
4528003,5259870,4,4,0
4528003,5259870,12,1,11
5341682,6925877,3,3,0
5341682,6925877,8,11,-3
6278940,6950744,7,13,-6
6084574,7119792,6,7,-1
4044833,5129457,1,3,-2
4044833,5129457,2,6,-4
4044833,5129457,4,12,-8
4044833,5129457,6,1,5
4794329,8665102,13,8,5
4712050,5592059,2,5,-3
4712050,5592059,9,8,1
5489908,7119659,8,7,1
5088984,5338314,1,5,-4
5079764,8243204,8,12,-4
5079764,8243204,13,4,9
3989127,8480006,4,2,2
3989127,8480006,11,7,4
5376284,6462250,4,1,3
5376284,6462250,5,13,-8
4193397,8545477,1,1,0
4193397,8545477,2,2,0
4193397,8545477,6,4,2
4193397,8545477,10,3,7
5055975,7043300,1,1,0
5055975,7043300,3,12,-9
5055975,7043300,7,2,5
5538851,7144998,4,5,-1
5538851,7144998,7,8,-1
5388593,6314959,1,1,0
5388593,6314959,2,2,0
7014320,7753566,2,3,-1
7014320,7753566,4,4,0
7014320,7753566,7,7,0
7014320,7753566,9,1,8
6861658,8512386,3,7,-4
6861658,8512386,5,1,4
5057578,7731148,9,2,7
7387121,7721731,6,3,3
7387121,7721731,13,8,5
6960872,7306344,1,1,0
5031836,7815147,6,2,4
6541504,8455656,4,3,1
6541504,8455656,5,4,1
6541504,8455656,7,7,0
6541504,8455656,8,1,7
6541504,8455656,9,2,7
6541504,8455656,10,9,1
5406279,7714747,13,2,11
4978920,6538443,3,4,-1
4978920,6538443,9,3,6
4978920,6538443,13,2,11
5241913,7255048,1,13,-12
5241913,7255048,2,2,0
5241913,7255048,6,1,5
5241913,7255048,7,8,-1
7070596,8361068,4,2,2
7070596,8361068,6,3,3
7070596,8361068,8,1,7
5452265,7123735,1,4,-3
5452265,7123735,2,9,-7
5452265,7123735,6,1,5
4833776,5491890,3,2,1
5086426,5640399,1,4,-3
5086426,5640399,10,8,2
3944678,4699797,1,4,-3
3944678,4699797,7,5,2
5292562,6168867,2,3,-1
5292562,6168867,7,10,-3
5292562,6168867,12,5,7
5357404,6865804,2,3,-1
5357404,6865804,7,4,3
5357404,6865804,10,12,-2
7335199,7678069,3,2,1
7335199,7678069,4,1,3
4547405,6514599,5,5,0
7665341,8516874,2,1,1
7665341,8516874,13,9,4
4255007,8207637,12,5,7
6656467,8012476,2,13,-11
5493621,8565497,3,4,-1
5493621,8565497,7,12,-5
4350810,4774276,1,2,-1
4350810,4774276,2,1,1
4350810,4774276,3,12,-9
4350810,4774276,4,6,-2
6168255,7188925,7,10,-3
6168255,7188925,12,7,5
6914980,8290123,2,1,1
6914980,8290123,5,7,-2
6914980,8290123,7,12,-5
5287420,8502707,1,2,-1
5287420,8502707,13,12,1
5364382,6667425,2,4,-2
5364382,6667425,3,7,-4
5364382,6667425,7,8,-1
6245401,6506186,4,3,1
6245401,6506186,11,4,7
5374806,6416320,1,5,-4
7747493,8589280,5,6,-1
7747493,8589280,7,1,6
7747493,8589280,13,11,2
5233856,5644829,1,12,-11
4943486,5449547,3,4,-1
6159095,8727864,1,4,-3
5437617,7074201,1,12,-11
5437617,7074201,7,6,1
6205359,7860570,1,8,-7
6205359,7860570,4,5,-1
5156641,6224571,5,8,-3
5156641,6224571,10,11,-1
5395317,8337500,8,2,6
5522638,6536825,11,4,7
4107906,5050373,6,1,5
4107906,5050373,8,13,-5
4053737,5237620,13,5,8
5161266,6161228,7,1,6
6167029,6459687,2,7,-5
6167029,6459687,3,1,2
4305463,8689872,11,6,5
6118760,6671277,6,10,-4
7095848,7852874,6,5,1
5289889,8205693,2,13,-11
5289889,8205693,7,12,-5
5289889,8205693,12,2,10
5609627,7588596,1,4,-3
5609627,7588596,3,3,0
6501665,8235734,1,4,-3
6501665,8235734,2,3,-1
6642316,7250471,3,10,-7
6642316,7250471,4,13,-9
6642316,7250471,5,1,4
6642316,7250471,6,7,-1
6642316,7250471,7,9,-2
6642316,7250471,8,5,3
4168601,4704859,1,6,-5
4168601,4704859,9,5,4
4168601,4704859,10,8,2
4436962,4723273,2,1,1
5493335,6166768,3,1,2
5069486,5215338,1,1,0
5069486,5215338,2,2,0
5069486,5215338,3,3,0
5069486,5215338,4,4,0
5069486,5215338,5,5,0
5069486,5215338,6,6,0
5069486,5215338,7,7,0
5069486,5215338,8,8,0
5069486,5215338,9,9,0
5069486,5215338,10,10,0
5069486,5215338,11,11,0
5069486,5215338,12,12,0
5069486,5215338,13,13,0
5569338,6092989,1,1,0
5569338,6092989,3,4,-1
5569338,6092989,5,8,-3
5569338,6092989,6,9,-3
5569338,6092989,7,2,5
4266407,5640855,1,1,0
4266407,5640855,3,6,-3
4266407,5640855,7,3,4
5566045,8410468,5,3,2
5566045,8410468,7,5,2
5566045,8410468,8,6,2
5579643,8684675,2,3,-1
5579643,8684675,3,1,2
5579643,8684675,4,7,-3
5579643,8684675,5,8,-3
5579643,8684675,6,10,-4
5579643,8684675,7,4,3
5579643,8684675,8,5,3
6638532,7122204,3,1,2
6638532,7122204,4,4,0
6638532,7122204,9,2,7
6638532,7122204,12,10,2
6291950,7733045,1,7,-6
6291950,7733045,2,13,-11
6291950,7733045,3,3,0
6291950,7733045,4,5,-1
6291950,7733045,5,10,-5
6291950,7733045,7,1,6
5248495,7939480,2,6,-4
5248495,7939480,3,2,1
5248495,7939480,9,1,8
4997904,7674285,7,2,5
4997904,7674285,9,1,8
4230118,8216154,10,8,2
4780759,8369967,8,11,-3
6407471,7723892,3,3,0
6407471,7723892,8,1,7
5387197,6120501,1,4,-3
5387197,6120501,2,1,1
5387197,6120501,4,3,1
5387197,6120501,5,2,3
4242271,8262867,3,1,2
4242271,8262867,4,11,-7
4792863,4903132,2,1,1
4792863,4903132,3,3,0
4792863,4903132,5,9,-4
4792863,4903132,6,11,-5
4792863,4903132,10,12,-2
4825052,7357331,3,1,2
4396680,6579397,3,2,1
4396680,6579397,12,7,5
4396680,6579397,13,12,1
4912949,7052334,1,2,-1
4912949,7052334,2,1,1
5318197,7750817,6,2,4
5318197,7750817,7,1,6
5318197,7750817,8,13,-5
5078683,8197444,8,1,7
5078683,8197444,9,11,-2
4843218,7279661,1,1,0
4843218,7279661,3,2,1
4563274,7033495,2,3,-1
6517243,8262830,6,8,-2
6517243,8262830,8,2,6
4027703,5411064,7,1,6
4891293,5348830,1,5,-4
4891293,5348830,10,4,6
5126634,7135824,12,4,8
6114864,7075320,1,1,0
7556406,8602607,6,2,4
7556406,8602607,7,3,4
7556406,8602607,9,1,8
5438241,8415660,7,1,6
5438241,8415660,11,10,1
4091925,7093712,4,4,0
4091925,7093712,13,8,5
7687280,8067226,1,1,0
7687280,8067226,2,2,0
7687280,8067226,3,3,0
7687280,8067226,4,4,0
7687280,8067226,5,5,0
7687280,8067226,6,6,0
7687280,8067226,7,7,0
7687280,8067226,8,8,0
7687280,8067226,9,9,0
7687280,8067226,10,10,0
7687280,8067226,11,11,0
7687280,8067226,12,12,0
7687280,8067226,13,13,0
4699239,7712571,5,11,-6
4699239,7712571,10,10,0
4699239,7712571,12,8,4
5393540,8247010,1,1,0
5393540,8247010,4,5,-1
5393540,8247010,5,8,-3
5393540,8247010,12,4,8
4793348,6656219,3,6,-3
4793348,6656219,13,4,9
7158325,7675707,2,6,-4
7158325,7675707,3,3,0
5253010,7926173,10,2,8
4980114,5153264,1,1,0
4980114,5153264,2,2,0
4980114,5153264,3,3,0
4980114,5153264,4,4,0
4980114,5153264,5,5,0
4980114,5153264,6,6,0
4980114,5153264,7,8,-1
5127092,7111290,1,3,-2
5127092,7111290,5,5,0
4111666,5369916,7,1,6
4111666,5369916,13,6,7
5193029,7579940,6,5,1
5193029,7579940,9,2,7
5193029,7579940,13,13,0
6151110,7964340,1,6,-5
7775526,8276916,1,1,0
7775526,8276916,2,2,0
7775526,8276916,3,3,0
7775526,8276916,4,4,0
7775526,8276916,5,5,0
7775526,8276916,6,6,0
7775526,8276916,7,7,0
7775526,8276916,8,8,0
7775526,8276916,9,9,0
7775526,8276916,10,10,0
7775526,8276916,11,11,0
7775526,8276916,12,12,0
7775526,8276916,13,13,0
4765331,6468272,1,2,-1
4765331,6468272,2,3,-1
4452236,5231989,4,5,-1
4452236,5231989,6,3,3
7192892,7790627,2,3,-1
7192892,7790627,3,8,-5
7192892,7790627,6,6,0
7192892,7790627,12,2,10
6204864,7149857,5,3,2
6204864,7149857,12,1,11
6611734,7429843,1,3,-2
6611734,7429843,2,2,0
6611734,7429843,4,7,-3
6611734,7429843,11,6,5
4965596,8567903,2,2,0
4965596,8567903,7,3,4
6174801,6436810,2,1,1
6174801,6436810,4,5,-1
6174801,6436810,10,4,6
6961239,7852619,11,10,1
4074376,8069515,1,1,0
6487463,8082069,2,9,-7
6487463,8082069,4,10,-6
6487463,8082069,6,6,0
6487463,8082069,8,3,5
4927858,5173514,9,4,5
4863792,5302099,9,3,6
6118762,7697522,3,13,-10
6118762,7697522,9,12,-3
4883547,8029723,3,9,-6
4818822,6232553,1,2,-1
4818822,6232553,2,3,-1
4818822,6232553,3,4,-1
3972081,7257850,2,11,-9
7403188,7962169,1,1,0
7403188,7962169,2,2,0
7403188,7962169,4,6,-2
7403188,7962169,6,5,1
7403188,7962169,7,3,4
7403188,7962169,9,4,5
7403188,7962169,11,7,4
4640488,5251864,1,13,-12
4640488,5251864,2,3,-1
4640488,5251864,4,2,2
5453479,8030435,7,2,5
4995935,5401354,5,2,3
5138599,5495458,1,6,-5
5138599,5495458,7,13,-6
4995735,7055439,2,12,-10
4995735,7055439,4,4,0
4995735,7055439,7,5,2
4995735,7055439,11,9,2
4619699,5549951,7,2,5
4619699,5549951,10,9,1
5059922,8600315,4,7,-3
5059922,8600315,6,3,3
5059922,8600315,7,5,2
5059922,8600315,8,6,2
6119022,8421607,5,1,4
6119022,8421607,7,3,4
6119022,8421607,9,13,-4
7161798,8264830,2,4,-2
7161798,8264830,4,6,-2
7161798,8264830,5,3,2
7161798,8264830,11,1,10
5654765,7623532,1,11,-10
5231858,6604663,1,5,-4
4434902,4664272,1,10,-9
4434902,4664272,2,1,1
4434902,4664272,13,3,10
4321533,5153504,1,3,-2
4321533,5153504,2,6,-4
4321533,5153504,3,5,-2
6163296,6507315,1,8,-7
6163296,6507315,3,1,2
6163296,6507315,4,2,2
6163296,6507315,8,9,-1
6338442,8413912,2,1,1
6338442,8413912,4,8,-4
6338442,8413912,8,11,-3
4285316,6253739,1,1,0
4285316,6253739,6,2,4
5160303,7497812,2,1,1
6565569,7763047,10,6,4
4321289,5401586,7,7,0
6199073,7738658,1,2,-1
6199073,7738658,8,5,3
5295481,7056296,1,2,-1
5295481,7056296,2,5,-3
5295481,7056296,11,7,4
5434623,8279940,1,5,-4
4102040,7103964,4,5,-1
4322945,8353166,4,4,0
4322945,8353166,13,5,8
4400123,5120174,1,1,0
4400123,5120174,4,6,-2
5079421,6080116,3,2,1
6279153,7409685,4,2,2
6279153,7409685,10,3,7
6279153,7409685,11,10,1
4536536,4663101,1,1,0
4536536,4663101,2,4,-2
4536536,4663101,4,5,-1
4536536,4663101,5,6,-1
4924575,7779739,3,7,-4
7017294,8424115,1,1,0
5395482,7819058,6,10,-4
5395482,7819058,9,13,-4
5538729,6129923,3,3,0
5538729,6129923,4,5,-1
5538729,6129923,7,10,-3
5538729,6129923,9,11,-2
5538729,6129923,12,9,3
5077665,7610240,2,1,1
5637959,7446327,1,5,-4
5637959,7446327,13,7,6
6778181,8284310,8,7,1
6778181,8284310,13,10,3
4104289,4666063,4,7,-3
7124129,8694385,1,1,0
7124129,8694385,2,2,0
7124129,8694385,3,3,0
7124129,8694385,4,4,0
7124129,8694385,5,5,0
7124129,8694385,6,9,-3
7124129,8694385,7,6,1
7124129,8694385,8,7,1
7124129,8694385,9,8,1
7124129,8694385,10,10,0
7124129,8694385,11,11,0
7124129,8694385,13,12,1
4948511,7150831,1,3,-2
4948511,7150831,9,2,7
6433931,6671097,1,5,-4
6433931,6671097,4,1,3
6433931,6671097,6,12,-6
6433931,6671097,8,6,2
6433931,6671097,10,7,3
6433931,6671097,11,2,9
6433931,6671097,12,3,9
6433931,6671097,13,8,5
7462175,8388642,4,1,3
7462175,8388642,5,9,-4
5298124,6527916,6,1,5
5298124,6527916,7,11,-4
6495736,7758858,2,1,1
6495736,7758858,4,4,0
6495736,7758858,5,7,-2
6495736,7758858,9,10,-1
6495736,7758858,10,13,-3
6183927,6972166,1,1,0
6183927,6972166,5,2,3
6183927,6972166,9,9,0
5525967,7576693,6,5,1
5525967,7576693,7,6,1
5525967,7576693,9,1,8
5243415,7593687,3,13,-10
5243415,7593687,8,9,-1
5243415,7593687,11,2,9
4184678,4691694,2,13,-11
4184678,4691694,9,8,1
7265512,7586279,1,2,-1
7265512,7586279,2,4,-2
7265512,7586279,5,1,4
7265512,7586279,7,3,4
5080001,6994621,5,13,-8
5080001,6994621,9,3,6
4720516,5312867,5,6,-1
4720516,5312867,6,11,-5
4720516,5312867,7,13,-6
4720516,5312867,11,1,10
6480954,7532032,4,3,1
6480954,7532032,5,1,4
6480954,7532032,11,5,6
6397359,8274905,6,1,5
6397359,8274905,13,13,0
4243167,4610739,2,3,-1
4243167,4610739,6,1,5
4243167,4610739,7,5,2
4243167,4610739,10,9,1
5298685,6300575,4,1,3
5298685,6300575,6,5,1
5298685,6300575,9,12,-3
6908038,7310692,2,1,1
6908038,7310692,3,5,-2
6908038,7310692,6,2,4
7269761,8659990,5,4,1
5217473,8409223,5,4,1
6444507,7011996,1,2,-1
6444507,7011996,8,9,-1
6444507,7011996,9,6,3
6444507,7011996,13,1,12
4844424,6499435,1,2,-1
4844424,6499435,6,5,1
4844424,6499435,10,1,9
6066165,7792590,1,2,-1
6066165,7792590,4,7,-3
6439995,7331863,4,5,-1
6439995,7331863,7,2,5
7575477,8674604,5,4,1
7575477,8674604,7,1,6
5214370,7039533,2,1,1
5214370,7039533,9,9,0
4789904,7655894,2,7,-5
5123960,6332918,3,2,1
5404442,6097391,11,3,8
5195935,6302830,7,12,-5
6091992,7107100,2,5,-3
6091992,7107100,4,1,3
6091992,7107100,6,7,-1
6887555,8615945,2,1,1
4403821,7402064,8,3,5
5521102,7097983,2,1,1
5521102,7097983,5,3,2
5521102,7097983,9,5,4
6558194,7828595,1,1,0
6558194,7828595,3,2,1
6558194,7828595,4,5,-1
6558194,7828595,7,4,3
6139686,8524040,1,1,0
6139686,8524040,2,3,-1
6139686,8524040,5,11,-6
4017051,4524604,1,1,0
4627069,5304701,2,9,-7
4627069,5304701,3,10,-7
4627069,5304701,13,1,12
5046069,5260936,2,1,1
5046069,5260936,5,5,0
5046069,5260936,7,3,4
5550705,7344981,4,8,-4
5550705,7344981,5,5,0
4369748,5271265,1,1,0
4369748,5271265,3,2,1
4120918,4271095,6,2,4
4120918,4271095,7,3,4
4014378,4887394,3,1,2
4014378,4887394,10,6,4
4941586,6257401,6,11,-5
4941586,6257401,10,12,-2
4941586,6257401,12,4,8
5429534,7056173,5,6,-1
7416883,8530184,2,1,1
7416883,8530184,7,4,3
7416883,8530184,8,8,0
7825388,8637818,1,8,-7
7825388,8637818,3,6,-3
7825388,8637818,4,7,-3
4827173,8742642,2,5,-3
4827173,8742642,3,1,2
4827173,8742642,5,2,3
4827173,8742642,6,8,-2
3984812,5305452,3,10,-7
3984812,5305452,9,9,0
5153475,7679247,3,3,0
5153475,7679247,8,2,6
5153475,7679247,12,5,7
4286323,4926255,1,3,-2
4286323,4926255,13,9,4
6419515,7387545,3,8,-5
6419515,7387545,8,10,-2
6419515,7387545,10,2,8
4621551,7187158,8,2,6
5005887,6406079,1,1,0
5005887,6406079,7,13,-6
6012310,7373795,5,10,-5
4298865,4362392,13,13,0
5019660,5498812,6,1,5
6361546,8052716,2,3,-1
6361546,8052716,3,1,2
6361546,8052716,4,5,-1
6361546,8052716,9,7,2
4002058,4539845,1,8,-7
4002058,4539845,7,1,6
5579579,7521830,3,6,-3
4394725,7539190,7,11,-4
6879670,7764775,13,2,11
4572512,4696474,1,1,0
4572512,4696474,2,2,0
4572512,4696474,3,3,0
4572512,4696474,4,4,0
4572512,4696474,5,5,0
4572512,4696474,6,7,-1
4572512,4696474,7,9,-2
4572512,4696474,8,10,-2
4572512,4696474,9,6,3
4572512,4696474,10,11,-1
4572512,4696474,11,12,-1
4572512,4696474,12,8,4
4024654,5083388,1,3,-2
4024654,5083388,2,1,1
4024654,5083388,3,2,1
6523696,7478153,2,2,0
6523696,7478153,5,3,2
6523696,7478153,7,7,0
6523696,7478153,11,9,2
5053757,8274479,1,1,0
4395357,4917802,9,4,5
5347653,5623662,7,2,5
5210795,5619574,4,3,1
5210795,5619574,11,13,-2
7471320,8542264,8,1,7
7471320,8542264,10,2,8
5217014,6314315,12,8,4
5250033,7798999,3,4,-1
5250033,7798999,11,2,9
5250033,7798999,12,1,11
6324656,7627891,1,9,-8
6324656,7627891,6,5,1
6324656,7627891,8,7,1
4816025,5620431,3,8,-5
4816025,5620431,4,3,1
4816025,5620431,5,10,-5
4826297,7692749,3,1,2
4826297,7692749,5,3,2
4797051,7717471,5,12,-7
4797051,7717471,9,9,0
6062980,8740689,3,13,-10
6062980,8740689,5,9,-4
6062980,8740689,10,3,7
4236855,4720958,8,11,-3
4744787,7890164,1,1,0
4744787,7890164,2,11,-9
6220961,7476152,1,1,0
6220961,7476152,5,4,1
6220961,7476152,6,7,-1
6220961,7476152,9,3,6
6090064,7854726,2,1,1
6090064,7854726,4,6,-2
4877541,5019286,3,12,-9
6236881,8705042,1,7,-6
6236881,8705042,10,5,5
4771295,5182579,1,1,0
6199112,6976134,2,3,-1
5522388,7658652,13,6,7
4915694,8293965,3,1,2
4915694,8293965,8,2,6
4915694,8293965,10,11,-1
5066559,7144671,1,1,0
5066559,7144671,4,6,-2
5066559,7144671,5,8,-3
5066559,7144671,11,2,9
6653237,7832354,8,3,5
5404464,6108737,4,8,-4
5404464,6108737,10,7,3
5603043,8291390,7,3,4
7506791,8292155,6,4,2
7506791,8292155,7,1,6
7506791,8292155,9,9,0
7506791,8292155,10,13,-3
6230260,8499124,3,1,2
4749203,5302466,8,1,7
7319244,8214084,9,3,6
7299186,7599580,2,1,1
7299186,7599580,7,6,1
7507517,8394562,1,2,-1
7507517,8394562,8,11,-3
4220150,8235046,1,1,0
6896553,7052329,1,1,0
6896553,7052329,5,10,-5
6896553,7052329,7,13,-6
6896553,7052329,13,11,2
4851375,5654246,1,1,0
4851375,5654246,2,3,-1
4851375,5654246,3,4,-1
4851375,5654246,4,2,2
4851375,5654246,5,8,-3
4851375,5654246,6,13,-7
4851375,5654246,7,5,2
4851375,5654246,8,9,-1
4851375,5654246,10,11,-1
4851375,5654246,13,7,6
6558986,8198704,5,7,-2
6558986,8198704,6,11,-5
6558986,8198704,8,10,-2
6558986,8198704,13,4,9
6464332,7044585,1,1,0
6464332,7044585,2,6,-4
6464332,7044585,7,11,-4
6464332,7044585,9,13,-4
6189333,6869107,4,2,2
5095848,6090205,1,1,0
4875760,6185055,1,2,-1
5295154,8218514,4,2,2
5295154,8218514,6,8,-2
5295154,8218514,7,5,2
6941393,8745105,5,10,-5
4766534,5247613,2,2,0
4766534,5247613,8,8,0
4766534,5247613,13,9,4
4956680,6862050,2,8,-6
4956680,6862050,3,9,-6
4956680,6862050,4,12,-8
4956680,6862050,7,4,3
6092604,8291971,2,3,-1
6507661,7558755,4,5,-1
6507661,7558755,8,13,-5
4783350,4920580,1,4,-3
6143223,7544053,1,2,-1
6143223,7544053,4,3,1
4128702,4710437,3,11,-8
4552548,4838845,1,8,-7
4552548,4838845,2,1,1
4552548,4838845,4,7,-3
4552548,4838845,5,3,2
6437586,7256595,3,3,0
6437586,7256595,7,2,5
5239983,8128558,1,2,-1
5239983,8128558,3,4,-1
5239983,8128558,13,9,4
6294420,7662729,5,4,1
6294420,7662729,9,3,6
5582376,6604637,2,1,1
5582376,6604637,4,9,-5
5582376,6604637,6,3,3
5217021,7653430,1,2,-1
5217021,7653430,3,3,0
4184394,6463837,1,1,0
4184394,6463837,2,4,-2
4184394,6463837,5,11,-6
4184394,6463837,6,5,1
5012822,7689290,9,2,7
5012822,7689290,12,8,4
5391356,6889450,4,11,-7
5391356,6889450,9,6,3
6125521,7857388,2,11,-9
5140379,5339136,1,4,-3
5140379,5339136,2,1,1
5140379,5339136,4,5,-1
5140379,5339136,5,8,-3
5140379,5339136,11,6,5
5112106,7077476,6,2,4
4566091,4811321,1,5,-4
4566091,4811321,6,1,5
4179078,7185842,1,4,-3
4179078,7185842,10,1,9
4179078,7185842,11,8,3
6168523,7625278,2,10,-8
6168523,7625278,4,1,3
6168523,7625278,6,9,-3
6085996,7028916,3,4,-1
6085996,7028916,4,1,3
7838153,8642213,4,9,-5
7838153,8642213,11,6,5
6252864,6519473,1,2,-1
6252864,6519473,4,3,1
6252864,6519473,5,6,-1
5034053,5326380,1,8,-7
5034053,5326380,2,7,-5
4933372,7094369,2,4,-2
4933372,7094369,7,3,4
5490984,6423058,3,3,0
6518679,8340576,11,8,3
6518679,8340576,12,11,1
6945024,8146338,2,1,1
6945024,8146338,3,6,-3
6945024,8146338,9,7,2
6076587,7836937,1,3,-2
6119331,7549213,2,3,-1
6119331,7549213,5,4,1
6119331,7549213,9,8,1
6326920,7492325,1,6,-5
6326920,7492325,6,8,-2
6326920,7492325,12,11,1
4858648,6095191,3,9,-6
4858648,6095191,4,6,-2
4858648,6095191,5,11,-6
4858648,6095191,6,12,-6
7143193,8028091,1,12,-11
7143193,8028091,2,8,-6
7292661,7764732,8,8,0
4128083,6199519,1,2,-1
4128083,6199519,2,13,-11
4128083,6199519,3,5,-2
4128083,6199519,9,3,6
4128083,6199519,11,9,2
6488763,8261827,1,4,-3
6488763,8261827,5,13,-8
6488763,8261827,9,7,2
7483492,7983678,2,3,-1
7483492,7983678,3,2,1
7483492,7983678,6,13,-7
7789594,8651771,2,2,0
7789594,8651771,6,1,5
7789594,8651771,12,7,5
6350630,8230743,2,2,0
6350630,8230743,3,7,-4
6154826,7257810,7,8,-1
6216805,8453497,1,3,-2
7035569,7277661,4,2,2
6055035,7522253,1,1,0
6055035,7522253,3,2,1
6055035,7522253,6,7,-1
6055035,7522253,13,10,3
6246552,7684158,3,1,2
6246552,7684158,5,6,-1
6246552,7684158,6,4,2
6246552,7684158,7,5,2
5165407,7497827,1,9,-8
5165407,7497827,4,4,0
6515456,8031453,1,8,-7
7627049,8416889,2,2,0
7627049,8416889,3,5,-2
7627049,8416889,7,1,6
7627049,8416889,8,3,5
6571310,8667189,1,2,-1
6571310,8667189,7,1,6
4127097,7086390,1,3,-2
4127097,7086390,6,2,4
4765437,5625172,1,12,-11
4765437,5625172,7,7,0
6328081,6505653,3,1,2
6328081,6505653,5,6,-1
6328081,6505653,7,12,-5
4994903,8093507,1,6,-5
4994903,8093507,9,5,4
6402148,7806763,3,6,-3
6402148,7806763,8,7,1
5483594,5638311,1,7,-6
5483594,5638311,9,5,4
5483594,5638311,12,1,11
4273128,8048093,6,1,5
4273128,8048093,8,4,4
6356949,8649521,2,3,-1
6356949,8649521,5,12,-7
7518226,8610260,5,3,2
4789904,8637801,2,1,1
4173328,5241990,1,3,-2
4173328,5241990,3,1,2
5164566,6072150,10,6,4
6071923,6495719,7,8,-1
6071923,6495719,8,1,7
6071923,6495719,9,2,7
4221926,6093893,8,13,-5
5632465,7552906,1,3,-2
5632465,7552906,2,1,1
5632465,7552906,4,6,-2
5632465,7552906,5,5,0
5632465,7552906,7,4,3
5632465,7552906,8,8,0
5632465,7552906,11,12,-1
5632465,7552906,13,10,3
6208720,7117191,2,13,-11
6208720,7117191,3,11,-8
4680335,5034462,5,8,-3
4680335,5034462,11,1,10
4939310,7880041,3,2,1
4939310,7880041,7,13,-6
6495306,7527909,2,1,1
6495306,7527909,8,5,3
5488236,6037632,4,5,-1
5536574,6607852,2,10,-8
5536574,6607852,12,6,6
7368843,8097972,11,3,8
7368843,8097972,12,11,1
7066552,8267475,6,13,-7
5058909,7695352,7,4,3
4642808,5001715,6,1,5
4642808,5001715,7,3,4
5245766,7244483,2,7,-5
6131190,7660800,6,9,-3
6131190,7660800,8,1,7
6131190,7660800,12,5,7
6510458,7757240,6,3,3
4933599,5283694,1,4,-3
7169196,8741798,2,10,-8
7169196,8741798,10,6,4
6063007,7213885,3,2,1
6871180,8055012,5,10,-5
6871180,8055012,8,2,6
7446010,8208284,4,10,-6
4432357,6193753,2,9,-7
6363677,7908816,5,8,-3
6291384,7232785,1,5,-4
6291384,7232785,7,7,0
4538331,5273708,3,6,-3
5582977,6479303,5,13,-8
5582977,6479303,10,3,7
4946060,5320147,3,3,0
4946060,5320147,12,4,8
6290778,7837750,9,6,3
7059520,7721956,2,3,-1
4424492,6487221,1,11,-10
4043856,8453681,7,8,-1
6118675,7564903,7,4,3
5165635,5421549,1,6,-5
5165635,5421549,10,1,9
5200189,8020520,4,6,-2
5200189,8020520,7,4,3
7559057,8046754,2,7,-5
4215834,7690596,4,3,1
6670276,7914692,5,3,2
4564662,7517486,4,10,-6
5397126,7850543,5,3,2
5397126,7850543,11,5,6
6663881,7682387,1,4,-3
6663881,7682387,13,2,11
4133441,6447498,1,2,-1
4133441,6447498,3,4,-1
4681546,6314372,1,1,0
6662570,7679203,1,1,0
4945109,6140370,13,11,2
7692993,8254197,2,1,1
7692993,8254197,4,11,-7
7692993,8254197,6,2,4
7692993,8254197,8,8,0
5637090,6595991,1,6,-5
5637090,6595991,6,1,5
4879484,5300848,2,6,-4
4879484,5300848,5,2,3
4879484,5300848,6,7,-1
4854747,5052829,2,3,-1
4854747,5052829,12,4,8
5438329,6611548,10,3,7
5438329,6611548,11,4,7
4780615,5300786,6,4,2
6094425,8331282,5,12,-7
5477891,7628180,1,4,-3
5477891,7628180,2,8,-6
4882823,7334332,4,11,-7
4882823,7334332,12,3,9
7763948,8653672,4,9,-5
7763948,8653672,7,3,4
6484059,7917225,2,3,-1
5194264,6663876,5,1,4
7362056,8110988,1,2,-1
7362056,8110988,2,3,-1
7362056,8110988,3,6,-3
7362056,8110988,4,11,-7
7362056,8110988,7,5,2
7362056,8110988,9,1,8
7362056,8110988,10,4,6
6948092,8191099,2,1,1
6144054,8143123,5,1,4
6144054,8143123,6,10,-4
4858613,8409102,1,5,-4
6545909,7630237,3,13,-10
6545909,7630237,6,4,2
4796189,6240295,6,13,-7
5127066,6377378,2,1,1
5127066,6377378,4,2,2
4184510,8663132,9,4,5
6889510,7624391,2,3,-1
6424721,8331594,2,3,-1
6424721,8331594,3,4,-1
5646518,6018235,12,1,11
4799507,8500420,4,2,2
4794721,7757426,1,1,0
4794721,7757426,3,2,1
4794721,7757426,13,7,6
4762122,5549612,9,2,7
6648307,7862700,2,9,-7
6648307,7862700,5,1,4
4116451,6561517,2,3,-1
4116451,6561517,3,8,-5
4116451,6561517,5,4,1
4343371,7086488,2,3,-1
4343371,7086488,4,4,0
4263606,7115495,3,1,2
4263606,7115495,5,10,-5
4631623,6452772,4,3,1
4675918,7000261,8,13,-5
4675918,7000261,12,5,7
5253832,8570723,4,3,1
5253832,8570723,13,2,11
4426923,5253569,6,1,5
4849462,6316516,5,1,4
4849462,6316516,7,2,5
4849462,6316516,10,5,5
4301012,5059326,1,1,0
6859791,8473613,4,7,-3
6859791,8473613,12,10,2
5092648,7686383,9,8,1
7733820,8355451,3,7,-4
7733820,8355451,7,2,5
7733820,8355451,10,1,9
7157771,7528436,1,5,-4
7157771,7528436,3,10,-7
7157771,7528436,5,3,2
5052873,6450492,3,5,-2
4128421,6576069,1,1,0
4128421,6576069,5,10,-5
4128421,6576069,11,2,9
4997193,6543787,1,2,-1
4997193,6543787,6,9,-3
4997193,6543787,8,3,5
3970725,4165406,1,1,0
3970725,4165406,2,2,0
3970725,4165406,3,3,0
3970725,4165406,4,4,0
3970725,4165406,5,12,-7
3970725,4165406,6,5,1
3970725,4165406,7,6,1
3970725,4165406,8,7,1
3970725,4165406,9,8,1
3970725,4165406,10,9,1
3970725,4165406,11,10,1
3970725,4165406,12,11,1
3970725,4165406,13,13,0
7149713,7873555,6,9,-3
7149713,7873555,7,2,5
4751660,6356296,4,12,-8
5434965,7496829,2,6,-4
5434965,7496829,10,12,-2
5433296,6072389,1,1,0
5433296,6072389,6,8,-2
5549292,7681880,1,1,0
5549292,7681880,2,13,-11
5549292,7681880,8,6,2
4914657,8352805,6,1,5
5596745,7653652,1,5,-4
5596745,7653652,2,1,1
4549606,8550152,9,12,-3
6063061,7727547,2,2,0
5582567,7686390,11,6,5
5418076,5598399,1,6,-5
5418076,5598399,2,4,-2
5418076,5598399,3,11,-8
5418076,5598399,6,7,-1
5418076,5598399,7,2,5
5418076,5598399,8,1,7
5418076,5598399,13,3,10
6840940,8211150,5,7,-2
6209953,6481791,2,2,0
6209953,6481791,3,8,-5
6209953,6481791,4,5,-1
6209953,6481791,6,12,-6
6209953,6481791,7,13,-6
6423885,7385046,5,1,4
6195788,7073159,2,1,1
6195788,7073159,7,2,5
8355728,8649356,5,5,0
8355728,8649356,6,4,2
8355728,8649356,8,12,-4
6416486,8608045,5,5,0
4227631,5323935,3,2,1
4227631,5323935,7,8,-1
4459474,6483427,9,3,6
5098435,6916248,2,6,-4
5015546,6600291,1,2,-1
5015546,6600291,2,4,-2
5015546,6600291,3,1,2
5015546,6600291,8,3,5
4628098,6180652,1,6,-5
4628098,6180652,9,5,4
4825894,4984600,4,1,3
5225852,7367668,7,3,4
5225852,7367668,8,8,0
6299061,7159762,8,12,-4
7192429,8574277,7,3,4
7460964,7707001,3,5,-2
7460964,7707001,5,11,-6
6194425,8088788,3,2,1
6194425,8088788,6,10,-4
6194425,8088788,8,12,-4
7799675,8581349,1,10,-9
7799675,8581349,7,6,1
7407330,8224144,1,2,-1
7407330,8224144,2,3,-1
7407330,8224144,3,1,2
7407330,8224144,4,4,0
7407330,8224144,6,5,1
7407330,8224144,10,8,2
4747103,5325373,8,7,1
6571445,7780597,1,3,-2
4906651,6576230,1,1,0
4906651,6576230,2,3,-1
4906651,6576230,3,12,-9
4906651,6576230,4,6,-2
4906651,6576230,5,7,-2
4906651,6576230,8,11,-3
6127199,8309379,2,2,0
6127199,8309379,4,12,-8
6127199,8309379,11,9,2
4366253,7592278,6,3,3
6460055,8516034,10,6,4
6460055,8516034,11,8,3
5343206,7782184,1,5,-4
5343206,7782184,9,4,5
4541503,7028801,5,1,4
4541503,7028801,6,5,1
4541503,7028801,8,11,-3
4541503,7028801,11,2,9
5360445,6089235,2,5,-3
5360445,6089235,10,4,6
7806900,8246628,1,1,0
7806900,8246628,2,2,0
7806900,8246628,3,3,0
7806900,8246628,4,4,0
7806900,8246628,5,5,0
7806900,8246628,6,6,0
7806900,8246628,7,7,0
7806900,8246628,8,8,0
7806900,8246628,9,9,0
7806900,8246628,10,10,0
7806900,8246628,11,11,0
7806900,8246628,12,12,0
7806900,8246628,13,13,0
7734476,8606659,1,2,-1
5638193,7411708,1,3,-2
5638193,7411708,2,4,-2
5638193,7411708,4,6,-2
5638193,7411708,8,9,-1
5253648,5577508,4,10,-6
5253648,5577508,10,8,2
5253648,5577508,11,1,10
7718104,8277706,13,7,6
6330355,7175951,4,4,0
6330355,7175951,9,7,2
6330355,7175951,10,13,-3
6330355,7175951,11,8,3
4956539,7799665,3,1,2
4956539,7799665,5,3,2
4956539,7799665,8,6,2
4868893,6515594,10,9,1
4868893,6515594,12,2,10
5416053,6232416,7,13,-6
5416053,6232416,12,9,3
6438553,8495639,1,1,0
6438553,8495639,2,4,-2
6438553,8495639,4,10,-6
5619137,6072311,12,5,7
4785741,4978089,1,5,-4
4785741,4978089,2,6,-4
4785741,4978089,5,2,3
4785741,4978089,9,7,2
4429747,8276674,4,7,-3
4429747,8276674,8,12,-4
6171647,7002800,9,3,6
6171647,7002800,10,9,1
6498377,7973370,2,3,-1
4678294,8267534,1,1,0
4678294,8267534,2,9,-7
4678294,8267534,9,4,5
4678294,8267534,13,10,3
4524464,4638511,1,1,0
4524464,4638511,6,3,3
4958485,6410139,2,1,1
4958485,6410139,3,4,-1
4958485,6410139,5,5,0
4958485,6410139,7,3,4
6277014,6494984,1,6,-5
6277014,6494984,7,11,-4
6277014,6494984,10,1,9
4324856,5496681,1,1,0
4324856,5496681,2,2,0
4324856,5496681,3,3,0
4324856,5496681,5,9,-4
4941766,5088342,6,5,1
4941766,5088342,9,2,7
6315195,8074872,5,6,-1
5138234,6181083,1,2,-1
5138234,6181083,4,4,0
5138234,6181083,6,9,-3
4453900,6450771,2,1,1
4453900,6450771,10,4,6
4570301,7310926,4,2,2
6608353,6972435,11,1,10
6608353,6972435,12,12,0
7386982,8683988,4,1,3
4768910,7654909,2,6,-4
4768910,7654909,3,5,-2
4768910,7654909,5,8,-3
4768910,7654909,7,1,6
4005668,4751948,5,5,0
5583704,7874060,2,1,1
5583704,7874060,4,7,-3
4956838,5323458,2,1,1
4956838,5323458,4,2,2
4956838,5323458,7,8,-1
6317837,8606917,6,1,5
4131670,4457682,12,2,10
6332147,8113844,3,10,-7
6332147,8113844,5,3,2
5362173,7726528,1,1,0
5362173,7726528,2,2,0
6392418,7119530,2,2,0
6392418,7119530,3,1,2
6392418,7119530,7,4,3
6489561,7057308,4,7,-3
6489561,7057308,5,2,3
6489561,7057308,6,8,-2
6489561,7057308,8,3,5
4747667,6473238,1,13,-12
4747667,6473238,6,5,1
4747667,6473238,8,1,7
4747667,6473238,9,7,2
6532556,8156403,3,3,0
6532556,8156403,4,4,0
6532556,8156403,13,11,2
6542674,8202008,4,3,1
6542674,8202008,6,2,4
5139295,8720924,4,3,1
5201050,5519866,2,7,-5
5201050,5519866,3,1,2
5201050,5519866,7,9,-2
5201050,5519866,10,4,6
6196259,6840268,12,10,2
6423628,7071021,11,4,7
4872867,7462165,9,8,1
4847386,5321042,8,11,-3
5060757,5349795,4,5,-1
5341620,7357615,3,1,2
4976724,8021383,1,1,0
4976724,8021383,8,6,2
4991488,7767902,1,1,0
4991488,7767902,5,13,-8
4991488,7767902,11,2,9
6903506,8729795,2,2,0
6903506,8729795,4,3,1
6903506,8729795,8,9,-1
4686592,8213115,1,4,-3
4686592,8213115,5,7,-2
6909671,7969314,7,1,6
6909671,7969314,11,12,-1
4845543,7314781,2,4,-2
6119932,7072864,4,1,3
7828610,8540535,1,5,-4
7828610,8540535,4,6,-2
7828610,8540535,10,7,3
7828610,8540535,11,1,10
6575139,7047946,2,4,-2
6575139,7047946,7,5,2
5312150,6460915,2,9,-7
5312150,6460915,6,1,5
5312150,6460915,8,6,2
5312150,6460915,12,2,10
7382886,8311227,7,5,2
5286568,6255581,1,1,0
5286568,6255581,3,5,-2
5286568,6255581,5,6,-1
5286568,6255581,13,10,3
4812049,5456533,12,2,10
5431621,6128522,2,2,0
5431621,6128522,6,12,-6
4968038,6565457,2,2,0
4968038,6565457,4,1,3
4968038,6565457,8,10,-2
6521514,8637848,2,7,-5
6521514,8637848,8,3,5
4198384,5269235,3,2,1
4029394,4395629,1,2,-1
4029394,4395629,5,1,4
4206334,4703233,2,5,-3
6571381,7480825,3,2,1
4414294,4643954,3,13,-10
4414294,4643954,7,4,3
7003161,8290231,9,3,6
5041100,6099563,3,2,1
6263302,7447619,1,3,-2
5035397,7034410,1,5,-4
6735704,7222246,3,10,-7
6735704,7222246,4,1,3
4620569,4982765,1,7,-6
4620569,4982765,8,11,-3
4620569,4982765,10,2,8
4620569,4982765,11,6,5
4620569,4982765,12,13,-1
4620569,4982765,13,3,10
4071017,4820033,5,5,0
6141753,7461255,2,3,-1
6141753,7461255,5,1,4
6141753,7461255,7,4,3
6141753,7461255,12,6,6
5588132,8117344,6,1,5
5588132,8117344,13,5,8
4769843,6501843,3,5,-2
4769843,6501843,10,9,1
4769843,6501843,11,4,7
4769843,6501843,12,11,1
4908713,8229283,1,1,0
4908713,8229283,3,2,1
4908713,8229283,8,4,4
4364876,8652510,1,1,0
7420276,8350386,1,1,0
7420276,8350386,5,3,2
7420276,8350386,6,2,4
7420276,8350386,7,4,3
7420276,8350386,9,7,2
7420276,8350386,10,8,2
7420276,8350386,11,9,2
7420276,8350386,12,10,2
7420276,8350386,13,11,2
4782769,4870912,1,4,-3
4782769,4870912,3,3,0
4782769,4870912,5,5,0
4782769,4870912,6,12,-6
4782769,4870912,8,6,2
4782769,4870912,11,1,10
6157302,6606029,3,1,2
5524827,8746613,2,8,-6
5524827,8746613,3,2,1
4906271,5383950,1,2,-1
4906271,5383950,2,1,1
7648570,8133311,2,2,0
7648570,8133311,4,9,-5
7648570,8133311,6,13,-7
7648570,8133311,7,1,6
7648570,8133311,11,10,1
4090650,5431308,2,2,0
4493824,5288483,11,6,5
4609814,6081336,1,1,0
8436328,8610095,2,6,-4
8436328,8610095,5,9,-4
8436328,8610095,11,2,9
4153933,5345570,3,5,-2
4153933,5345570,4,8,-4
6606413,7321937,11,5,6
6606413,7321937,12,9,3
4858402,7150128,3,2,1
4858402,7150128,4,3,1
4858402,7150128,11,11,0
4858402,7150128,12,6,6
5232505,5380684,11,7,4
4120691,5612286,5,2,3
4120691,5612286,8,4,4
6578644,8360167,5,8,-3
6578644,8360167,9,3,6
7305359,8626646,12,8,4
5004876,5198631,5,1,4
4848141,5204531,6,12,-6
7450542,8305990,1,1,0
7450542,8305990,2,2,0
7450542,8305990,3,3,0
7450542,8305990,4,4,0
7450542,8305990,5,5,0
7450542,8305990,6,6,0
7450542,8305990,7,7,0
7450542,8305990,8,8,0
7450542,8305990,9,9,0
7450542,8305990,10,10,0
7450542,8305990,11,11,0
7450542,8305990,12,12,0
7450542,8305990,13,13,0
5643339,7914574,10,7,3
5077198,5565366,7,1,6
5077198,5565366,9,13,-4
4324750,5139689,8,1,7
4107121,6451922,7,1,6
4107121,6451922,8,13,-5
4107121,6451922,9,3,6
4107121,6451922,11,7,4
5600454,6288803,2,4,-2
7775846,8680517,1,3,-2
7775846,8680517,3,2,1
7775846,8680517,8,4,4
7775846,8680517,12,1,11
7063211,7946101,2,1,1
7063211,7946101,13,2,11
5231988,8569277,8,12,-4
7149924,7721163,1,1,0
7149924,7721163,3,4,-1
7149924,7721163,9,3,6
5500857,7570887,1,8,-7
6118150,6919248,2,7,-5
6118150,6919248,3,12,-9
6118150,6919248,4,3,1
6624499,8535991,1,4,-3
5147707,5389429,2,9,-7
5147707,5389429,3,4,-1
5147707,5389429,4,2,2
5147707,5389429,12,1,11
5477092,7096566,8,1,7
5477092,7096566,10,5,5
5113371,6092223,4,1,3
5113371,6092223,5,3,2
5113371,6092223,9,8,1
6222653,6661972,4,8,-4
5246432,8697938,2,7,-5
5246432,8697938,7,8,-1
5595943,6402970,5,9,-4
5595943,6402970,13,8,5
6303190,8420069,2,3,-1
3988166,4402306,1,1,0
3988166,4402306,2,9,-7
3988166,4402306,7,3,4
4253747,6149271,7,7,0
4253747,6149271,9,1,8
4253747,6149271,13,11,2
7189800,7906119,8,1,7
7189800,7906119,12,3,9
5646660,6478396,11,8,3
3936560,6444595,3,6,-3
5143733,7951321,3,4,-1
5143733,7951321,4,8,-4
5348258,8678471,3,1,2
5348258,8678471,7,2,5
5263260,8099926,1,1,0
5263260,8099926,9,10,-1
4902365,5096526,1,5,-4
4902365,5096526,3,3,0
4902365,5096526,6,2,4
5023906,7139380,3,1,2
5023906,7139380,6,5,1
5023906,7139380,9,7,2
4229821,8259832,3,4,-1
4229821,8259832,7,5,2
4229821,8259832,12,8,4
4259603,4703209,1,2,-1
4259603,4703209,8,3,5
6594980,8328211,5,1,4
6594980,8328211,8,2,6
3953442,8258173,6,11,-5
3953442,8258173,7,12,-5
5406776,5655357,6,3,3
6440797,7608504,1,3,-2
6440797,7608504,3,11,-8
6440797,7608504,10,12,-2
6440797,7608504,11,4,7
6440797,7608504,12,8,4
4962250,8106243,13,8,5
4777704,6510629,4,4,0
6340379,7771520,12,8,4
5174557,5342032,1,3,-2
5174557,5342032,4,6,-2
5174557,5342032,6,2,4
5174557,5342032,8,9,-1
4461943,4551745,7,12,-5
4461943,4551745,9,3,6
4461943,4551745,10,13,-3
6153632,7094764,1,9,-8
6153632,7094764,5,10,-5
4966582,5330448,5,2,3
6594401,8413037,2,5,-3
6594401,8413037,12,4,8
6594401,8413037,13,10,3
6578162,7693293,2,4,-2
6411839,7055955,3,1,2
6411839,7055955,6,4,2
6411839,7055955,9,2,7
6411839,7055955,11,3,8
4827822,6220139,1,5,-4
4827822,6220139,2,6,-4
4827822,6220139,7,11,-4
4827822,6220139,13,9,4
6964641,8047999,8,7,1
6964641,8047999,11,11,0
6514276,7801625,2,4,-2
6514276,7801625,6,8,-2
6514276,7801625,12,6,6
4214708,5584435,1,1,0
4214708,5584435,3,2,1
4214708,5584435,4,3,1
6985977,7978218,5,10,-5
6462644,7747346,1,1,0
6462644,7747346,8,5,3
6119051,6662079,1,1,0
6119051,6662079,6,5,1
4321473,6649914,1,1,0
4321473,6649914,2,3,-1
4321473,6649914,3,11,-8
4321473,6649914,5,6,-1
4321473,6649914,9,8,1
6569018,8333657,1,7,-6
6569018,8333657,3,1,2
6887535,7632444,1,6,-5
6887535,7632444,2,1,1
6887535,7632444,7,5,2
6887535,7632444,10,11,-1
7456570,8253327,6,12,-6
7456570,8253327,7,1,6
7456570,8253327,11,3,8
6492216,7838392,1,6,-5
6492216,7838392,2,3,-1
6492216,7838392,12,1,11
5488477,7123365,4,10,-6
5488477,7123365,7,4,3
5488477,7123365,11,3,8
5303555,8491161,1,5,-4
5303555,8491161,3,2,1
4201965,7631415,5,3,2
6193129,8267300,11,5,6
6193129,8267300,13,11,2
4620285,4958068,1,10,-9
4620285,4958068,9,5,4
6228076,7794413,12,11,1
5308097,7077415,1,1,0
5308097,7077415,2,6,-4
5308097,7077415,12,3,9
5156608,8282655,1,7,-6
5156608,8282655,6,5,1
5454946,6337026,1,10,-9
5454946,6337026,2,7,-5
5454946,6337026,9,13,-4
6661786,7206325,2,5,-3
6661786,7206325,6,11,-5
6661786,7206325,11,6,5
4751255,5138097,5,2,3
4751255,5138097,8,3,5
5078286,5280844,1,1,0
5078286,5280844,7,8,-1
5107211,5383435,8,12,-4
4342496,6074103,12,4,8
5318827,7524562,4,3,1
5318827,7524562,9,2,7
6427032,8638363,1,8,-7
6423592,7157288,2,5,-3
6423592,7157288,6,2,4
6423592,7157288,7,1,6
6423592,7157288,9,4,5
5481683,6134648,2,2,0
4293161,4805958,2,3,-1
4293161,4805958,4,6,-2
6142545,7699121,4,5,-1
4410441,6624130,3,3,0
6256669,8111713,3,9,-6
6256669,8111713,5,5,0
6322549,7505812,3,7,-4
6322549,7505812,4,11,-7
4366074,7284610,5,10,-5
4366074,7284610,13,7,6
5158316,5265899,1,9,-8
5158316,5265899,4,4,0
5158316,5265899,9,3,6
6480860,8219972,1,13,-12
6480860,8219972,2,3,-1
6480860,8219972,7,6,1
5592638,7055071,11,9,2
7096266,7600025,1,1,0
7096266,7600025,2,2,0
7096266,7600025,3,3,0
7096266,7600025,4,4,0
7096266,7600025,5,5,0
7096266,7600025,6,6,0
7096266,7600025,7,7,0
7096266,7600025,8,8,0
7096266,7600025,9,9,0
7096266,7600025,10,10,0
7096266,7600025,11,11,0
7096266,7600025,12,12,0
7096266,7600025,13,13,0
6414923,7613085,3,3,0
6414923,7613085,6,1,5
6366794,7920907,12,6,6
4169124,5364590,1,2,-1
4169124,5364590,4,6,-2
4169124,5364590,11,3,8
7584253,8719068,4,1,3
7584253,8719068,5,3,2
3985226,7431141,4,7,-3
6397114,7103427,2,6,-4
6397114,7103427,13,13,0
4700498,7874090,1,11,-10
4700498,7874090,7,2,5
4494662,8128543,2,10,-8
4911590,7025547,8,4,4
4911590,7025547,9,12,-3
4381754,7156081,2,1,1
4081865,4186736,3,11,-8
4081865,4186736,4,3,1
6539101,8016191,1,2,-1
6539101,8016191,6,11,-5
4951955,7690871,2,4,-2
4951955,7690871,3,2,1
4951955,7690871,4,9,-5
4951955,7690871,12,10,2
7462049,8657612,7,8,-1
4397351,8746342,3,9,-6
4397351,8746342,12,12,0
7003715,7774679,1,1,0
7003715,7774679,2,3,-1
7003715,7774679,4,10,-6
7003715,7774679,7,7,0
5625328,6956448,3,5,-2
5625328,6956448,4,10,-6
5625328,6956448,12,9,3
8089507,8723927,6,12,-6
7044272,7695073,1,8,-7
7044272,7695073,3,3,0
7044272,7695073,6,1,5
7044272,7695073,11,6,5
6091546,6879443,8,7,1
6091546,6879443,10,13,-3
6343019,8155526,11,12,-1
6557013,8732091,9,4,5
4865201,6540080,1,5,-4
4865201,6540080,3,4,-1
4865201,6540080,5,8,-3
4865201,6540080,12,9,3
4798339,6960182,4,11,-7
4798339,6960182,6,1,5
5314400,6561968,1,8,-7
5314400,6561968,4,5,-1
5314400,6561968,6,1,5
5237972,6701883,1,7,-6
5237972,6701883,5,8,-3
5237972,6701883,7,9,-2
5237972,6701883,9,2,7
4448801,5294285,3,1,2
6645243,7794495,1,2,-1
6574792,7836401,3,3,0
6574792,7836401,4,10,-6
4489722,5456250,2,13,-11
4489722,5456250,3,5,-2
4147222,7334651,6,2,4
5578431,6443640,1,7,-6
5578431,6443640,3,5,-2
5578431,6443640,8,1,7
6595840,7144311,6,12,-6
6595840,7144311,10,2,8
4314554,8221396,4,7,-3
4314554,8221396,8,3,5
4314554,8221396,9,9,0
4314554,8221396,12,1,11
6953628,8648334,4,1,3
4353518,8666215,1,4,-3
4353518,8666215,7,9,-2
5029588,5486170,1,4,-3
5029588,5486170,4,2,2
5029588,5486170,6,7,-1
5029588,5486170,7,5,2
4864738,8561323,1,8,-7
4864738,8561323,4,4,0
7421850,8020391,2,1,1
7421850,8020391,4,5,-1
7421850,8020391,5,2,3
6345611,7131432,2,1,1
6345611,7131432,3,6,-3
6345611,7131432,12,11,1
5593317,7354316,1,7,-6
6095488,7028979,3,3,0
6095488,7028979,7,4,3
5634597,6478613,3,1,2
4852195,6092249,3,12,-9
4852195,6092249,8,5,3
4852195,6092249,10,8,2
5564515,6168230,2,2,0
5564515,6168230,3,7,-4
5564515,6168230,4,5,-1
5564515,6168230,6,12,-6
4093730,6462032,5,11,-6
4093730,6462032,6,5,1
4093730,6462032,9,12,-3
6964722,7547372,13,3,10
6632756,7837263,2,1,1
7437331,8131258,3,9,-6
7437331,8131258,13,1,12
6363475,7870395,3,2,1
6363475,7870395,4,6,-2
6542199,8243195,3,6,-3
6542199,8243195,4,2,2
6542199,8243195,5,1,4
6542199,8243195,8,3,5
7158662,8478020,1,13,-12
5111597,8333024,3,5,-2
5111597,8333024,8,1,7
3974241,4179422,2,3,-1
3974241,4179422,4,11,-7
3974241,4179422,5,1,4
7119604,7675317,1,2,-1
7119604,7675317,2,1,1
7119604,7675317,5,8,-3
4928476,5207052,1,6,-5
4928476,5207052,4,12,-8
4928476,5207052,6,2,4
5570233,6975461,1,1,0
5570233,6975461,5,7,-2
5570233,6975461,11,9,2
5570233,6975461,12,5,7
5126150,6576253,3,6,-3
4847966,7655194,5,2,3
6163941,7124476,1,9,-8
6163941,7124476,5,6,-1
4147634,5264138,2,7,-5
4147634,5264138,6,12,-6
4197267,5646908,10,4,6
4197267,5646908,12,1,11
5491546,8707608,1,10,-9
5491546,8707608,4,3,1
5491546,8707608,7,4,3
5491546,8707608,9,6,3
5424249,7259573,7,2,5
4442791,5631048,1,4,-3
4944756,6494918,6,8,-2
4944756,6494918,7,4,3
4944756,6494918,9,1,8
4944756,6494918,12,3,9
6217598,7666200,1,2,-1
6217598,7666200,5,3,2
6217598,7666200,8,11,-3
6217598,7666200,12,5,7
4910806,5309577,3,1,2
6440295,6837983,1,2,-1
6440295,6837983,3,3,0
6440295,6837983,5,13,-8
7579584,8270564,1,1,0
7579584,8270564,5,2,3
7579584,8270564,6,12,-6
6297072,7642110,2,1,1
6297072,7642110,3,2,1
6297072,7642110,4,3,1
6297072,7642110,13,9,4
6411160,7663908,4,4,0
6411160,7663908,10,9,1
7639237,8651541,10,11,-1
6157789,7585549,3,5,-2
7109497,7586113,1,2,-1
7109497,7586113,6,1,5
7109497,7586113,8,12,-4
6297963,8282687,4,2,2
6297963,8282687,8,4,4
6602008,7059794,1,2,-1
4900299,6648846,9,4,5
4900299,6648846,10,9,1
6549922,7209571,1,3,-2
6549922,7209571,3,2,1
4145980,7938073,1,1,0
4617057,6468587,4,3,1
4617057,6468587,12,2,10
4636335,7335902,2,1,1
4397225,4790237,4,12,-8
4397225,4790237,7,6,1
5431306,6968980,2,3,-1
5431306,6968980,4,1,3
6221769,7863189,3,1,2
4995857,6889082,5,9,-4
6635642,7652028,5,2,3
4417572,5306231,2,5,-3
5099837,8146592,1,12,-11
5099837,8146592,2,7,-5
5099837,8146592,5,11,-6
5099837,8146592,6,10,-4
5220517,7333871,4,2,2
5292600,7833645,3,6,-3
5292600,7833645,4,7,-3
5292600,7833645,5,5,0
5292600,7833645,6,3,3
6878871,8461061,7,8,-1
4725928,7101066,5,4,1
4725928,7101066,12,3,9
4957165,7131493,7,7,0
4957165,7131493,8,2,6
4957165,7131493,11,11,0
5356205,6152524,3,2,1
6544906,7157769,1,3,-2
6544906,7157769,3,2,1
6544906,7157769,5,6,-1
4050840,6065905,1,7,-6
4050840,6065905,4,1,3
4050840,6065905,5,11,-6
4153869,5200877,3,1,2
4153869,5200877,5,3,2
4017480,8459380,3,2,1
6210989,7921721,3,12,-9
6210989,7921721,4,6,-2
6210989,7921721,5,8,-3
6210989,7921721,6,9,-3
5345163,6121755,1,2,-1
5345163,6121755,2,5,-3
5345163,6121755,8,9,-1
5345163,6121755,11,1,10
4770770,7862723,1,9,-8
4770770,7862723,2,1,1
4770770,7862723,3,2,1
4293522,5132094,1,1,0
4293522,5132094,3,3,0
4293522,5132094,6,2,4
4293522,5132094,7,6,1
4192723,6126807,1,1,0
4192723,6126807,2,2,0
4192723,6126807,3,4,-1
4075655,4860315,7,8,-1
4075655,4860315,10,11,-1
4282446,6067253,6,13,-7
4410594,6916368,3,4,-1
4410594,6916368,12,9,3
7258493,7651277,1,7,-6
7258493,7651277,3,1,2
7258493,7651277,6,2,4
7258493,7651277,9,4,5
6582076,8157374,1,3,-2
6582076,8157374,9,13,-4
6582076,8157374,12,9,3
3964110,4180875,1,3,-2
3964110,4180875,3,2,1
3964110,4180875,6,13,-7
3964110,4180875,7,1,6
3964110,4180875,8,10,-2
4320242,5004854,3,7,-4
6078952,7213061,5,7,-2
6494909,7682390,1,10,-9
6494909,7682390,2,2,0
4055329,7571883,3,2,1
4072420,5104115,1,8,-7
4889860,7718192,10,1,9
5493878,7500371,9,3,6
6969662,8531878,6,11,-5
6969662,8531878,8,12,-4
6969662,8531878,11,9,2
6969662,8531878,12,10,2
7385224,8644048,5,3,2
6856360,8053781,10,1,9
6126188,7784813,1,1,0
6126188,7784813,2,2,0
6126188,7784813,10,6,4
4678194,5311271,2,2,0
5430676,8254491,5,8,-3
5218716,7525484,4,1,3
5218716,7525484,7,12,-5
5218716,7525484,13,9,4
4398643,8505861,13,6,7
4621365,6263009,6,6,0
3955652,4222614,1,6,-5
3955652,4222614,2,3,-1
7695312,8439089,5,1,4
7695312,8439089,6,3,3
7695312,8439089,7,5,2
7695312,8439089,9,7,2
7695312,8439089,12,8,4
5591792,8043984,4,12,-8
5173894,6449234,3,1,2
7292288,7830463,1,6,-5
7292288,7830463,2,2,0
7292288,7830463,3,1,2
7292288,7830463,7,4,3
7292288,7830463,12,7,5
5356478,6242347,1,4,-3
5356478,6242347,3,11,-8
5356478,6242347,5,1,4
5356478,6242347,13,3,10
4336360,5270276,4,13,-9
4336360,5270276,5,8,-3
6611498,7426530,1,5,-4
6611498,7426530,7,13,-6
6611498,7426530,13,11,2
4415558,7465710,2,11,-9
6612246,7444944,2,3,-1
6612246,7444944,9,9,0
5269588,7472957,2,2,0
5269588,7472957,7,10,-3
4624867,6923702,2,10,-8
4624867,6923702,9,8,1
5560370,7970467,2,9,-7
5560370,7970467,10,1,9
7073264,7730620,2,4,-2
7073264,7730620,8,10,-2
5049898,6478399,13,1,12
6391258,8252246,4,2,2
6391258,8252246,7,3,4
6391258,8252246,10,5,5
5419984,7588859,2,9,-7
5419984,7588859,3,4,-1
5419984,7588859,5,6,-1
5035611,5265118,1,1,0
6661940,8724936,2,1,1
7209795,7768931,10,11,-1
7256127,7759241,8,2,6
6470342,7613814,1,1,0
6470342,7613814,3,11,-8
6470342,7613814,13,6,7
5585479,6537814,2,11,-9
4850686,5559639,2,9,-7
4850686,5559639,7,4,3
4850686,5559639,11,11,0
4920044,7993681,1,3,-2
4920044,7993681,6,6,0
4920044,7993681,9,5,4
5308737,7705534,8,1,7
4882380,8067510,1,3,-2
4882380,8067510,2,1,1
4882380,8067510,7,4,3
4612295,6121176,2,1,1
4612295,6121176,6,5,1
4612295,6121176,7,10,-3
4612295,6121176,9,11,-2
4612295,6121176,11,13,-2
6141133,7068295,5,11,-6
4371516,6979456,5,9,-4
4371516,6979456,9,6,3
5271192,7155864,4,11,-7
5271192,7155864,8,6,2
6258111,8414503,12,13,-1
5030197,5365933,1,12,-11
5030197,5365933,4,9,-5
4555121,6341657,6,6,0
4555121,6341657,7,3,4
5273125,6547017,3,3,0
5273125,6547017,5,7,-2
7396176,8573873,1,3,-2
7396176,8573873,3,2,1
7396176,8573873,13,6,7
6434601,7792907,1,12,-11
6434601,7792907,2,1,1
6434601,7792907,6,2,4
6434601,7792907,10,11,-1
6434601,7792907,12,8,4
5523721,7710179,5,10,-5
5523721,7710179,9,2,7
6337675,7688290,1,1,0
6337675,7688290,3,4,-1
6337675,7688290,12,11,1
5331324,6507298,4,3,1
5037216,5588763,4,1,3
4569875,8266856,6,8,-2
4569875,8266856,9,5,4
4861197,8523494,4,1,3
4861197,8523494,6,4,2
4457743,5259822,10,6,4
4632434,5387016,2,4,-2
4665953,5604947,1,3,-2
4665953,5604947,8,11,-3
4410132,4557317,1,10,-9
4410132,4557317,5,1,4
4410132,4557317,7,6,1
5646618,8416847,10,6,4
4353275,4433871,1,2,-1
4353275,4433871,3,6,-3
4353275,4433871,13,13,0
5277773,7432470,8,1,7
5277773,7432470,11,7,4
6463534,8429755,3,13,-10
6463534,8429755,8,12,-4
6463534,8429755,12,3,9
6132449,7025774,1,12,-11
6132449,7025774,2,8,-6
6132449,7025774,5,11,-6
6132449,7025774,6,13,-7
6132449,7025774,11,1,10
6132449,7025774,13,7,6
5029985,7102602,10,13,-3
4596436,5187645,2,8,-6
4596436,5187645,6,1,5
7348049,8323557,4,1,3
4750919,5200104,1,4,-3
5569252,8617185,2,1,1
5569252,8617185,9,4,5
4829372,7752649,4,9,-5
7135207,7799674,4,1,3
7421460,8447923,1,11,-10
4978084,5333805,1,6,-5
4978084,5333805,5,9,-4
4978084,5333805,6,1,5
4978084,5333805,11,4,7
5271480,7818964,1,1,0
5271480,7818964,2,3,-1
6882079,8018114,1,1,0
6882079,8018114,4,6,-2
6209587,6613283,3,7,-4
6349521,7603758,7,1,6
6375066,8225985,1,2,-1
6375066,8225985,3,1,2
6375066,8225985,4,4,0
6375066,8225985,5,8,-3
4999229,7115434,1,6,-5
4321225,7389992,1,1,0
4321225,7389992,7,5,2
5493200,7106020,1,4,-3
5313943,8273084,1,2,-1
5313943,8273084,10,10,0
7009777,8218252,1,1,0
7009777,8218252,3,8,-5
7009777,8218252,7,12,-5
7009777,8218252,9,13,-4
7086719,7669972,1,2,-1
7086719,7669972,2,5,-3
7086719,7669972,3,11,-8
7086719,7669972,4,3,1
7086719,7669972,5,1,4
7086719,7669972,6,13,-7
7086719,7669972,7,9,-2
7086719,7669972,9,10,-1
7406052,7869360,2,1,1
4706559,6539848,3,7,-4
4706559,6539848,4,1,3
4355376,8694722,2,10,-8
4355376,8694722,8,3,5
7364313,8330671,1,3,-2
7364313,8330671,12,9,3
6182142,8726011,13,3,10
7224477,8327037,5,5,0
6269310,8240774,5,10,-5
6305686,7059967,2,1,1
5638078,7050926,1,8,-7
5638078,7050926,2,13,-11
5638078,7050926,5,10,-5
5638078,7050926,13,1,12
4719248,8420753,1,3,-2
7140489,8640508,6,4,2
5371687,7668731,13,6,7
6501812,8339874,3,5,-2
6501812,8339874,4,7,-3
6501812,8339874,5,3,2
5625539,8279648,3,3,0
5625539,8279648,5,6,-1
5625539,8279648,11,1,10
4009076,4447349,2,1,1
4009076,4447349,7,11,-4
4009076,4447349,8,12,-4
4009076,4447349,13,3,10
4225205,4550971,9,8,1
4225205,4550971,12,9,3
5299571,8731630,5,9,-4
5362660,8053781,1,4,-3
6471341,7988068,4,6,-2
6471341,7988068,5,11,-6
6471341,7988068,10,12,-2
6241723,6540745,1,3,-2
7400322,8523672,6,3,3
4873978,8137377,4,10,-6
5409581,7470306,1,1,0
5409581,7470306,2,6,-4
5409581,7470306,3,3,0
5409581,7470306,10,9,1
5409581,7470306,11,12,-1
5409581,7470306,13,8,5
6932188,8708779,1,5,-4
6932188,8708779,5,11,-6
6932188,8708779,9,7,2
5049039,5295797,4,8,-4
5049039,5295797,6,13,-7
5354623,6953146,1,1,0
5354623,6953146,2,7,-5
5354623,6953146,3,5,-2
5354623,6953146,4,8,-4
5354623,6953146,7,3,4
6089181,7625460,3,2,1
6089181,7625460,6,5,1
6089181,7625460,11,7,4
5304757,6121884,2,4,-2
5304757,6121884,10,9,1
5354359,6197214,1,1,0
5354359,6197214,7,3,4
5354359,6197214,8,4,4
5354359,6197214,9,2,7
5354359,6197214,10,11,-1
5060479,7287386,2,3,-1
5060479,7287386,3,7,-4
5060479,7287386,12,10,2
6128265,7111773,4,2,2
7213332,8020286,1,3,-2
7213332,8020286,3,5,-2
6988451,7654551,2,4,-2
6988451,7654551,4,7,-3
6988451,7654551,13,3,10
7439963,8514185,1,4,-3
5388811,6070681,2,1,1
5388811,6070681,4,4,0
5388811,6070681,12,12,0
4948233,6282031,1,8,-7
4948233,6282031,2,10,-8
4948233,6282031,3,6,-3
4948233,6282031,9,1,8
4948233,6282031,13,13,0
7239472,7688538,1,4,-3
7239472,7688538,2,3,-1
7239472,7688538,11,9,2
5020283,6045439,2,1,1
5020283,6045439,5,2,3
4790349,5052437,1,4,-3
4790349,5052437,2,3,-1
4790349,5052437,9,1,8
6182224,7747720,2,5,-3
6182224,7747720,3,7,-4
6182224,7747720,13,2,11
4908066,7475937,2,1,1
5123066,7189009,2,4,-2
4612416,8743703,7,13,-6
5522830,7867163,3,5,-2
5522830,7867163,6,13,-7
5632471,7703585,1,12,-11
5632471,7703585,2,3,-1
5632471,7703585,5,2,3
5632471,7703585,11,13,-2
6259933,6512754,12,5,7
4106717,6561448,1,2,-1
4106717,6561448,3,5,-2
4106717,6561448,6,8,-2
4106717,6561448,8,4,4
4106717,6561448,12,9,3
5179687,8305839,3,6,-3
5179687,8305839,12,5,7
6952945,8074490,12,5,7
5392949,7789260,2,4,-2
5392949,7789260,4,2,2
5392949,7789260,9,8,1
7554196,8728869,2,4,-2
7554196,8728869,7,2,5
6582959,8084200,13,13,0
6948572,8360174,1,2,-1
6948572,8360174,13,4,9
7099871,7599938,2,3,-1
5103271,5488235,1,5,-4
5103271,5488235,3,4,-1
5103271,5488235,5,10,-5
5103271,5488235,6,6,0
4169732,4628022,7,4,3
7806728,8556650,1,7,-6
7806728,8556650,2,9,-7
7806728,8556650,6,5,1
7806728,8556650,9,13,-4
6549996,7765554,13,13,0
5588961,8308683,2,1,1
4990974,7973369,8,10,-2
4933058,7374642,6,1,5
4933058,7374642,8,13,-5
4956250,5134049,2,2,0
4956250,5134049,3,3,0
4956250,5134049,4,1,3
4956250,5134049,7,5,2
4956250,5134049,9,8,1
4956250,5134049,12,10,2
4956250,5134049,13,12,1
5630304,8234831,5,9,-4
6529180,7046223,2,4,-2
6529180,7046223,3,8,-5
6529180,7046223,4,7,-3
6529180,7046223,6,12,-6
7184825,8671966,3,3,0
7184825,8671966,11,1,10
7184825,8671966,12,11,1
4407585,6517009,6,3,3
4441709,6077177,3,1,2
4441709,6077177,7,4,3
6234601,6467896,1,3,-2
6234601,6467896,3,6,-3
6234601,6467896,9,2,7
6234601,6467896,10,1,9
6234601,6467896,12,7,5
5134715,6157668,7,11,-4
5364105,8172660,10,4,6
5364105,8172660,11,7,4
5364105,8172660,12,6,6
7283534,7715409,5,1,4
6693103,8309594,3,3,0
6693103,8309594,7,9,-2
6693103,8309594,10,4,6
7338883,7928436,4,8,-4
7338883,7928436,6,2,4
7338883,7928436,12,12,0
4460637,4879166,1,7,-6
5227946,6582647,2,1,1
5227946,6582647,4,4,0
5227946,6582647,12,5,7
5095344,7324393,1,10,-9
6593606,7738304,6,5,1
6593606,7738304,7,6,1
6442755,8020184,3,1,2
6442755,8020184,4,4,0
6442755,8020184,7,2,5
5224457,7546834,1,2,-1
5224457,7546834,12,1,11
5224457,7546834,13,3,10
8144591,8635335,6,4,2
7272191,7965791,1,1,0
7272191,7965791,2,9,-7
7272191,7965791,8,7,1
7272191,7965791,9,12,-3
6307776,7751240,4,6,-2
6307776,7751240,8,7,1
5024874,5137058,1,3,-2
5024874,5137058,3,1,2
5024874,5137058,7,5,2
5024874,5137058,9,7,2
6151471,7965963,1,1,0
6151471,7965963,2,8,-6
6151471,7965963,6,9,-3
6151471,7965963,11,7,4
5592758,6082027,1,8,-7
5592758,6082027,10,1,9
4302629,6865228,5,5,0
4302629,6865228,6,4,2
4302629,6865228,8,1,7
4960073,7060931,1,1,0
4960073,7060931,5,3,2
6453325,8145686,1,1,0
6453325,8145686,2,2,0
6453325,8145686,5,10,-5
6453325,8145686,6,8,-2
6651506,7823455,4,1,3
6651506,7823455,12,8,4
5050077,7778858,7,1,6
6493632,7676349,1,4,-3
6493632,7676349,2,7,-5
7523064,7734533,3,1,2
4460767,8728625,1,1,0
7051317,7543274,4,4,0
4824429,5643168,1,1,0
6337998,7763018,2,5,-3
6155782,8613601,1,3,-2
6207000,7799578,2,11,-9
6207000,7799578,6,7,-1
4429805,5065888,2,5,-3
4429805,5065888,3,4,-1
4429805,5065888,4,1,3
5304676,7608732,4,12,-8
5304676,7608732,10,4,6
5304676,7608732,12,8,4
5483261,8445793,13,2,11
6375627,7108681,7,2,5
5125621,8561225,8,1,7
6076183,6859904,4,3,1
6076183,6859904,5,1,4
6076183,6859904,7,7,0
6076183,6859904,9,5,4
6604580,7100687,1,1,0
6604580,7100687,2,2,0
6604580,7100687,3,4,-1
6604580,7100687,9,3,6
6604580,7100687,10,6,4
3973112,4081858,6,12,-6
6637386,7140355,3,2,1
5485176,7839564,5,6,-1
4255746,4717910,5,2,3
6514154,7108609,3,2,1
6514154,7108609,5,1,4
6514154,7108609,8,3,5
5054279,7096659,6,9,-3
5054279,7096659,8,3,5
4448426,8028415,2,2,0
7116839,8528207,2,2,0
4258307,4665354,9,5,4
5642731,7624028,6,1,5
5642731,7624028,7,2,5
5055307,8535723,7,9,-2
5055307,8535723,13,5,8
4607389,8665845,7,4,3
7054448,7602923,5,5,0
7054448,7602923,10,6,4
5309913,7873400,13,10,3
5244873,7981840,1,2,-1
5244873,7981840,2,13,-11
5244873,7981840,3,5,-2
5244873,7981840,4,1,3
5244873,7981840,10,9,1
5244873,7981840,11,6,5
5591875,6610865,1,2,-1
5591875,6610865,3,7,-4
5591875,6610865,4,12,-8
5591875,6610865,6,13,-7
5449117,7389943,8,1,7
6160880,6898413,6,3,3
5195949,6129693,3,1,2
5195949,6129693,7,7,0
5195949,6129693,8,8,0
5195949,6129693,9,9,0
5195949,6129693,10,10,0
5195949,6129693,11,12,-1
6606602,8170834,7,1,6
6606602,8170834,10,10,0
3974371,6517216,4,9,-5
3974371,6517216,5,1,4
3974371,6517216,6,2,4
3974371,6517216,7,8,-1
6597558,7701314,1,5,-4
6597558,7701314,4,1,3
6597558,7701314,10,12,-2
5285131,6896850,8,4,4
5285131,6896850,9,5,4
4014880,7893144,9,12,-3
6323459,8663096,10,12,-2
5380697,7439375,4,3,1
5380697,7439375,10,6,4
6231442,8721429,1,1,0
6231442,8721429,2,4,-2
6231442,8721429,8,5,3
3935474,6407585,2,13,-11
3935474,6407585,3,2,1
4528419,7565055,2,8,-6
5274854,6076195,8,5,3
5043355,6235784,1,2,-1
5043355,6235784,3,5,-2
6173263,6961704,2,4,-2
6173263,6961704,7,6,1
6173263,6961704,8,8,0
7629460,7723517,1,1,0
7629460,7723517,2,2,0
7629460,7723517,3,3,0
7629460,7723517,4,4,0
7629460,7723517,5,5,0
7629460,7723517,6,6,0
7629460,7723517,7,7,0
7629460,7723517,8,8,0
7629460,7723517,9,9,0
7629460,7723517,10,10,0
7629460,7723517,11,11,0
7629460,7723517,12,12,0
7629460,7723517,13,13,0
4247408,4683008,1,6,-5
4247408,4683008,3,1,2
4247408,4683008,11,8,3
5411173,8082873,1,4,-3
5283185,6093816,1,1,0
5283185,6093816,2,4,-2
5283185,6093816,3,5,-2
5283185,6093816,5,13,-8
5283185,6093816,6,6,0
5283185,6093816,9,7,2
5283185,6093816,12,12,0
4887558,5228415,1,3,-2
4887558,5228415,6,13,-7
4887558,5228415,11,6,5
5053791,5428371,8,1,7
5053791,5428371,10,2,8
5053844,5449923,1,2,-1
5053844,5449923,2,3,-1
5053844,5449923,3,5,-2
5506347,8697709,6,2,4
5506347,8697709,9,12,-3
5506347,8697709,12,4,8
4418148,7226978,2,5,-3
4418148,7226978,5,2,3
4720622,6444954,4,4,0
6551268,7172614,2,8,-6
6551268,7172614,5,6,-1
6453393,7117316,1,1,0
6453393,7117316,4,6,-2
4837565,7038399,1,3,-2
4837565,7038399,2,11,-9
4837565,7038399,6,1,5
5258031,7118599,2,12,-10
5258031,7118599,6,2,4
5258031,7118599,7,4,3
4922210,6525530,1,1,0
4922210,6525530,3,11,-8
4922210,6525530,4,12,-8
4922210,6525530,7,13,-6
4922210,6525530,9,7,2
4922210,6525530,11,8,3
4922210,6525530,13,3,10
5619238,6231172,1,3,-2
5619238,6231172,7,6,1
4762322,8012044,3,1,2
6182258,7437701,8,5,3
4929109,7669993,2,1,1
4929109,7669993,3,2,1
6121379,7576155,2,13,-11
6250321,7077458,2,1,1
4441511,5453050,2,3,-1
4441511,5453050,3,1,2
4441511,5453050,5,2,3
4441511,5453050,9,13,-4
6264687,8435280,1,7,-6
4845739,5305375,1,9,-8
4845739,5305375,3,11,-8
4845739,5305375,6,10,-4
4845739,5305375,9,7,2
6463605,7661160,1,1,0
5656533,7153781,3,7,-4
5656533,7153781,13,6,7
4911166,6350275,2,8,-6
4636427,4919999,4,5,-1
4636427,4919999,5,3,2
7948479,8531435,1,1,0
4975111,5227360,1,3,-2
4975111,5227360,2,1,1
5335670,6322536,5,8,-3
5335670,6322536,6,12,-6
6609459,8268533,4,5,-1
7127455,8752176,11,3,8
6399491,8633110,4,6,-2
6316822,7732899,9,5,4
5085276,7832484,4,3,1
5085276,7832484,8,6,2
7052747,8593599,7,5,2
5493156,7830048,1,1,0
5493156,7830048,3,12,-9
4134127,8555310,5,8,-3
5259713,7596858,1,2,-1
4568339,4764991,4,5,-1
4568339,4764991,9,2,7
7187153,7298109,1,13,-12
7187153,7298109,3,1,2
7187153,7298109,5,10,-5
7187153,7298109,8,7,1
4777780,8657174,13,6,7
5270267,7626238,12,8,4
5511004,8044793,11,12,-1
5216515,8726311,4,9,-5
5216515,8726311,6,6,0
6530660,7222957,3,5,-2
6530660,7222957,7,7,0
5101502,5333318,7,7,0
5371625,7307569,1,6,-5
5371625,7307569,9,2,7
4531047,5142609,5,3,2
7406358,8463666,10,9,1
6540312,7362941,2,1,1
5589834,6307503,3,1,2
5589834,6307503,10,12,-2
6322494,8747400,4,3,1
6322494,8747400,9,4,5
5498478,6596103,1,3,-2
5498478,6596103,4,1,3
5498478,6596103,10,8,2
6366309,7583728,2,9,-7
6442433,7949404,6,5,1
4988833,7592544,1,10,-9
4988833,7592544,2,3,-1
4988833,7592544,3,4,-1
7340676,8578267,1,3,-2
7340676,8578267,2,1,1
4133284,5048468,9,13,-4
6483609,8077986,1,4,-3
6483609,8077986,2,5,-3
6483609,8077986,6,1,5
6483609,8077986,8,8,0
6483609,8077986,13,2,11
5053664,7057318,1,1,0
5053664,7057318,2,3,-1
5053664,7057318,3,8,-5
5053664,7057318,4,7,-3
4413725,8726569,2,2,0
5379297,7006442,5,2,3
5379297,7006442,8,4,4
5124769,7102164,5,3,2
4523051,8053029,2,7,-5
4523051,8053029,3,3,0
6985028,8723712,1,5,-4
6985028,8723712,5,6,-1
4629232,4700977,1,2,-1
4629232,4700977,2,1,1
4629232,4700977,3,3,0
4629232,4700977,10,8,2
4629232,4700977,12,10,2
6577771,6952501,3,2,1
5013457,6596158,3,7,-4
5013457,6596158,9,6,3
6181569,7863739,1,5,-4
6181569,7863739,4,3,1
6181569,7863739,7,1,6
6181569,7863739,12,8,4
6088383,8457263,3,4,-1
6088383,8457263,4,5,-1
6088383,8457263,5,3,2
5301026,8180115,5,8,-3
4415296,5236286,11,10,1
4350163,6889069,9,12,-3
4350163,6889069,11,1,10
4204622,5069379,2,3,-1
4204622,5069379,3,1,2
4204622,5069379,5,8,-3
4204622,5069379,6,12,-6
5285793,6248063,9,1,8
5212619,6472686,1,1,0
5212619,6472686,2,8,-6
5212619,6472686,13,9,4
4721130,6343541,7,2,5
5191038,5637655,8,3,5
4068950,5012275,1,8,-7
4068950,5012275,2,3,-1
4068950,5012275,3,2,1
4068950,5012275,4,5,-1
4106454,7171959,2,7,-5
4106454,7171959,4,9,-5
4106454,7171959,6,2,4
5324274,8696614,1,1,0
5324274,8696614,3,4,-1
4831885,6186193,5,9,-4
4831885,6186193,8,2,6
5571579,7498068,1,1,0
5571579,7498068,3,2,1
5571579,7498068,4,3,1
5571579,7498068,5,5,0
6297687,7808300,1,10,-9
6297687,7808300,7,2,5
6297687,7808300,9,5,4
4569839,6548052,3,6,-3
7325378,7681732,2,2,0
5362782,7816466,1,7,-6
5362782,7816466,9,8,1
6359725,7095552,1,8,-7
6359725,7095552,2,2,0
6359725,7095552,3,4,-1
6359725,7095552,6,6,0
6359725,7095552,8,7,1
6359725,7095552,9,12,-3
6359725,7095552,11,3,8
5450546,7123674,6,11,-5
5450546,7123674,7,7,0
7222510,7419177,1,4,-3
5399000,5654887,1,1,0
5399000,5654887,2,2,0
5399000,5654887,5,6,-1
5399000,5654887,9,9,0
5559520,7058395,4,3,1
5559520,7058395,7,6,1
7808408,8269657,1,6,-5
7808408,8269657,5,7,-2
7808408,8269657,6,5,1
7808408,8269657,11,4,7
4402712,8435328,3,4,-1
4402712,8435328,7,9,-2
4402712,8435328,10,6,4
4707039,5344327,2,8,-6
4707039,5344327,11,1,10
5258755,7778777,5,2,3
6925126,8737472,13,1,12
4564798,5339446,3,7,-4
6619283,8353286,1,1,0
5250033,6520951,3,5,-2
5250033,6520951,11,2,9
5250033,6520951,12,7,5
6327953,7832389,2,4,-2
6850745,7120405,1,13,-12
6850745,7120405,5,11,-6
5599423,6497784,1,6,-5
5599423,6497784,4,3,1
6885683,8135050,1,6,-5
5488032,7674461,10,8,2
6534382,8338198,2,4,-2
6534382,8338198,5,1,4
6534382,8338198,7,2,5
4188160,7524242,5,8,-3
4188160,7524242,7,3,4
4188160,7524242,10,5,5
5097616,5339554,1,11,-10
5097616,5339554,2,7,-5
5097616,5339554,4,1,3
5097616,5339554,7,6,1
5499132,6870675,2,10,-8
5499132,6870675,3,1,2
5499132,6870675,7,3,4
5499132,6870675,9,8,1
5499132,6870675,10,9,1
5560529,7143921,1,1,0
5560529,7143921,2,8,-6
5560529,7143921,3,2,1
5560529,7143921,6,6,0
5560529,7143921,8,10,-2
5560529,7143921,13,12,1
4121746,4295592,1,4,-3
4318159,6250768,2,2,0
4700581,7594870,2,5,-3
4700581,7594870,5,3,2
4700581,7594870,12,7,5
4627508,5248007,1,2,-1
4627508,5248007,9,11,-2
7549115,8200975,8,3,5
4447058,4805906,5,6,-1
4447058,4805906,7,8,-1
5023595,7187285,7,4,3
5023595,7187285,8,9,-1
5023595,7187285,9,1,8
5023595,7187285,13,12,1
5243444,7304771,5,3,2
6383923,8680677,2,4,-2
4370246,8592356,10,12,-2
6299763,8034003,2,11,-9
4351728,4975204,4,3,1
6215769,7724755,6,3,3
6215769,7724755,13,2,11
4624867,7595493,11,5,6
4624867,7595493,13,2,11
7311686,8048013,8,2,6
6629376,7093379,1,1,0
6629376,7093379,2,4,-2
4341898,5451697,1,1,0
4341898,5451697,13,5,8
4098657,4629541,3,5,-2
4279467,5085494,4,1,3
4279467,5085494,8,3,5
4253031,7692326,1,2,-1
4253031,7692326,7,5,2
4753991,5055527,2,6,-4
4753991,5055527,6,8,-2
5129077,6195739,2,7,-5
5129077,6195739,7,11,-4
5574986,7349673,7,1,6
5597203,7131700,1,6,-5
5597203,7131700,10,2,8
4557426,6491251,1,10,-9
4557426,6491251,3,1,2
4557426,6491251,12,11,1
4639653,5031106,1,13,-12
5498269,7344574,1,4,-3
6496568,7519165,3,8,-5
5240552,7115016,6,3,3
5240552,7115016,7,11,-4
5240552,7115016,12,9,3
6882012,8450732,4,8,-4
6882012,8450732,6,10,-4
6882012,8450732,13,6,7
5346354,8640804,5,2,3
7075993,7715645,12,8,4
4055440,7459016,1,1,0
4055440,7459016,3,3,0
4055440,7459016,7,2,5
4115696,7453987,1,4,-3
5620921,6462080,3,9,-6
5620921,6462080,4,10,-6
5620921,6462080,5,3,2
5620921,6462080,6,5,1
4070687,4943537,5,2,3
4070687,4943537,6,5,1
4070687,4943537,12,12,0
4070687,4943537,13,13,0
5216670,7376138,3,5,-2
5216670,7376138,5,1,4
5216670,7376138,6,8,-2
6593850,8350915,1,2,-1
4402684,4781699,1,1,0
4402684,4781699,5,7,-2
4917433,5573297,1,7,-6
4917433,5573297,7,12,-5
5224194,7058311,4,2,2
7477919,8451127,6,4,2
3953924,5227588,7,9,-2
3953924,5227588,13,10,3
6260014,7720683,7,3,4
6260014,7720683,11,2,9
5037423,8206451,1,8,-7
5037423,8206451,6,10,-4
4639794,5287231,2,7,-5
4639794,5287231,3,2,1
4639794,5287231,5,8,-3
4924749,5520085,3,11,-8
5643319,8672968,10,13,-3
5377122,7228509,3,8,-5
5377122,7228509,5,4,1
5378883,8479992,2,2,0
5378883,8479992,8,8,0
5378883,8479992,13,12,1
4838486,6607148,1,3,-2
4838486,6607148,4,7,-3
7145805,8225181,4,4,0
7145805,8225181,8,10,-2
4566836,4753564,11,12,-1
7280293,8630058,9,2,7
5504501,8174497,3,10,-7
4093575,6462124,3,13,-10
4086313,4810445,11,8,3
4574003,5213592,7,2,5
4574003,5213592,10,8,2
5281199,6238369,1,2,-1
5281199,6238369,3,7,-4
5648125,6136513,3,5,-2
5550183,7927614,7,4,3
6133071,7256058,2,2,0
6133071,7256058,10,10,0
4175813,5423695,2,4,-2
4175813,5423695,5,9,-4
5590220,6937765,5,6,-1
5590220,6937765,6,7,-1
5590220,6937765,10,3,7
6328106,7255169,1,5,-4
5644737,8117542,3,4,-1
5644737,8117542,5,7,-2
5644737,8117542,8,12,-4
5644737,8117542,9,10,-1
5486714,8338887,3,3,0
5486714,8338887,7,1,6
6126511,6561875,1,1,0
6126511,6561875,2,4,-2
6126511,6561875,3,2,1
6126511,6561875,6,3,3
6290196,8267938,2,12,-10
6290196,8267938,3,6,-3
6290196,8267938,6,8,-2
6290196,8267938,8,5,3
4604898,4926682,1,12,-11
4990520,5414007,10,1,9
6981074,7889657,1,1,0
4717036,8353142,9,2,7
4052891,4549701,1,3,-2
4052891,4549701,2,9,-7
6866611,6996465,4,8,-4
6866611,6996465,13,2,11
4883130,5155421,9,1,8
4883130,5155421,10,9,1
7240100,8352954,3,3,0
5142275,7158150,4,10,-6
5142275,7158150,5,3,2
5008470,5491268,2,6,-4
5008470,5491268,10,3,7
5008470,5491268,11,1,10
5357427,7429243,1,1,0
4449039,5266278,1,6,-5
4449039,5266278,10,2,8
6256739,8332397,4,5,-1
5278325,6511690,1,4,-3
5278325,6511690,3,13,-10
5278325,6511690,7,5,2
5278325,6511690,10,1,9
5278325,6511690,13,2,11
6849216,7198606,6,9,-3
6849216,7198606,8,10,-2
7339834,8570810,1,2,-1
7339834,8570810,2,4,-2
7339834,8570810,6,10,-4
7339834,8570810,8,8,0
4630634,7059540,1,5,-4
5079750,6097310,1,8,-7
5079750,6097310,6,12,-6
5079750,6097310,8,6,2
5347113,7048192,6,4,2
5347113,7048192,11,12,-1
6922342,7821792,1,2,-1
6922342,7821792,11,12,-1
6309424,8577483,2,13,-11
4827186,5124615,1,13,-12
4827186,5124615,4,8,-4
4827186,5124615,7,7,0
5577111,7852749,8,13,-5
5577111,7852749,11,1,10
5577111,7852749,12,9,3
5640002,7620568,3,5,-2
5640002,7620568,6,1,5
5412416,7848496,1,2,-1
5453061,8574110,8,9,-1
6896677,7476239,5,5,0
6896677,7476239,6,7,-1
6896677,7476239,7,12,-5
7272613,8190741,1,3,-2
7272613,8190741,9,10,-1
7085696,7357196,1,1,0
7085696,7357196,8,6,2
7085696,7357196,10,12,-2
7052351,7538341,2,6,-4
7052351,7538341,3,1,2
7052351,7538341,10,7,3
4084024,8168123,2,5,-3
4084024,8168123,4,4,0
4084024,8168123,13,11,2
4803594,5430604,1,5,-4
4803594,5430604,4,1,3
4803594,5430604,9,8,1
8043394,8397495,1,3,-2
5296428,6368496,3,10,-7
4868616,7233522,9,9,0
6408173,7046996,6,7,-1
5204449,8263082,8,10,-2
7216546,7690262,2,4,-2
7216546,7690262,4,13,-9
7216546,7690262,6,2,4
7216546,7690262,8,1,7
7493606,8255890,2,3,-1
7493606,8255890,5,1,4
7493606,8255890,6,5,1
7493606,8255890,8,6,2
7054632,7983674,2,9,-7
7054632,7983674,9,1,8
4318121,5291395,2,13,-11
4017344,6239379,7,3,4
4017344,6239379,9,1,8
6141536,7190799,5,1,4
7101289,7789773,3,6,-3
7101289,7789773,4,1,3
7101289,7789773,5,5,0
4426610,6262555,13,1,12
6457087,7493426,7,2,5
7097791,8512608,7,1,6
5125420,6311695,1,1,0
5125420,6311695,6,10,-4
6184847,7706611,13,8,5
4620007,5286754,1,11,-10
4620007,5286754,2,13,-11
4620007,5286754,11,12,-1
6206876,8486107,2,4,-2
6206876,8486107,6,1,5
4841308,5028933,1,1,0
4841308,5028933,3,3,0
4021271,4906531,1,2,-1
3963297,7063549,13,6,7
4557309,7694482,2,2,0
4557309,7694482,5,3,2
4557309,7694482,9,5,4
7454738,8495553,7,10,-3
7454738,8495553,11,2,9
7454738,8495553,12,4,8
7853444,8332205,3,1,2
7853444,8332205,6,7,-1
5247318,6487368,1,1,0
5247318,6487368,4,2,2
5247318,6487368,6,6,0
5247318,6487368,9,8,1
5247318,6487368,11,9,2
4354225,5319775,1,2,-1
4354225,5319775,9,8,1
4239460,4915602,1,2,-1
4239460,4915602,3,3,0
4239460,4915602,6,1,5
4239460,4915602,7,9,-2
4239460,4915602,11,13,-2
6609123,8291000,4,3,1
6609123,8291000,7,6,1
6609123,8291000,12,9,3
5469223,7053877,4,4,0
5469223,7053877,8,1,7
3962911,5048353,1,10,-9
3962911,5048353,3,1,2
3962911,5048353,4,2,2
7359769,8457798,2,7,-5
5249550,8387568,1,1,0
5249550,8387568,2,2,0
4838903,8268033,1,5,-4
4838903,8268033,3,10,-7
6160145,6462212,1,2,-1
6160145,6462212,2,1,1
6160145,6462212,4,5,-1
6160145,6462212,5,6,-1
6160145,6462212,6,8,-2
6160145,6462212,7,3,4
6160145,6462212,8,10,-2
6160145,6462212,9,11,-2
6160145,6462212,10,12,-2
4714469,7635371,3,1,2
4714469,7635371,11,5,6
5262984,6483742,7,2,5
5262984,6483742,11,12,-1
7111284,7953696,1,7,-6
7111284,7953696,8,1,7
5629179,6541207,7,6,1
5629179,6541207,12,7,5
4248246,5085647,1,1,0
6149643,8238517,6,8,-2
4048470,6219080,12,12,0
6304973,7353532,3,10,-7
6304973,7353532,13,12,1
5649266,6331832,9,7,2
4007087,7169548,1,1,0
4007087,7169548,9,7,2
6257241,8663218,6,11,-5
4823343,5349674,3,6,-3
5222934,7628748,1,5,-4
5222934,7628748,3,8,-5
5479460,8336286,5,1,4
5479460,8336286,12,9,3
3967853,8104537,1,7,-6
3967853,8104537,12,6,6
4409691,8613766,2,9,-7
4409691,8613766,4,4,0
4409691,8613766,8,8,0
6294589,8586145,2,1,1
6294589,8586145,3,2,1
6294589,8586145,5,5,0
5259985,5589106,1,5,-4
5259985,5589106,3,6,-3
5259985,5589106,6,2,4
5500756,6504630,1,3,-2
5500756,6504630,2,4,-2
5500756,6504630,5,6,-1
4633870,5300065,3,2,1
4633870,5300065,4,1,3
4007087,6391654,3,4,-1
4007087,6391654,12,2,10
5018457,5569436,4,1,3
5018457,5569436,5,11,-6
5018457,5569436,6,12,-6
7169452,7901750,3,12,-9
7169452,7901750,5,1,4
4372559,6394453,10,2,8
5250901,7127802,4,8,-4
5017778,5200705,5,5,0
4698103,4838955,1,1,0
4698103,4838955,6,10,-4
5232156,6652624,1,1,0
5232156,6652624,6,7,-1
5232156,6652624,7,9,-2
5232156,6652624,9,4,5
4713249,5129877,1,2,-1
6309395,7582090,5,2,3
6309395,7582090,9,11,-2
4702336,6349997,3,1,2
5269822,8728202,12,4,8
4930590,7845445,1,6,-5
4930590,7845445,3,13,-10
4930590,7845445,4,1,3
5125989,7402214,7,5,2
5125989,7402214,13,9,4
5114838,5573901,1,1,0
5114838,5573901,2,2,0
5114838,5573901,4,3,1
5114838,5573901,5,5,0
5114838,5573901,8,7,1
5304185,8048092,9,5,4
7147241,8668024,3,2,1
4283882,5184852,4,7,-3
4283882,5184852,9,6,3
4758484,5240794,1,10,-9
4758484,5240794,4,4,0
4758484,5240794,10,11,-1
3991950,4140286,2,11,-9
3991950,4140286,10,1,9
7435895,8541673,1,2,-1
7435895,8541673,11,5,6
5174285,6620131,2,3,-1
6967263,8309811,2,2,0
6967263,8309811,4,4,0
6967263,8309811,5,8,-3
6967263,8309811,6,10,-4
6967263,8309811,10,11,-1
6967263,8309811,11,3,8
5165841,5402049,5,1,4
5165841,5402049,8,9,-1
4884410,7107781,4,11,-7
6342733,7531463,1,3,-2
6631519,7720872,12,12,0
5586033,6839635,13,4,9
3985436,5583613,12,12,0
7004247,7862706,13,4,9
4850354,8740811,2,12,-10
4850354,8740811,3,4,-1
4850354,8740811,4,6,-2
4850354,8740811,10,5,5
6185614,7111232,4,1,3
6185614,7111232,5,4,1
6185614,7111232,7,7,0
8066366,8727518,3,2,1
8066366,8727518,5,5,0
3949775,7757494,1,4,-3
6608930,8630478,4,7,-3
3986973,4559158,3,9,-6
3986973,4559158,9,13,-4
4907598,6258070,11,1,10
5616796,6383655,8,3,5
5616796,6383655,11,1,10
5616796,6383655,12,2,10
4096977,6626333,3,2,1
4096977,6626333,6,1,5
6413162,7674174,1,1,0
6413162,7674174,4,13,-9
6413162,7674174,8,4,4
6281952,8427610,5,1,4
6281952,8427610,9,5,4
6281952,8427610,10,3,7
6281952,8427610,12,10,2
4946458,6468276,6,1,5
4162782,4815693,3,2,1
4281899,7168830,2,2,0
6206828,6416470,1,1,0
6206828,6416470,6,3,3
6206828,6416470,7,9,-2
4259379,7718251,4,6,-2
4259794,8732989,1,2,-1
4259794,8732989,2,1,1
5433651,6887126,12,12,0
5433651,6887126,13,7,6
5347921,5558014,3,8,-5
6540167,7540442,1,1,0
6540167,7540442,2,2,0
6540167,7540442,6,3,3
4427596,4749812,7,12,-5
4438962,8635893,1,2,-1
4438962,8635893,2,1,1
4438962,8635893,3,5,-2
4438962,8635893,5,4,1
4438962,8635893,7,6,1
4438962,8635893,10,13,-3
6204927,6839526,1,1,0
6204927,6839526,2,3,-1
6204927,6839526,4,9,-5
6961165,7661823,2,9,-7
6440349,7326379,5,8,-3
6230055,7908001,5,5,0
5251390,5392541,2,9,-7
5251390,5392541,4,8,-4
6321238,7702743,1,13,-12
6321238,7702743,4,5,-1
6937561,7835326,1,11,-10
6937561,7835326,2,4,-2
6437221,7119254,1,6,-5
6437221,7119254,2,4,-2
6437221,7119254,10,12,-2
5316659,8147680,12,10,2
5351075,8745661,11,9,2
6331823,7618712,4,4,0
4313124,5264874,2,1,1
4313124,5264874,3,13,-10
4999385,5082870,1,2,-1
5392508,7346980,1,8,-7
4190646,4923964,3,8,-5
4190646,4923964,5,13,-8
5034143,6261327,10,12,-2
5034143,6261327,11,6,5
5653234,6146331,3,10,-7
5653234,6146331,4,11,-7
5653234,6146331,7,9,-2
4844352,7975946,4,6,-2
4844352,7975946,8,11,-3
5486350,7060256,9,10,-1
5486350,7060256,11,5,6
4790912,6844253,13,11,2
5437661,7400930,2,6,-4
5437661,7400930,3,7,-4
5437661,7400930,6,4,2
5437661,7400930,9,3,6
7619044,8715881,1,10,-9
7619044,8715881,7,12,-5
7619044,8715881,12,7,5
5479907,7081145,5,4,1
5479907,7081145,7,8,-1
6444052,6955729,1,10,-9
4998937,8137359,2,5,-3
3968261,6479083,3,6,-3
5569442,7892347,3,1,2
4796192,5186416,1,1,0
4796192,5186416,6,2,4
4796192,5186416,11,13,-2
6201908,7088518,1,2,-1
6201908,7088518,7,4,3
6080313,7052604,1,1,0
6080313,7052604,2,4,-2
6332661,7724220,1,2,-1
6332661,7724220,3,5,-2
6332661,7724220,6,3,3
6285987,7702537,1,2,-1
6285987,7702537,12,8,4
4858603,5292326,8,8,0
6243972,6450509,11,2,9
4388166,6139718,7,4,3
4388166,6139718,11,1,10
7186891,8445231,1,6,-5
7186891,8445231,4,3,1
7186891,8445231,7,12,-5
7186891,8445231,13,13,0
6490649,7917709,5,1,4
6490649,7917709,8,5,3
6490649,7917709,13,2,11
4947170,7956788,1,10,-9
4947170,7956788,8,9,-1
4947170,7956788,11,11,0
6155561,7690641,1,3,-2
6155561,7690641,5,9,-4
6155561,7690641,12,1,11
4769956,5031373,11,2,9
4228707,5170559,1,5,-4
4228707,5170559,2,11,-9
4228707,5170559,4,7,-3
6090989,7067049,3,2,1
6090989,7067049,9,6,3
7372392,8441287,2,3,-1
4867525,8496386,1,8,-7
4867525,8496386,3,6,-3
4867525,8496386,4,7,-3
4284402,7425127,1,5,-4
4284402,7425127,10,1,9
5587730,6089693,2,6,-4
5587730,6089693,3,12,-9
5587730,6089693,5,10,-5
7030749,8723677,1,13,-12
5375455,6549857,1,1,0
5375455,6549857,2,5,-3
5375455,6549857,3,2,1
5375455,6549857,4,12,-8
5375455,6549857,8,9,-1
5375455,6549857,11,11,0
7088136,7587698,6,3,3
3935380,7625314,2,3,-1
5320345,8579740,5,1,4
5320345,8579740,8,5,3
5320345,8579740,10,7,3
7002728,7649674,11,8,3
6087578,7271331,1,8,-7
6087578,7271331,2,3,-1
6087578,7271331,6,1,5
4626488,5518851,8,1,7
6449308,7392331,1,7,-6
6970576,7636452,9,4,5
5292779,5483017,1,4,-3
5292779,5483017,2,1,1
5292779,5483017,5,11,-6
5292779,5483017,6,5,1
5292779,5483017,7,12,-5
5292779,5483017,8,6,2
5292779,5483017,9,13,-4
5292779,5483017,11,7,4
5009039,8277284,2,2,0
5580283,7753742,5,2,3
5580283,7753742,7,5,2
5580283,7753742,11,6,5
6870900,7085356,1,1,0
6870900,7085356,2,4,-2
6870900,7085356,6,11,-5
6870900,7085356,7,2,5
6870900,7085356,13,12,1
4248749,4412864,1,1,0
4248749,4412864,9,7,2
6068653,6974454,3,3,0
6068653,6974454,5,1,4
6068653,6974454,13,6,7
7147368,8641271,1,1,0
7147368,8641271,4,2,2
7147368,8641271,12,7,5
4632119,6119029,4,3,1
5375047,5653217,1,1,0
5375047,5653217,2,2,0
5375047,5653217,3,4,-1
5375047,5653217,5,9,-4
5375047,5653217,9,6,3
5375047,5653217,12,3,9
5421594,8104773,4,1,3
5644866,8353126,8,8,0
4030509,7076294,3,4,-1
6335288,8088683,1,2,-1
5407884,6376620,10,2,8
7049839,8694839,4,7,-3
7049839,8694839,6,1,5
7049839,8694839,13,3,10
5330264,6878494,1,2,-1
5639278,6974473,1,9,-8
5639278,6974473,9,4,5
5639278,6974473,13,8,5
5171600,6245374,3,2,1
5171600,6245374,4,8,-4
5171600,6245374,9,10,-1
5171600,6245374,13,13,0
6515338,7564059,2,4,-2
6515338,7564059,4,10,-6
6515338,7564059,8,7,1
7081226,7964413,1,4,-3
6463417,7313529,6,4,2
6643477,6882804,1,8,-7
6643477,6882804,7,5,2
4640332,5636675,1,1,0
4640332,5636675,3,11,-8
4640332,5636675,4,4,0
4640332,5636675,5,12,-7
6283345,6866172,1,4,-3
6283345,6866172,5,3,2
4303908,6617967,6,11,-5
4303908,6617967,7,1,6
4303908,6617967,11,5,6
4422648,7473072,1,12,-11
4422648,7473072,2,4,-2
4783690,5296725,2,6,-4
4783690,5296725,4,9,-5
4411964,5393354,9,5,4
6608453,8492995,1,1,0
6608453,8492995,2,4,-2
6608453,8492995,12,7,5
5578650,6864335,1,3,-2
6923804,8506565,1,1,0
4867746,8287498,1,2,-1
4867746,8287498,2,4,-2
4867746,8287498,11,8,3
3935306,4254101,1,1,0
4188360,5225161,6,4,2
4188360,5225161,9,7,2
4461856,5298070,1,1,0
4461856,5298070,7,6,1
4461856,5298070,8,2,6
4461856,5298070,11,3,8
4461856,5298070,12,11,1
4617468,6344233,1,1,0
5504637,8132965,10,1,9
6185699,8095827,8,9,-1
4123938,4696578,1,13,-12
4123938,4696578,3,5,-2
4123938,4696578,5,10,-5
4123938,4696578,10,4,6
4785577,5050342,2,13,-11
4212357,7451831,3,3,0
4212357,7451831,4,1,3
6358652,7015638,3,2,1
6358652,7015638,5,8,-3
4562290,5030758,9,11,-2
7409389,8700584,1,1,0
7409389,8700584,2,2,0
7409389,8700584,3,3,0
7409389,8700584,4,4,0
7409389,8700584,5,5,0
7409389,8700584,6,6,0
7409389,8700584,7,7,0
7409389,8700584,8,8,0
7409389,8700584,9,9,0
7409389,8700584,10,10,0
7409389,8700584,11,11,0
7409389,8700584,12,12,0
7409389,8700584,13,13,0
4770235,5167905,1,1,0
4770235,5167905,4,2,2
7490029,8190410,1,1,0
4247210,4606661,1,1,0
4247210,4606661,7,3,4
4247210,4606661,9,12,-3
4247210,4606661,10,7,3
4355385,7715962,1,4,-3
5086385,8298123,3,5,-2
5086385,8298123,11,6,5
7204552,7661758,3,2,1
5109840,7562656,11,1,10
5083565,6056746,2,2,0
4232047,4818539,2,4,-2
4932401,5183037,4,10,-6
4038320,5412066,1,1,0
4038320,5412066,6,12,-6
4714342,5270538,1,5,-4
4714342,5270538,6,2,4
4714342,5270538,13,1,12
4161515,7732153,3,9,-6
4161515,7732153,10,13,-3
7445239,7942442,1,1,0
7445239,7942442,2,3,-1
3936999,4105740,5,2,3
4281510,4722182,2,1,1
4281510,4722182,4,4,0
4281510,4722182,6,2,4
8152365,8348502,2,5,-3
8152365,8348502,3,3,0
8152365,8348502,13,1,12
6938621,7793756,1,7,-6
6938621,7793756,2,5,-3
6430607,7467379,7,2,5
6430607,7467379,8,7,1
7899860,8601047,1,7,-6
7899860,8601047,3,4,-1
7899860,8601047,12,5,7
5163001,7089096,3,4,-1
5163001,7089096,8,8,0
6872318,7442313,10,13,-3
5321806,7777752,1,5,-4
5321806,7777752,6,4,2
4175972,8278030,5,8,-3
8079531,8662415,3,1,2
8079531,8662415,4,13,-9
8079531,8662415,7,4,3
8079531,8662415,10,3,7
4823261,8660995,4,3,1
5224938,7704220,2,11,-9
5224938,7704220,13,2,11
5076674,8525697,3,4,-1
5076674,8525697,8,1,7
6272359,6625476,6,5,1
4939044,6902828,1,9,-8
6152946,8187298,2,6,-4
6152946,8187298,7,11,-4
6152946,8187298,10,2,8
6152946,8187298,13,3,10
7465951,8045367,1,1,0
7465951,8045367,4,5,-1
7465951,8045367,13,11,2
3996141,4717425,12,12,0
5456769,6468440,1,3,-2
4771177,7449681,3,13,-10
4771177,7449681,8,10,-2
4771177,7449681,11,2,9
6983892,7682946,2,2,0
4733195,5291146,3,4,-1
4733195,5291146,10,13,-3
7255458,8264172,3,11,-8
7255458,8264172,4,1,3
5253366,7716750,1,1,0
5253366,7716750,2,3,-1
5253366,7716750,3,4,-1
5253366,7716750,4,6,-2
5118500,5652243,3,1,2
5585896,7628791,3,7,-4
5379446,7031710,3,12,-9
5379446,7031710,9,9,0
5379446,7031710,11,6,5
6177366,6451715,1,1,0
6177366,6451715,3,2,1
6427499,8156772,4,1,3
7142010,7480690,5,8,-3
5420936,8330727,3,1,2
6421393,8737516,2,2,0
6421393,8737516,8,1,7
6278679,7668068,5,6,-1
6278679,7668068,6,13,-7
6541824,7405445,3,2,1
6541824,7405445,13,7,6
4643146,4989567,1,1,0
4643146,4989567,9,7,2
5323439,6118839,5,7,-2
5323439,6118839,7,9,-2
5323439,6118839,11,2,9
4170751,4562551,1,5,-4
4170751,4562551,4,9,-5
4170751,4562551,8,7,1
4700703,7802712,1,1,0
4700703,7802712,4,3,1
4700703,7802712,5,2,3
6373411,7843367,1,1,0
6373411,7843367,2,6,-4
6373411,7843367,3,8,-5
6373411,7843367,9,7,2
6540777,8016870,2,1,1
6414044,7241828,5,4,1
4825707,5228469,3,9,-6
4825707,5228469,5,8,-3
4825707,5228469,6,1,5
7074307,8029459,1,2,-1
4548755,5497792,1,4,-3
6857401,8065909,2,1,1
6857401,8065909,3,10,-7
6857401,8065909,5,9,-4
6857401,8065909,7,2,5
6857401,8065909,12,6,6
4346542,4669245,2,12,-10
4346542,4669245,6,7,-1
5233397,5559592,2,7,-5
5233397,5559592,3,5,-2
5233397,5559592,7,12,-5
5233397,5559592,8,4,4
5500940,7975185,3,12,-9
5500940,7975185,4,5,-1
5500940,7975185,6,8,-2
5500940,7975185,8,9,-1
4544717,7163905,1,4,-3
7162633,7707642,8,1,7
5224719,7073805,5,4,1
6190784,7527666,1,3,-2
6190784,7527666,4,11,-7
6286362,7459677,2,6,-4
6286362,7459677,3,11,-8
6286362,7459677,4,3,1
6286362,7459677,12,2,10
5646982,6535585,1,3,-2
5646982,6535585,2,6,-4
6340181,7121589,11,6,5
6641561,7048720,12,3,9
4247216,6082922,3,4,-1
6362500,7936553,3,5,-2
4630356,7413480,1,3,-2
4630356,7413480,9,10,-1
7319290,8350468,2,6,-4
7319290,8350468,11,2,9
4404481,4841224,1,9,-8
7237623,8286730,2,5,-3
5471805,8136314,4,4,0
5471805,8136314,9,1,8
5070767,5622098,2,3,-1
5070767,5622098,3,7,-4
5070767,5622098,8,12,-4
5070767,5622098,11,6,5
4077595,4714162,2,6,-4
4077595,4714162,4,3,1
4077595,4714162,8,8,0
6999393,7680012,1,3,-2
6999393,7680012,3,5,-2
6999393,7680012,7,9,-2
6999393,7680012,10,4,6
4100968,6854533,2,2,0
4100968,6854533,5,4,1
5240249,7195558,3,1,2
5240249,7195558,4,2,2
5240249,7195558,12,5,7
4346770,5007479,1,4,-3
4346770,5007479,2,1,1
4346770,5007479,3,11,-8
4346770,5007479,7,9,-2
4346770,5007479,10,7,3
7275791,7640828,1,1,0
7275791,7640828,2,2,0
7275791,7640828,4,7,-3
7275791,7640828,5,3,2
7275791,7640828,6,9,-3
7275791,7640828,7,6,1
7275791,7640828,8,5,3
4807705,5244038,1,5,-4
4807705,5244038,3,2,1
4807705,5244038,5,1,4
4807705,5244038,7,7,0
6256019,7899915,2,8,-6
4374182,4696834,2,3,-1
4374182,4696834,8,5,3
4116648,5181946,2,1,1
4116648,5181946,3,5,-2
4116648,5181946,5,3,2
7270862,8062757,1,10,-9
6331595,7700707,12,6,6
4696866,5354528,9,5,4
4696866,5354528,12,11,1
5570353,7002920,5,1,4
5077036,5262442,1,1,0
5077036,5262442,7,3,4
4710283,6444945,2,1,1
4710283,6444945,9,11,-2
5007665,6557906,1,6,-5
5007665,6557906,11,13,-2
5623829,6146448,2,6,-4
5623829,6146448,4,5,-1
5623829,6146448,9,3,6
3938392,6343717,1,3,-2
3938392,6343717,2,1,1
3938392,6343717,3,12,-9
6243380,7616646,2,1,1
6243380,7616646,4,3,1
6243380,7616646,7,4,3
6243380,7616646,9,5,4
6882348,7602994,5,3,2
5143506,5451133,9,1,8
5461007,6334807,1,1,0
5108416,6458138,1,2,-1
5108416,6458138,2,3,-1
5108416,6458138,3,4,-1
6684941,7100678,6,7,-1
6684941,7100678,9,12,-3
4931932,6094640,7,3,4
6842462,7890099,10,2,8
6322549,7387625,4,2,2
6882641,7092506,1,6,-5
6882641,7092506,3,1,2
5049863,5260884,2,4,-2
5049863,5260884,13,3,10
4716082,5405272,5,2,3
6084898,6195375,7,4,3
6084898,6195375,10,9,1
6084898,6195375,11,12,-1
4930389,8642859,2,5,-3
4930389,8642859,4,2,2
4930389,8642859,6,3,3
4930389,8642859,7,9,-2
6417013,8450188,6,3,3
6417013,8450188,8,9,-1
4892535,5300053,1,1,0
4892535,5300053,9,2,7
3948454,7878444,1,1,0
3948454,7878444,3,5,-2
3948454,7878444,10,7,3
5482570,6340789,1,3,-2
5482570,6340789,5,1,4
5482570,6340789,9,2,7
7072789,7841966,1,1,0
7072789,7841966,8,4,4
6828063,8431264,2,13,-11
6828063,8431264,10,7,3
4918572,7363415,3,3,0
4918572,7363415,8,9,-1
6145724,7066117,1,1,0
6145724,7066117,3,3,0
6145724,7066117,6,12,-6
6145724,7066117,9,10,-1
4809420,5038596,1,3,-2
4809420,5038596,6,1,5
4766986,8360219,9,6,3
4766986,8360219,12,1,11
6408205,7050849,10,1,9
5297249,7673227,10,6,4
6358249,8211105,2,1,1
6358249,8211105,3,3,0
6358249,8211105,8,5,3
6233304,8515527,6,10,-4
6233304,8515527,10,4,6
4405237,6608670,3,2,1
4405237,6608670,9,9,0
4405237,6608670,10,10,0
4405237,6608670,11,12,-1
6284503,7645721,1,2,-1
6284503,7645721,7,5,2
4464017,6386712,1,1,0
4464017,6386712,3,5,-2
6463575,6910198,5,4,1
6463575,6910198,6,6,0
6463575,6910198,12,10,2
5567508,6287011,2,8,-6
5567508,6287011,4,5,-1
7132054,8492315,6,6,0
7294379,8056498,4,5,-1
7294379,8056498,12,9,3
7294379,8056498,13,10,3
4850306,5135400,10,3,7
4086451,7075025,8,3,5
5414729,7684472,1,1,0
5414729,7684472,3,3,0
5414729,7684472,12,11,1
4205776,6135288,12,3,9
4431134,8083154,3,5,-2
5315375,7312919,1,3,-2
5315375,7312919,2,2,0
4336524,4696054,1,3,-2
4336524,4696054,7,5,2
4336524,4696054,8,12,-4
5185538,7804904,1,11,-10
5185538,7804904,3,3,0
5185538,7804904,7,10,-3
5623666,7380246,1,1,0
5623666,7380246,5,10,-5
5623666,7380246,8,4,4
5623666,7380246,11,7,4
7842797,8067232,1,1,0
7842797,8067232,4,9,-5
7842797,8067232,11,5,6
6085247,8631277,2,3,-1
6085247,8631277,3,2,1
6244334,7191824,6,11,-5
6244334,7191824,11,2,9
6046086,7208371,1,1,0
6046086,7208371,4,4,0
5339257,6314379,6,11,-5
5126877,5305139,1,11,-10
5126877,5305139,2,4,-2
5126877,5305139,6,5,1
5126877,5305139,8,3,5
5126877,5305139,12,1,11
4670983,8083163,3,8,-5
4670983,8083163,9,4,5
4670983,8083163,12,5,7
6262883,8014155,3,3,0
6262883,8014155,10,2,8
6579498,7591792,5,5,0
5060717,6065531,1,1,0
6969690,8034400,5,4,1
7027898,8217828,1,4,-3
7027898,8217828,5,1,4
7583500,8222986,1,2,-1
4959128,5425855,1,2,-1
4959128,5425855,3,3,0
4959128,5425855,4,4,0
4959128,5425855,8,9,-1
4959128,5425855,9,13,-4
4959128,5425855,10,8,2
4959128,5425855,12,7,5
4394370,8425619,3,4,-1
4394370,8425619,10,1,9
4394370,8425619,12,10,2
6358045,8337198,6,6,0
6358045,8337198,7,2,5
5509585,6206278,1,2,-1
4459138,8163048,7,1,6
4459138,8163048,9,2,7
4459138,8163048,12,5,7
4951658,7584754,1,2,-1
4951658,7584754,2,1,1
6376336,7271445,2,10,-8
6376336,7271445,9,6,3
6376336,7271445,11,12,-1
6532933,6612282,1,11,-10
6532933,6612282,2,3,-1
6532933,6612282,3,12,-9
6532933,6612282,12,8,4
5350515,8147582,2,3,-1
5350515,8147582,7,2,5
6268290,7135399,2,5,-3
6268290,7135399,4,10,-6
6268290,7135399,7,2,5
6149639,8100878,1,4,-3
6149639,8100878,2,3,-1
6149639,8100878,3,9,-6
6149639,8100878,8,2,6
4832569,8337150,1,7,-6
4832569,8337150,8,6,2
7149445,8010002,6,13,-7
7149445,8010002,10,1,9
4291479,7421817,9,10,-1
4642976,5065567,1,3,-2
4642976,5065567,7,1,6
6369714,7900647,1,1,0
6369714,7900647,2,10,-8
6369714,7900647,3,2,1
6369714,7900647,9,5,4
6967351,8268709,8,6,2
6967351,8268709,13,11,2
6526039,8139546,8,6,2
5501273,7090009,9,1,8
6450976,7717115,3,6,-3
6450976,7717115,6,3,3
4431711,6071621,6,2,4
4431711,6071621,11,12,-1
4177691,4669330,2,6,-4
4177691,4669330,4,3,1
4177691,4669330,7,1,6
4177691,4669330,8,12,-4
5092052,6446347,1,1,0
5092052,6446347,2,13,-11
5092052,6446347,4,2,2
5448619,8165086,5,6,-1
8120254,8508129,1,10,-9
8120254,8508129,2,9,-7
8120254,8508129,5,12,-7
8120254,8508129,10,11,-1
8120254,8508129,11,5,6
5217126,6170681,1,7,-6
5217126,6170681,4,4,0
4679775,5632361,1,9,-8
4679775,5632361,5,7,-2
5216330,6768121,1,7,-6
4227269,7213279,1,8,-7
4227269,7213279,4,5,-1
4227269,7213279,10,4,6
4227269,7213279,11,12,-1
4216620,6511735,13,7,6
4902888,7265837,9,1,8
4562161,5114453,4,4,0
4494909,6514045,1,4,-3
4494909,6514045,10,9,1
4494909,6514045,12,5,7
4641066,5481166,1,5,-4
4641066,5481166,3,3,0
4641066,5481166,6,6,0
4641066,5481166,10,4,6
4641066,5481166,12,11,1
6141655,6480857,11,7,4
4094084,4681402,1,1,0
4094084,4681402,8,13,-5
6339772,7783626,4,4,0
4549208,7382399,4,8,-4
4864576,7643509,2,8,-6
4864576,7643509,13,13,0
4110247,4362658,1,1,0
4110247,4362658,3,4,-1
6467079,8291374,8,2,6
6467079,8291374,10,6,4
7799657,8143113,3,9,-6
5042015,7752009,11,10,1
5634293,7065919,1,1,0
7208366,8492247,2,1,1
7208366,8492247,3,3,0
7208366,8492247,6,10,-4
6091534,7936492,1,11,-10
6091534,7936492,6,1,5
6091534,7936492,7,7,0
6091534,7936492,12,4,8
6283768,7361047,3,9,-6
6283768,7361047,5,6,-1
5566779,6135219,4,2,2
4521486,5165999,1,1,0
4521486,5165999,2,2,0
4521486,5165999,3,8,-5
4521486,5165999,4,4,0
4521486,5165999,5,5,0
7149496,7663221,5,3,2
4712169,5357418,3,3,0
4712169,5357418,4,13,-9
4712169,5357418,7,11,-4
6532890,8360917,1,9,-8
3954608,7922909,7,9,-2
4946398,5141452,1,2,-1
4946398,5141452,2,1,1
4946398,5141452,4,10,-6
4946398,5141452,7,6,1
4757022,7835777,11,3,8
5342154,7793572,1,1,0
5342154,7793572,8,10,-2
5342154,7793572,12,7,5
5247190,7952093,1,3,-2
5379514,7540080,9,4,5
6248067,6558321,5,7,-2
6248067,6558321,6,1,5
6248067,6558321,11,4,7
5206590,5485334,1,5,-4
5206590,5485334,2,2,0
5119131,5339135,1,1,0
5119131,5339135,2,6,-4
5119131,5339135,5,3,2
5119131,5339135,12,2,10
4409689,5242379,3,3,0
4409689,5242379,13,8,5
4135021,5267816,2,6,-4
4135021,5267816,7,2,5
4135021,5267816,10,4,6
4135021,5267816,13,7,6
8370397,8566279,1,1,0
8370397,8566279,7,9,-2
8370397,8566279,8,13,-5
8370397,8566279,10,7,3
7115132,8636804,3,2,1
7115132,8636804,6,5,1
7115132,8636804,7,4,3
7115132,8636804,8,11,-3
6849558,7662299,8,10,-2
5646939,8027293,2,6,-4
6163681,8280309,1,12,-11
6163681,8280309,9,10,-1
4005356,4847563,1,10,-9
4005356,4847563,3,9,-6
4005356,4847563,4,6,-2
4217629,7841755,8,2,6
5193632,7849945,5,10,-5
5193632,7849945,9,2,7
5302288,8721889,1,10,-9
5302288,8721889,2,6,-4
5302288,8721889,3,1,2
6275712,8351358,4,3,1
6275712,8351358,5,1,4
4071338,5306207,12,2,10
4744674,6279298,2,10,-8
4744674,6279298,9,5,4
4744674,6279298,12,12,0
5471163,6386674,8,13,-5
4835965,6202409,1,1,0
4835965,6202409,4,4,0
4835965,6202409,9,10,-1
4835965,6202409,11,3,8
5519858,6434600,2,5,-3
4274911,6306248,3,12,-9
4274911,6306248,12,13,-1
4955891,6261300,2,1,1
4791708,6643899,3,11,-8
5048183,6444259,5,1,4
5048183,6444259,9,11,-2
5128965,8578222,2,6,-4
5128965,8578222,3,5,-2
5128965,8578222,7,1,6
5075166,7906847,4,11,-7
5075166,7906847,9,6,3
6062143,7137341,1,1,0
6062143,7137341,2,9,-7
6062143,7137341,3,11,-8
6062143,7137341,7,4,3
7246050,8408910,8,5,3
7011656,8523851,2,9,-7
4637457,6914955,4,1,3
4637457,6914955,5,5,0
4637457,6914955,8,2,6
5524190,7702800,9,7,2
4444336,6449970,2,5,-3
4830979,5105262,2,5,-3
4830979,5105262,6,8,-2
4160833,6540960,12,3,9
5194393,8140148,1,4,-3
5328094,8225768,1,1,0
5328094,8225768,2,3,-1
5409930,6245760,6,9,-3
5409930,6245760,8,4,4
5409930,6245760,9,6,3
5409930,6245760,11,11,0
5409930,6245760,12,13,-1
6128953,7032451,1,5,-4
6128953,7032451,11,10,1
5619657,7747597,1,7,-6
5619657,7747597,3,3,0
5619657,7747597,11,12,-1
5291542,7120810,2,10,-8
5291542,7120810,12,8,4
4310960,7681629,3,5,-2
4310960,7681629,7,12,-5
5432912,6167467,2,11,-9
5432912,6167467,3,8,-5
5432912,6167467,6,2,4
5432912,6167467,11,5,6
5432912,6167467,12,1,11
6247820,8121787,1,5,-4
6247820,8121787,5,3,2
6247820,8121787,6,13,-7
6449344,8443290,2,4,-2
6359670,7710511,8,9,-1
6359670,7710511,11,12,-1
6359670,7710511,12,7,5
5151697,7783654,7,1,6
5151697,7783654,11,4,7
4263560,6097936,10,12,-2
4535395,4617612,4,5,-1
4535395,4617612,5,4,1
4328725,5406870,8,4,4
4328725,5406870,11,6,5
5393713,6151489,2,8,-6
6551884,7518387,8,12,-4
4209126,4544093,5,4,1
4566007,6087958,1,6,-5
4566007,6087958,6,4,2
4566007,6087958,8,5,3
7080334,7546559,9,1,8
7080334,7546559,11,6,5
4353205,5309709,3,2,1
4353205,5309709,5,3,2
4353205,5309709,8,9,-1
6408334,7747804,5,6,-1
6408334,7747804,9,10,-1
6419608,7163485,1,1,0
6419608,7163485,2,2,0
6419608,7163485,3,3,0
6419608,7163485,4,4,0
6419608,7163485,5,5,0
6419608,7163485,6,6,0
6419608,7163485,7,7,0
6419608,7163485,8,8,0
6419608,7163485,9,9,0
6419608,7163485,10,10,0
6419608,7163485,11,11,0
6419608,7163485,12,12,0
6419608,7163485,13,13,0
5213887,7582343,5,7,-2
5185616,5594535,1,1,0
5185616,5594535,3,2,1
5185616,5594535,5,9,-4
5564232,7841355,5,2,3
7665033,8745535,2,2,0
7665033,8745535,6,11,-5
7014615,7909774,11,1,10
4195500,4955213,1,1,0
4195500,4955213,4,3,1
4195500,4955213,6,12,-6
5447724,7896914,1,11,-10
5447724,7896914,7,9,-2
5447724,7896914,12,7,5
6404747,7054434,3,7,-4
4785393,5493524,2,6,-4
4785393,5493524,4,2,2
4785393,5493524,5,1,4
4785393,5493524,12,10,2
4917768,6387219,1,3,-2
4917768,6387219,2,1,1
4917768,6387219,4,5,-1
4917768,6387219,5,8,-3
4599121,7872611,1,2,-1
4599121,7872611,8,5,3
4599121,7872611,10,3,7
4251654,4933503,1,9,-8
4251654,4933503,12,3,9
5619896,7472634,2,9,-7
4725139,6285449,1,5,-4
4725139,6285449,4,8,-4
4725139,6285449,10,9,1
7030912,8363147,1,6,-5
7030912,8363147,2,2,0
7030912,8363147,8,12,-4
4501960,8338922,9,7,2
4780481,7884139,2,2,0
5078686,7766872,6,1,5
5078686,7766872,8,8,0
7410884,8546945,3,3,0
7410884,8546945,6,4,2
6994693,8192402,2,1,1
6938713,8251865,9,1,8
5241310,7365669,1,3,-2
5241310,7365669,2,5,-3
5241310,7365669,3,2,1
5241310,7365669,8,6,2
4695735,6873072,13,2,11
7162779,8336116,2,1,1
4356701,7313922,1,12,-11
4356701,7313922,3,1,2
4356701,7313922,6,2,4
5217916,8742476,6,10,-4
4096881,4869458,2,2,0
4696119,7080577,3,4,-1
6843798,7704267,9,1,8
4460052,7960314,8,9,-1
4460052,7960314,11,7,4
4083156,4261460,4,11,-7
4083156,4261460,13,9,4
6625611,6839719,3,5,-2
6625611,6839719,4,13,-9
6257486,8275713,2,3,-1
6665161,7057180,9,7,2
7382421,8643006,1,2,-1
7382421,8643006,2,1,1
7382421,8643006,3,11,-8
7382421,8643006,4,12,-8
7382421,8643006,6,13,-7
7382421,8643006,10,10,0
7382421,8643006,13,9,4
6221908,7302298,2,3,-1
3972296,4161149,2,3,-1
3972296,4161149,5,5,0
3972296,4161149,6,2,4
3972296,4161149,7,9,-2
5140437,8548310,10,7,3
6512756,8098624,2,2,0
6512756,8098624,4,6,-2
5395327,6464645,1,1,0
5395327,6464645,4,10,-6
5395327,6464645,9,5,4
6537379,6890645,1,1,0
5601505,7997840,1,1,0
4777957,5038784,2,9,-7
4777957,5038784,4,4,0
4777957,5038784,7,13,-6
5283989,8721583,4,2,2
4759766,8277509,2,13,-11
4759766,8277509,11,9,2
4914431,5321344,1,3,-2
4914431,5321344,4,11,-7
4914431,5321344,6,8,-2
5429326,7165816,4,2,2
6427140,7574440,6,12,-6
6427140,7574440,9,1,8
5165986,7087293,3,4,-1
5165986,7087293,5,6,-1
4143646,6888117,2,6,-4
4143646,6888117,8,3,5
4925026,5261561,8,7,1
7054122,8237578,3,2,1
6407478,8349099,13,9,4
5077334,7378449,4,4,0
7073090,7599342,10,2,8
5044522,5277332,2,2,0
5044522,5277332,5,12,-7
6347247,7725188,4,9,-5
6347247,7725188,8,11,-3
3993685,4603216,1,1,0
3993685,4603216,4,8,-4
3993685,4603216,5,3,2
3993685,4603216,8,5,3
3993685,4603216,10,10,0
3993685,4603216,13,12,1
5562100,6119031,2,3,-1
4876747,8479918,1,2,-1
4811045,6311027,3,12,-9
4811045,6311027,4,5,-1
4811045,6311027,5,2,3
4811045,6311027,6,3,3
4811045,6311027,9,7,2
4811045,6311027,10,9,1
5206586,8069580,3,13,-10
5206586,8069580,12,10,2
4829453,8350947,2,3,-1
4829453,8350947,5,2,3
4553643,6311807,1,3,-2
4553643,6311807,2,9,-7
4553643,6311807,6,1,5
4553643,6311807,7,7,0
7072862,8090649,13,2,11
4911934,8524198,1,7,-6
4911934,8524198,2,9,-7
4911934,8524198,9,3,6
7076478,7945648,2,5,-3
7076478,7945648,6,4,2
7076478,7945648,8,7,1
5339726,6291808,1,2,-1
5339726,6291808,5,7,-2
7765760,8056289,1,7,-6
7765760,8056289,4,2,2
7765760,8056289,5,3,2
7765760,8056289,6,1,5
7765760,8056289,8,10,-2
5321694,6470022,5,3,2
5385880,8377926,6,6,0
6327574,7870580,7,2,5
6327574,7870580,12,12,0
5021779,6992575,1,6,-5
5021779,6992575,13,8,5
5641027,6250403,3,6,-3
5641027,6250403,5,11,-6
5641027,6250403,6,1,5
3931080,5132028,13,1,12
4403479,5267490,2,7,-5
4403479,5267490,6,8,-2
4403479,5267490,12,5,7
6148161,6928255,1,1,0
6148161,6928255,2,5,-3
6148161,6928255,6,4,2
6148161,6928255,12,2,10
6148161,6928255,13,3,10
4021434,6121284,1,1,0
4956350,8258117,9,8,1
4150553,4529254,1,1,0
4150553,4529254,2,3,-1
4150553,4529254,3,13,-10
4150553,4529254,7,2,5
4150553,4529254,8,9,-1
4150553,4529254,10,11,-1
5003829,5269179,1,5,-4
5003829,5269179,3,1,2
8221430,8460302,1,1,0
8221430,8460302,11,2,9
4642487,5477475,9,5,4
4642487,5477475,10,7,3
4642487,5477475,13,2,11
4677562,5422812,3,7,-4
5049084,7121839,2,13,-11
5049084,7121839,9,8,1
5049084,7121839,12,6,6
6666750,8003217,13,3,10
6433465,8508193,2,1,1
5342507,6511933,12,7,5
4432765,7717883,1,1,0
4432765,7717883,6,7,-1
5362124,6474741,1,1,0
5362124,6474741,6,8,-2
5362124,6474741,8,6,2
5362124,6474741,11,5,6
6160739,7310272,2,3,-1
6160739,7310272,3,4,-1
6160739,7310272,10,5,5
6160739,7310272,12,1,11
4522853,4778701,5,5,0
4522853,4778701,11,10,1
7413330,8113704,1,12,-11
7413330,8113704,5,7,-2
5322620,7914477,2,4,-2
5322620,7914477,6,6,0
5322620,7914477,11,3,8
6130881,7352692,10,11,-1
4685721,6866329,12,5,7
6664079,7476734,2,1,1
6664079,7476734,6,3,3
6664079,7476734,11,6,5
6269790,8056531,1,1,0
6269790,8056531,2,4,-2
6269790,8056531,3,6,-3
6269790,8056531,4,10,-6
6269790,8056531,10,5,5
6269790,8056531,12,7,5
6895094,8203975,3,1,2
5557623,8255732,1,3,-2
5557623,8255732,2,2,0
5557623,8255732,3,4,-1
5557623,8255732,6,1,5
7018609,8349308,8,3,5
4373015,7132195,1,2,-1
4373015,7132195,7,7,0
4373015,7132195,9,9,0
4373015,7132195,10,1,9
4373015,7132195,11,11,0
4878368,6311378,4,2,2
4878368,6311378,5,8,-3
5569246,8496685,1,2,-1
5569246,8496685,5,7,-2
5569246,8496685,10,12,-2
5569246,8496685,13,8,5
6658935,7938003,1,1,0
6658935,7938003,2,10,-8
6658935,7938003,3,13,-10
4931419,6846773,2,10,-8
4931419,6846773,3,2,1
4931419,6846773,11,7,4
5012308,5229310,8,9,-1
5012308,5229310,10,10,0
4210132,4950223,5,12,-7
4210132,4950223,7,7,0
6175170,6645757,4,8,-4
4788675,8588582,1,1,0
4788675,8588582,2,2,0
4070705,5287489,1,13,-12
7135991,8330624,1,3,-2
7135991,8330624,2,13,-11
7135991,8330624,11,6,5
6947738,8165142,1,11,-10
6947738,8165142,4,1,3
6617961,7928829,3,1,2
4262992,6522462,1,4,-3
4262992,6522462,2,11,-9
4262992,6522462,4,5,-1
5354861,6670346,3,1,2
5354861,6670346,8,2,6
6348318,8394642,4,3,1
4930770,7106305,5,5,0
4930770,7106305,9,9,0
6129815,7678856,6,9,-3
4000378,4456790,4,6,-2
4045563,6559167,1,13,-12
4045563,6559167,3,6,-3
4065816,7473279,8,4,4
4999518,5134323,1,6,-5
4999518,5134323,3,2,1
4999518,5134323,4,12,-8
4458134,4640382,1,12,-11
4458134,4640382,3,1,2
4458134,4640382,7,3,4
7335611,7700467,5,3,2
6611782,8554495,6,2,4
6238633,8540816,13,6,7
7984708,8567380,11,1,10
7984708,8567380,12,7,5
5600725,8359468,2,1,1
5600725,8359468,4,11,-7
5600725,8359468,13,6,7
7219421,8201124,9,3,6
7219421,8201124,13,11,2
6611802,8706495,2,9,-7
6611802,8706495,9,7,2
6611802,8706495,11,4,7
3945832,4539291,3,1,2
3945832,4539291,4,2,2
3945832,4539291,5,12,-7
5565145,7470656,7,1,6
5565145,7470656,10,2,8
4702482,6497415,1,1,0
4702482,6497415,4,7,-3
4702482,6497415,9,3,6
5026365,6491655,13,3,10
4988564,6190634,3,2,1
6212217,6496528,7,5,2
6212217,6496528,9,1,8
6212217,6496528,13,2,11
6880031,7484046,2,1,1
6880031,7484046,3,12,-9
6880031,7484046,4,13,-9
7930427,8301778,7,4,3
5632293,6089247,3,2,1
5632293,6089247,4,3,1
7240236,8688949,6,5,1
5333097,6097591,2,4,-2
5333097,6097591,12,2,10
5065393,7693594,4,12,-8
5102394,7632243,1,1,0
5102394,7632243,3,12,-9
4199424,6279376,4,10,-6
4199424,6279376,11,13,-2
5598536,6466571,4,4,0
5598536,6466571,6,7,-1
5598536,6466571,8,11,-3
5598536,6466571,10,8,2
5598536,6466571,13,5,8
6206343,7075394,4,11,-7
6553263,8670835,6,3,3
6560789,7941873,5,3,2
6560789,7941873,13,1,12
7898040,8264049,2,6,-4
4146649,5141964,3,10,-7
4146649,5141964,8,9,-1
3958794,5275380,1,1,0
3958794,5275380,2,2,0
3958794,5275380,12,9,3
6564433,7198315,6,6,0
5571734,8044432,3,13,-10
5602603,8661562,2,5,-3
5602603,8661562,5,4,1
6206856,7985216,2,1,1
6206856,7985216,7,6,1
4778213,7226100,5,13,-8
4778213,7226100,8,3,5
6399526,6486084,1,1,0
6399526,6486084,2,2,0
6937667,7299012,3,10,-7
6256178,6556393,2,6,-4
6256178,6556393,3,2,1
6256178,6556393,4,1,3
6256178,6556393,7,4,3
7447635,8706472,1,2,-1
6630975,7292300,1,6,-5
6630975,7292300,2,1,1
6630975,7292300,3,3,0
5479199,6394596,8,5,3
6616275,7670371,8,5,3
4048098,4294726,1,8,-7
4048098,4294726,5,4,1
4048098,4294726,8,11,-3
4028674,5101437,3,1,2
7235562,7674796,1,1,0
7235562,7674796,2,2,0
7235562,7674796,3,3,0
7235562,7674796,4,4,0
7235562,7674796,5,5,0
7235562,7674796,6,6,0
7235562,7674796,7,7,0
7235562,7674796,8,8,0
7235562,7674796,9,9,0
7235562,7674796,10,10,0
7235562,7674796,11,11,0
7235562,7674796,12,12,0
7235562,7674796,13,13,0
6608868,7974371,3,2,1
4078609,4463810,1,1,0
5065418,6292533,1,1,0
5065418,6292533,6,8,-2
6229858,7447283,2,2,0
7142019,8015419,2,10,-8
7142019,8015419,6,1,5
7142019,8015419,13,3,10
6205674,7634177,9,1,8
4927278,5374132,1,1,0
4927278,5374132,2,4,-2
4927278,5374132,3,2,1
4927278,5374132,5,6,-1
6184066,6576505,2,12,-10
5550256,8022027,1,2,-1
5550256,8022027,2,6,-4
5550256,8022027,9,13,-4
5621684,7852682,2,7,-5
5621684,7852682,5,2,3
5621684,7852682,9,5,4
5621684,7852682,10,13,-3
5621684,7852682,11,6,5
5385553,8033995,3,3,0
4188896,5327841,1,11,-10
4188896,5327841,4,2,2
4188896,5327841,9,4,5
7732819,8619454,2,1,1
7732819,8619454,3,6,-3
7732819,8619454,13,11,2
4405832,8271109,1,1,0
4405832,8271109,4,8,-4
5291402,6118841,4,4,0
5291402,6118841,5,3,2
4820830,7989553,2,1,1
4951154,5481368,8,4,4
5030848,5184061,4,1,3
6130602,6885288,2,3,-1
7307461,8289807,3,2,1
7307461,8289807,10,3,7
3932853,8380355,4,4,0
3932853,8380355,11,11,0
5385100,8646389,1,2,-1
5385100,8646389,3,1,2
4928526,6508121,4,2,2
4928526,6508121,8,12,-4
6246986,7734468,1,5,-4
6246986,7734468,3,9,-6
6246986,7734468,10,4,6
4333081,6469655,1,3,-2
4333081,6469655,12,12,0
6322558,8641705,1,1,0
6322558,8641705,2,2,0
6322558,8641705,7,11,-4
4099780,6938258,3,8,-5
5578461,7033782,1,1,0
5578461,7033782,5,2,3
5578461,7033782,7,7,0
5578461,7033782,9,13,-4
4493811,6456681,3,1,2
4493811,6456681,7,5,2
4849902,7386361,2,2,0
4849902,7386361,7,13,-6
4849902,7386361,10,1,9
3938823,6604745,2,13,-11
5107112,5329122,1,4,-3
5107112,5329122,2,9,-7
5107112,5329122,3,12,-9
5107112,5329122,10,6,4
5387221,7033370,1,2,-1
5387221,7033370,3,1,2
5387221,7033370,4,3,1
6431452,7527204,5,1,4
6431452,7527204,10,3,7
6404027,7135369,1,1,0
5347302,8452689,2,1,1
5526932,6568129,1,9,-8
5526932,6568129,6,12,-6
5526932,6568129,8,6,2
4049260,7222844,5,5,0
4049260,7222844,13,7,6
4874377,8361038,5,9,-4
4874377,8361038,12,10,2
4938568,5641426,2,12,-10
4938568,5641426,7,7,0
4938568,5641426,12,8,4
4679072,6330078,6,6,0
4679072,6330078,12,1,11
4760723,5000020,1,1,0
4760723,5000020,2,10,-8
4760723,5000020,8,4,4
4305075,6087985,1,1,0
4305075,6087985,11,11,0
4279465,4678269,1,8,-7
4279465,4678269,7,3,4
4279465,4678269,12,1,11
4693992,5326567,4,4,0
6082575,7938574,9,3,6
4500501,5098680,6,10,-4
4500501,5098680,9,1,8
4676951,6669432,11,11,0
5316008,8229536,9,3,6
4948367,5221202,5,2,3
4948367,5221202,8,3,5
6146767,8173198,8,13,-5
6146767,8173198,10,3,7
4598392,7320364,9,1,8
7584495,8135038,4,5,-1
7584495,8135038,5,8,-3
7187153,7703571,3,2,1
7187153,7703571,4,6,-2
7187153,7703571,11,4,7
6167349,6913483,2,2,0
5301278,7136971,1,1,0
5301278,7136971,6,10,-4
6305263,7832134,6,4,2
7005333,8274072,2,2,0
7005333,8274072,3,1,2
7005333,8274072,7,10,-3
7005333,8274072,10,8,2
6992026,8314013,2,11,-9
6992026,8314013,7,10,-3
6911417,8701763,2,12,-10
6177567,7674800,3,2,1
6177567,7674800,6,1,5
6177567,7674800,10,8,2
6560651,8515400,12,5,7
6094353,7397674,1,2,-1
6171467,6537144,7,1,6
5555910,7169352,9,9,0
5555910,7169352,10,12,-2
4749074,4838405,1,1,0
4749074,4838405,3,11,-8
4749074,4838405,4,7,-3
4988580,7189280,10,2,8
5632615,6544302,8,6,2
5632615,6544302,10,12,-2
6518122,7067414,5,5,0
6270180,8336990,1,1,0
6270180,8336990,11,8,3
6462898,8185803,2,4,-2
6462898,8185803,7,5,2
6462898,8185803,10,6,4
6462898,8185803,12,9,3
6975672,8254500,6,4,2
6581891,6926240,7,7,0
7441603,7669657,1,6,-5
7441603,7669657,2,4,-2
7441603,7669657,3,11,-8
7441603,7669657,10,7,3
7441603,7669657,11,9,2
5366302,8011758,11,13,-2
4601275,6341597,1,1,0
4601275,6341597,3,3,0
4601275,6341597,4,7,-3
6312443,7766930,1,5,-4
6312443,7766930,2,11,-9
6312443,7766930,7,6,1
5411025,7837684,1,13,-12
5393057,6375567,1,1,0
5393057,6375567,6,5,1
5393057,6375567,9,2,7
5393057,6375567,10,6,4
5393057,6375567,12,10,2
6375651,6540655,8,10,-2
5263651,7121488,7,5,2
4131913,5579047,1,3,-2
4131913,5579047,2,7,-5
4131913,5579047,3,8,-5
4671792,8435206,2,3,-1
5186339,6489169,7,13,-6
5628588,6360880,1,5,-4
5628588,6360880,3,4,-1
5628588,6360880,5,3,2
6556013,7064548,4,12,-8
4203815,5128187,2,5,-3
4203815,5128187,11,2,9
4950913,7429804,2,11,-9
4950913,7429804,3,1,2
5491097,6478939,3,4,-1
5491097,6478939,5,6,-1
4053915,4207537,4,11,-7
4053915,4207537,10,2,8
3975706,4052696,4,9,-5
4855836,5301029,1,3,-2
6246809,6327397,3,4,-1
6246809,6327397,10,8,2
6253169,7096179,8,6,2
4432575,8579340,4,6,-2
4432575,8579340,6,1,5
6298176,7661597,3,3,0
6289114,7697729,1,1,0
6289114,7697729,3,10,-7
6289114,7697729,4,5,-1
4693329,4753031,9,5,4
4693329,4753031,11,3,8
3963076,4745975,9,3,6
3963076,4745975,12,5,7
3963076,4745975,13,1,12
5130706,6075462,2,5,-3
5130706,6075462,4,2,2
5130706,6075462,10,1,9
7699688,8721391,2,1,1
7699688,8721391,3,12,-9
7699688,8721391,5,8,-3
7699688,8721391,9,3,6
7699688,8721391,10,5,5
6122552,8229572,6,1,5
6087157,8288116,4,4,0
6511492,7144408,4,11,-7
4941259,5600890,1,6,-5
4941259,5600890,3,1,2
5158078,5447525,3,1,2
6316517,8132507,10,1,9
7237041,7827249,1,2,-1
7237041,7827249,7,10,-3
5375195,7016882,7,13,-6
5375195,7016882,12,9,3
4408935,7611312,3,1,2
4408935,7611312,4,9,-5
4408935,7611312,6,11,-5
6863395,8661562,8,4,4
6863395,8661562,11,5,6
6068193,8132715,1,6,-5
5035243,7657294,2,1,1
4712901,4857718,4,3,1
4712901,4857718,6,11,-5
4712901,4857718,7,2,5
4341562,8603952,4,1,3
5137842,6312986,2,1,1
5137842,6312986,5,13,-8
5137842,6312986,12,6,6
5010995,8192273,1,13,-12
5010995,8192273,7,8,-1
5010995,8192273,10,7,3
6188526,7675686,1,5,-4
6188526,7675686,2,3,-1
7142601,8731068,5,2,3
7142601,8731068,6,10,-4
7142601,8731068,8,1,7
7142601,8731068,9,8,1
6082715,6886650,2,1,1
6082715,6886650,9,9,0
4278282,4679837,1,3,-2
5321722,5504802,2,4,-2
5161007,7167155,4,5,-1
5161007,7167155,8,9,-1
3986383,7174764,4,7,-3
6146383,8475498,2,4,-2
6234648,7229571,7,5,2
5256231,6342285,2,1,1
5256231,6342285,8,7,1
8206316,8702623,1,4,-3
8206316,8702623,10,5,5
6962768,8394569,10,5,5
5112882,8314196,8,3,5
5546772,8671719,1,5,-4
5546772,8671719,8,1,7
7016741,7228186,2,2,0
4045197,4685867,4,4,0
4045197,4685867,11,6,5
6069907,7130111,1,2,-1
6069907,7130111,7,10,-3
4332223,6374799,1,4,-3
4332223,6374799,3,7,-4
4332223,6374799,4,10,-6
4332223,6374799,6,1,5
4332223,6374799,9,11,-2
4332223,6374799,10,3,7
5571192,8236058,4,1,3
5571192,8236058,6,5,1
5524644,6450983,1,2,-1
5524644,6450983,2,1,1
5524644,6450983,3,3,0
5524644,6450983,4,7,-3
5524644,6450983,5,5,0
5524644,6450983,13,13,0
6384473,8502390,2,2,0
6384473,8502390,3,1,2
4017153,8000007,2,7,-5
4017153,8000007,3,2,1
6638496,8689796,1,2,-1
6638496,8689796,2,3,-1
4753218,6662800,1,9,-8
4753218,6662800,13,3,10
6172745,8285510,7,4,3
4876174,6518003,3,9,-6
4876174,6518003,7,8,-1
4443151,7263936,8,8,0
5208557,8686787,1,12,-11
5208557,8686787,2,1,1
5208557,8686787,4,4,0
4905987,8070615,2,1,1
4900977,5270612,1,3,-2
4900977,5270612,3,12,-9
4900977,5270612,5,5,0
4900977,5270612,7,7,0
5086033,5447557,2,7,-5
5086033,5447557,4,3,1
6092868,8534753,1,10,-9
6092868,8534753,3,4,-1
7185377,8621686,1,4,-3
6652758,7396458,1,7,-6
6652758,7396458,3,5,-2
6652758,7396458,4,4,0
6652758,7396458,6,3,3
4839950,7856716,2,2,0
4839950,7856716,7,3,4
6178482,7721075,1,8,-7
6178482,7721075,8,3,5
6178482,7721075,9,9,0
7680970,8127063,2,2,0
7680970,8127063,8,6,2
7680970,8127063,13,8,5
6285900,7328054,1,6,-5
6285900,7328054,3,1,2
6285900,7328054,6,3,3
4950269,6576016,3,2,1
5601201,8152014,1,10,-9
5601201,8152014,11,13,-2
6283961,8043287,7,3,4
6072236,8426982,1,3,-2
6072236,8426982,5,1,4
6072236,8426982,7,7,0
6385651,7933968,4,10,-6
5351041,6542794,9,6,3
5351041,6542794,10,2,8
6151648,7477704,2,10,-8
6151648,7477704,3,1,2
6151648,7477704,7,5,2
6097430,6995790,1,1,0
6097430,6995790,2,2,0
6097430,6995790,3,5,-2
6097430,6995790,6,4,2
6097430,6995790,8,13,-5
6091203,7348947,2,4,-2
6091203,7348947,3,11,-8
6091203,7348947,8,8,0
6091203,7348947,9,9,0
6091203,7348947,12,2,10
6091203,7348947,13,3,10
4676144,5145303,11,5,6
4811539,5555689,3,3,0
4811539,5555689,8,13,-5
4811539,5555689,9,2,7
4811539,5555689,10,4,6
5655077,6237786,7,9,-2
6269431,7668884,1,9,-8
6269431,7668884,5,1,4
5568540,7724880,1,2,-1
6560470,7766693,12,3,9
6950621,7433633,2,13,-11
6950621,7433633,6,5,1
6950621,7433633,8,10,-2
7526588,7895378,3,3,0
7526588,7895378,5,1,4
7526588,7895378,6,2,4
4364140,6390118,4,6,-2
5447278,7163175,3,6,-3
5447278,7163175,4,1,3
5447278,7163175,11,3,8
5025743,5380229,1,1,0
5025743,5380229,2,3,-1
5025743,5380229,6,6,0
6582306,8267765,1,1,0
6582306,8267765,3,4,-1
4913164,7920927,2,8,-6
4913164,7920927,11,10,1
6426916,8631193,1,1,0
6904590,7203924,3,3,0
6904590,7203924,6,10,-4
7119475,8493006,1,4,-3
7119475,8493006,5,3,2
7119475,8493006,6,12,-6
7119475,8493006,7,2,5
6443995,7578852,1,9,-8
6443995,7578852,2,6,-4
6443995,7578852,5,2,3
6443995,7578852,6,4,2
4865321,6106396,6,13,-7
4865321,6106396,7,2,5
4865321,6106396,8,12,-4
4663273,5037731,1,2,-1
4663273,5037731,2,1,1
4663273,5037731,6,12,-6
4663273,5037731,8,5,3
4663273,5037731,11,3,8
5355524,7236212,7,1,6
4772911,4999645,10,1,9
4191596,5451270,3,1,2
4191596,5451270,7,9,-2
7030428,7479465,3,1,2
7030428,7479465,4,12,-8
5110527,7465483,1,8,-7
5110527,7465483,10,12,-2
4071660,8273472,12,9,3
5159687,8245183,11,4,7
7052131,7572841,2,4,-2
7052131,7572841,9,3,6
6391643,7699775,1,1,0
5381536,8370608,7,13,-6
4724560,5271659,7,11,-4
4332075,6080606,5,1,4
6063464,6368710,1,11,-10
6063464,6368710,3,5,-2
4400353,5340747,4,3,1
4999519,5434517,1,6,-5
4999519,5434517,4,8,-4
4999519,5434517,5,7,-2
4102446,6578690,1,1,0
4102446,6578690,8,8,0
4067068,5651779,1,1,0
4067068,5651779,2,4,-2
4067068,5651779,8,6,2
7690833,8609148,8,4,4
5550838,6128756,1,3,-2
5550838,6128756,6,2,4
5642178,6312125,8,6,2
5642178,6312125,10,11,-1
5417714,6351669,4,2,2
5417714,6351669,5,1,4
6086616,8617254,5,6,-1
6086616,8617254,12,2,10
7127700,7590661,3,11,-8
7127700,7590661,4,1,3
7127700,7590661,5,2,3
4269008,7712263,1,1,0
4269008,7712263,7,4,3
4269008,7712263,9,2,7
6971675,7210552,1,1,0
6971675,7210552,3,6,-3
6971675,7210552,6,3,3
6971675,7210552,9,8,1
4157316,8524631,1,3,-2
4947205,5414779,12,4,8
6473137,8289369,4,9,-5
5151614,6329852,2,2,0
5151614,6329852,13,13,0
6546910,8676470,1,1,0
6546910,8676470,2,8,-6
6546910,8676470,5,7,-2
6196464,6519158,8,1,7
4091245,4393282,1,7,-6
4091245,4393282,5,4,1
4091245,4393282,7,12,-5
5654937,6208584,1,1,0
5654937,6208584,4,5,-1
5654937,6208584,11,12,-1
5094995,6933257,1,2,-1
5094995,6933257,3,6,-3
5094995,6933257,4,7,-3
5094995,6933257,7,8,-1
6224219,8506095,2,2,0
6224219,8506095,6,6,0
6224219,8506095,7,4,3
6224219,8506095,11,10,1
4880971,7161165,4,3,1
4880971,7161165,5,8,-3
4880971,7161165,6,11,-5
4880971,7161165,9,9,0
6131606,8684037,1,1,0
6131606,8684037,2,2,0
6131606,8684037,3,5,-2
6131606,8684037,11,8,3
6131606,8684037,12,11,1
6131606,8684037,13,13,0
6161131,6469689,5,1,4
5094315,7134706,13,12,1
4432051,5010482,2,6,-4
4717814,4987291,1,2,-1
4717814,4987291,7,9,-2
6119235,8661557,7,6,1
7290364,8083134,1,7,-6
6072620,8049951,3,3,0
6072620,8049951,8,12,-4
5623157,7045403,2,2,0
4422602,5478030,1,4,-3
4422602,5478030,2,10,-8
4422602,5478030,9,5,4
7102639,7839408,6,3,3
7102639,7839408,12,7,5
5324255,7615015,1,1,0
5324255,7615015,2,9,-7
6677976,7631266,12,1,11
5657139,8208114,11,12,-1
5657139,8208114,12,3,9
5657139,8208114,13,2,11
5428684,7159114,4,1,3
5428684,7159114,9,9,0
8162537,8282277,2,1,1
8162537,8282277,3,6,-3
8162537,8282277,4,2,2
4687954,5073727,7,11,-4
4687954,5073727,10,8,2
4687954,5073727,13,1,12
4800383,5119273,2,2,0
5102181,7623958,7,8,-1
5242459,8303624,6,4,2
5242459,8303624,11,7,4
5000422,5217041,1,1,0
5000422,5217041,2,4,-2
5000422,5217041,3,5,-2
5000422,5217041,4,11,-7
5000422,5217041,6,3,3
5000422,5217041,7,13,-6
4378711,8276275,4,1,3
7727332,8416825,5,4,1
3991429,4601220,1,2,-1
3991429,4601220,5,3,2
3991429,4601220,6,1,5
3991429,4601220,12,8,4
5147614,5268151,1,1,0
5147614,5268151,2,4,-2
5147614,5268151,5,6,-1
4977455,7386473,11,4,7
7570593,8031605,2,13,-11
7570593,8031605,4,3,1
5336467,6889468,11,1,10
6421244,7679923,4,5,-1
4116456,5330210,1,1,0
4116456,5330210,2,2,0
4116456,5330210,3,5,-2
4116456,5330210,7,7,0
6422239,7097802,1,1,0
3982075,4686673,5,2,3
3982075,4686673,9,4,5
5234434,7575578,1,1,0
5234434,7575578,2,2,0
5234434,7575578,3,3,0
5234434,7575578,5,4,1
6488581,7137893,3,5,-2
6488581,7137893,6,9,-3
6488581,7137893,7,1,6
6488581,7137893,10,2,8
6488581,7137893,11,4,7
6488581,7137893,13,10,3
7139955,7219314,1,2,-1
7139955,7219314,7,6,1
5031205,5184971,2,2,0
5031205,5184971,8,5,3
7559937,8453904,1,2,-1
7559937,8453904,2,9,-7
7559937,8453904,6,5,1
7559937,8453904,7,6,1
7559937,8453904,8,4,4
5639990,6965159,10,1,9
7792989,8447831,2,5,-3
7792989,8447831,5,4,1
7792989,8447831,6,11,-5
7792989,8447831,7,3,4
7009734,8682069,3,3,0
7009734,8682069,12,6,6
5410434,7151592,5,4,1
5410434,7151592,8,1,7
4303218,7171736,1,2,-1
4303218,7171736,2,5,-3
4303218,7171736,3,10,-7
4303218,7171736,7,11,-4
6268146,7110889,1,8,-7
5293510,6326316,2,1,1
5293510,6326316,5,8,-3
5293510,6326316,13,3,10
6377743,7546020,1,1,0
6377743,7546020,2,2,0
6377743,7546020,3,6,-3
6377743,7546020,4,4,0
6377743,7546020,5,8,-3
4390320,6179556,1,2,-1
4390320,6179556,2,7,-5
4390320,6179556,4,3,1
4390320,6179556,5,12,-7
4627971,5248310,1,5,-4
4627971,5248310,3,1,2
4627971,5248310,5,4,1
4627971,5248310,9,3,6
4627971,5248310,11,7,4
4627971,5248310,13,10,3
6150776,7583000,5,7,-2
5036452,5193054,4,13,-9
5036452,5193054,7,5,2
5243172,6403932,1,10,-9
5243172,6403932,2,2,0
5243172,6403932,5,1,4
4879006,5306399,2,3,-1
4354201,7747217,3,8,-5
7179693,7723209,2,10,-8
7179693,7723209,3,2,1
7179693,7723209,4,3,1
7117893,8264361,1,6,-5
7117893,8264361,4,10,-6
7117893,8264361,9,7,2
3948098,7523667,10,7,3
4682714,7234614,3,3,0
4682714,7234614,5,1,4
6854185,8025249,1,1,0
6854185,8025249,2,2,0
6854185,8025249,9,5,4
5207585,6156484,2,8,-6
5207585,6156484,6,11,-5
5207585,6156484,12,4,8
4389281,4662986,2,3,-1
6632327,7713422,1,1,0
6632327,7713422,11,3,8
6923403,8167249,7,12,-5
6343313,7831605,5,13,-8
6260024,7062453,6,1,5
5567143,8636502,1,3,-2
4502178,5283926,2,1,1
4502178,5283926,5,3,2
4454757,4788534,1,13,-12
4399266,7390609,5,7,-2
4138040,6613183,1,1,0
4138040,6613183,3,6,-3
6471604,7413520,1,9,-8
6471604,7413520,2,1,1
6471604,7413520,3,3,0
6471604,7413520,4,8,-4
6471604,7413520,5,5,0
6471604,7413520,7,11,-4
6471604,7413520,9,2,7
6471604,7413520,12,7,5
4599390,7250448,7,12,-5
4522594,6994546,2,12,-10
4522594,6994546,5,2,3
4629783,5306614,6,2,4
6267392,7841089,1,1,0
6267392,7841089,2,2,0
6267392,7841089,5,3,2
6267392,7841089,11,11,0
4824225,7597662,1,2,-1
5243703,7061827,1,4,-3
5243703,7061827,4,2,2
4071590,4532041,1,7,-6
4071590,4532041,3,5,-2
4496101,6543700,5,6,-1
4496101,6543700,6,1,5
4803741,5323496,1,4,-3
4803741,5323496,2,1,1
4803741,5323496,6,5,1
4803741,5323496,12,6,6
4385760,5338273,6,1,5
6205128,6542742,3,5,-2
6205128,6542742,4,6,-2
7566537,8597881,1,4,-3
7566537,8597881,8,12,-4
3979855,7955155,4,4,0
3979855,7955155,11,5,6
4767354,6302723,6,9,-3
6128806,6223392,5,3,2
6128806,6223392,10,2,8
6526701,8689517,1,1,0
6526701,8689517,5,4,1
6526701,8689517,11,2,9
6526701,8689517,12,11,1
7148492,8680484,8,1,7
8314133,8632767,2,1,1
8314133,8632767,5,8,-3
7502772,8170697,5,2,3
7502772,8170697,13,5,8
5133323,5337718,1,2,-1
5133323,5337718,2,1,1
4113445,4443230,2,1,1
4113445,4443230,3,7,-4
4113445,4443230,4,5,-1
4113445,4443230,10,12,-2
4113445,4443230,11,4,7
5637418,8535396,5,5,0
5381502,6400876,1,4,-3
5381502,6400876,5,6,-1
4361848,8191091,5,8,-3
4855320,6855832,6,10,-4
5294982,7788684,6,6,0
4561436,7648242,3,8,-5
4561436,7648242,8,4,4
4561436,7648242,10,9,1
4084370,4672805,1,1,0
4084370,4672805,11,13,-2
4084370,4672805,12,10,2
5522556,7836820,1,3,-2
4270220,7127010,1,3,-2
7018376,8459794,1,6,-5
6389535,7269736,1,2,-1
6389535,7269736,2,4,-2
6389535,7269736,5,5,0
6191049,6541393,1,3,-2
6191049,6541393,4,2,2
6191049,6541393,8,6,2
6191049,6541393,9,5,4
5325292,7103562,2,6,-4
5325292,7103562,10,12,-2
6220349,8590616,1,13,-12
6220349,8590616,2,6,-4
6220349,8590616,4,1,3
6220349,8590616,7,2,5
6220349,8590616,10,8,2
7266585,8732853,3,12,-9
7266585,8732853,8,9,-1
7266585,8732853,9,5,4
7266585,8732853,10,13,-3
6561523,8529151,9,8,1
4770632,5252064,3,7,-4
4876208,7118855,1,5,-4
4876208,7118855,8,6,2
5564439,8255033,5,3,2
5323661,7347223,2,3,-1
5323661,7347223,6,9,-3
4092004,5340265,3,4,-1
6318179,7152490,9,9,0
6404857,7219138,13,4,9
6660732,8674118,3,2,1
6999411,7630597,7,7,0
6958643,7612606,1,4,-3
6958643,7612606,4,2,2
6958643,7612606,5,5,0
6958643,7612606,6,12,-6
6958643,7612606,7,13,-6
6417184,8420114,13,7,6
8293727,8563608,3,11,-8
8293727,8563608,6,9,-3
8293727,8563608,13,7,6
4854955,7357003,2,2,0
4854955,7357003,3,1,2
4854955,7357003,6,6,0
4854955,7357003,7,7,0
4854955,7357003,13,3,10
7066944,8292155,1,9,-8
5179581,7593506,3,6,-3
5179581,7593506,10,13,-3
6236623,7340630,1,6,-5
6236623,7340630,2,5,-3
6236623,7340630,4,3,1
6236623,7340630,7,9,-2
4724845,7452310,5,5,0
6408406,8040625,2,2,0
6408406,8040625,5,7,-2
6408406,8040625,10,13,-3
5088556,5316089,1,9,-8
5088556,5316089,2,12,-10
5088556,5316089,3,5,-2
5088556,5316089,6,4,2
5088556,5316089,10,7,3
5248176,5580110,5,2,3
5248176,5580110,12,4,8
6540485,8496453,6,2,4
6540485,8496453,8,3,5
5359712,5491778,2,1,1
6121362,7732508,1,3,-2
6121362,7732508,8,6,2
6121362,7732508,10,5,5
4639862,5140682,1,13,-12
4639862,5140682,3,11,-8
4639862,5140682,4,4,0
5282624,6902497,1,1,0
5282624,6902497,2,2,0
5282624,6902497,5,5,0
5282624,6902497,6,7,-1
6855551,8213212,1,1,0
6855551,8213212,6,11,-5
4827528,6069979,1,2,-1
4827528,6069979,6,4,2
6286098,7899189,2,6,-4
6286098,7899189,3,10,-7
6286098,7899189,7,4,3
6286098,7899189,8,3,5
6286098,7899189,10,2,8
6618672,8282253,1,11,-10
6326698,7692931,12,5,7
6101409,7052461,13,6,7
4364995,5595813,1,1,0
4364995,5595813,4,4,0
4364995,5595813,7,11,-4
5064315,7069712,1,9,-8
5064315,7069712,2,3,-1
5064315,7069712,6,1,5
5064315,7069712,8,13,-5
6133951,8123132,11,1,10
6282643,6438750,1,2,-1
6282643,6438750,5,6,-1
6282643,6438750,10,10,0
5081665,8418288,8,7,1
5081665,8418288,11,11,0
5301270,8634420,3,12,-9
6460323,7261519,2,1,1
6460323,7261519,3,3,0
6641717,7468127,5,13,-8
7416125,8226009,3,4,-1
4958595,7093562,2,7,-5
4958595,7093562,3,5,-2
4958595,7093562,11,4,7
6916954,8445711,7,3,4
6916954,8445711,12,12,0
6086092,7673899,4,4,0
6086092,7673899,6,1,5
6086092,7673899,7,6,1
4983651,5145779,11,6,5
5603913,7108842,2,9,-7
5603913,7108842,6,13,-7
5603913,7108842,9,5,4
6180695,6486235,1,5,-4
6180695,6486235,2,6,-4
6180695,6486235,3,2,1
6180695,6486235,5,11,-6
4937676,7646403,1,5,-4
4937676,7646403,2,8,-6
4937676,7646403,4,2,2
4455290,7148190,5,3,2
4455290,7148190,8,2,6
5145843,5227387,4,3,1
5145843,5227387,5,8,-3
5145843,5227387,11,10,1
5224392,6076430,9,8,1
6201571,7760235,1,4,-3
4756367,7845411,10,7,3
4273840,6541160,4,3,1
4273840,6541160,7,6,1
4273840,6541160,12,5,7
3969868,8234901,3,2,1
5144949,7668590,2,5,-3
6270492,7207984,8,2,6
4955179,6499277,1,1,0
4955179,6499277,2,4,-2
4955179,6499277,3,7,-4
4955179,6499277,5,12,-7
5485279,7317868,2,1,1
5485279,7317868,5,3,2
5485279,7317868,6,11,-5
5485279,7317868,13,5,8
6311403,8429025,2,3,-1
4842893,6623861,4,3,1
4004546,7374323,5,2,3
4004546,7374323,7,6,1
4004546,7374323,8,3,5
4349591,5002810,1,2,-1
6429037,8697553,3,2,1
6429037,8697553,13,5,8
4025181,6522851,7,1,6
5059554,5541455,1,3,-2
5059554,5541455,2,7,-5
5059554,5541455,3,6,-3
5059554,5541455,4,13,-9
5059554,5541455,5,4,1
5059554,5541455,6,10,-4
7622803,8089085,1,1,0
7622803,8089085,2,2,0
4759758,7780724,4,1,3
6889052,7933612,3,3,0
6889052,7933612,10,2,8
6889052,7933612,11,8,3
4448388,7192303,13,4,9
6224593,7951148,3,2,1
6224593,7951148,13,11,2
4797554,5032721,1,4,-3
4797554,5032721,5,11,-6
4797554,5032721,7,13,-6
4415440,7201839,1,5,-4
4415440,7201839,5,11,-6
4923794,5514534,1,1,0
4923794,5514534,2,2,0
4923794,5514534,4,5,-1
4923794,5514534,5,3,2
4923794,5514534,6,11,-5
7181250,7673256,2,2,0
7181250,7673256,8,4,4
6268970,7660056,3,2,1
6268970,7660056,5,3,2
6268970,7660056,9,7,2
6268970,7660056,10,5,5
5298112,6080680,2,3,-1
5298112,6080680,9,11,-2
5298112,6080680,13,2,11
6985555,7408167,1,8,-7
6985555,7408167,2,3,-1
5333070,6476793,1,1,0
5333070,6476793,6,9,-3
4720836,5247536,2,1,1
4720836,5247536,4,3,1
4720836,5247536,5,8,-3
4720836,5247536,6,10,-4
4720836,5247536,9,6,3
5600301,6906624,3,1,2
5600301,6906624,5,9,-4
5361545,5562524,2,1,1
7416282,8113629,1,1,0
7416282,8113629,3,2,1
7416282,8113629,4,9,-5
7416282,8113629,5,5,0
6984957,7441616,1,11,-10
6984957,7441616,9,4,5
4952903,6921882,1,2,-1
4952903,6921882,8,7,1
4952903,6921882,13,13,0
4775203,6101085,4,4,0
5008861,6092026,1,2,-1
5008861,6092026,7,4,3
5008861,6092026,13,8,5
7502747,8413155,7,2,5
7502747,8413155,9,5,4
5106379,8337456,2,1,1
7338160,8591025,3,8,-5
7338160,8591025,11,9,2
4722835,5643866,6,8,-2
4722835,5643866,7,1,6
6920194,8570988,2,6,-4
4438925,7553246,10,4,6
6517550,7892251,2,4,-2
4763503,7810367,3,2,1
3945497,5651467,3,13,-10
3945497,5651467,4,6,-2
5448255,7149483,11,10,1
3952671,4033268,4,13,-9
3952671,4033268,12,2,10
3952671,4033268,13,4,9
6156572,8728499,3,1,2
6100129,6342419,2,3,-1
6100129,6342419,5,9,-4
6100129,6342419,13,6,7
5215344,8286997,8,1,7
5602777,7687848,1,2,-1
5602777,7687848,2,8,-6
5602777,7687848,3,3,0
4793348,4990156,1,7,-6
4793348,4990156,2,8,-6
4793348,4990156,4,1,3
4793348,4990156,9,5,4
4187820,4702220,3,8,-5
4187820,4702220,4,7,-3
4187820,4702220,7,5,2
4187820,4702220,11,1,10
5251926,7717437,1,1,0
5251926,7717437,2,2,0
5251926,7717437,7,4,3
7401817,7667894,2,11,-9
4277497,6265458,7,3,4
4277497,6265458,11,8,3
4277497,6265458,12,9,3
6351451,6990060,1,2,-1
6351451,6990060,2,1,1
6351451,6990060,4,13,-9
6351451,6990060,5,7,-2
6351451,6990060,9,5,4
6351451,6990060,13,6,7
7215483,8369021,1,1,0
7215483,8369021,2,2,0
7215483,8369021,4,5,-1
7215483,8369021,12,10,2
7215483,8369021,13,6,7
4612334,5250576,3,13,-10
4015998,4247695,3,13,-10
4950666,5179121,9,7,2
4950666,5179121,10,10,0
6121461,7456297,6,5,1
7731286,8544957,1,9,-8
7731286,8544957,4,1,3
5571434,6313447,4,1,3
6439822,7522969,2,5,-3
6439822,7522969,5,12,-7
6439822,7522969,8,8,0
7581345,8590200,2,2,0
7581345,8590200,10,9,1
4998199,6135881,1,2,-1
4998199,6135881,3,1,2
4998199,6135881,11,5,6
7645175,8522743,1,1,0
7645175,8522743,4,12,-8
7645175,8522743,12,3,9
5451390,7309482,2,8,-6
5451390,7309482,3,10,-7
5451390,7309482,7,3,4
5425538,7144333,1,1,0
5425538,7144333,4,3,1
5425538,7144333,5,8,-3
5425538,7144333,7,5,2
6369660,8049569,1,6,-5
6369660,8049569,5,4,1
6369660,8049569,10,10,0
5199997,6904919,11,2,9
5199997,6904919,13,9,4
4129129,8696614,2,2,0
4129129,8696614,4,4,0
4129129,8696614,6,8,-2
4458757,7635023,12,10,2
6317726,7313541,3,3,0
6363058,7920595,3,6,-3
6363058,7920595,5,7,-2
6363058,7920595,7,1,6
6363058,7920595,8,2,6
6363058,7920595,12,9,3
6363058,7920595,13,4,9
4045918,6254466,1,1,0
4045918,6254466,2,4,-2
4045918,6254466,7,5,2
4899382,6842518,2,2,0
6557542,7237545,4,2,2
6557542,7237545,5,5,0
5113451,8659600,1,5,-4
5113451,8659600,2,7,-5
4765900,6958122,4,12,-8
4765900,6958122,7,5,2
4632019,8424330,7,9,-2
4632019,8424330,10,8,2
4133592,5268820,1,8,-7
4133592,5268820,5,4,1
5644568,8644319,13,1,12
5261410,8326404,1,3,-2
5261410,8326404,2,2,0
4762168,5176199,1,12,-11
4762168,5176199,2,7,-5
4782784,5381141,1,13,-12
4782784,5381141,2,2,0
4782784,5381141,4,9,-5
4782784,5381141,6,5,1
4782784,5381141,7,4,3
6600489,8553946,11,8,3
5323999,8662468,2,2,0
8062098,8647170,2,6,-4
8062098,8647170,3,5,-2
8062098,8647170,5,8,-3
8062098,8647170,7,3,4
8062098,8647170,10,10,0
6237009,8676624,6,2,4
4535183,6537527,5,3,2
5067642,5465429,3,1,2
4951866,8381946,2,2,0
5381940,8646668,3,1,2
5381940,8646668,10,3,7
6246996,7266533,1,11,-10
5451233,7670316,4,5,-1
5451233,7670316,8,1,7
4748626,5068859,2,2,0
4748626,5068859,6,4,2
7085522,7406278,5,8,-3
7085522,7406278,13,2,11
5453471,6180738,1,3,-2
5453471,6180738,13,9,4
4050113,7653963,3,6,-3
4050113,7653963,12,7,5
5652772,7548508,8,13,-5
5421552,6345806,2,12,-10
5421552,6345806,7,5,2
5421552,6345806,8,8,0
6152371,7185817,1,6,-5
6152371,7185817,3,4,-1
6152371,7185817,4,5,-1
6152371,7185817,5,3,2
6152371,7185817,9,7,2
5032891,6559470,5,11,-6
5032891,6559470,8,8,0
5032891,6559470,12,2,10
4491221,5044495,5,8,-3
6512619,7079772,1,2,-1
6512619,7079772,2,5,-3
6512619,7079772,4,4,0
6512619,7079772,11,1,10
6537809,7179900,1,1,0
6537809,7179900,2,2,0
6537809,7179900,3,5,-2
6537809,7179900,8,7,1
6072161,6870135,5,1,4
6072161,6870135,7,5,2
6072161,6870135,11,7,4
4405688,4802942,3,1,2
4405688,4802942,4,3,1
6652924,8268409,6,10,-4
6652924,8268409,11,7,4
5646687,7936814,2,1,1
5646687,7936814,9,2,7
5646687,7936814,12,3,9
5640485,6460017,1,10,-9
5640485,6460017,2,8,-6
6198217,7952103,7,11,-4
4706230,5191252,3,1,2
3950031,4080001,2,10,-8
3950031,4080001,6,3,3
3950031,4080001,8,6,2
3950031,4080001,11,12,-1
3950031,4080001,13,2,11
7328216,7685140,7,4,3
7064049,8198173,4,6,-2
5158718,7044429,4,2,2
5106143,6129400,1,3,-2
7469113,7647012,2,6,-4
7469113,7647012,3,2,1
7469113,7647012,4,5,-1
7469113,7647012,5,3,2
7469113,7647012,6,9,-3
7469113,7647012,7,7,0
7469113,7647012,8,1,7
7469113,7647012,9,8,1
6635957,7651336,6,8,-2
5212657,5315860,11,3,8
6236778,6529655,1,1,0
6236778,6529655,2,3,-1
6236778,6529655,3,2,1
6236778,6529655,4,5,-1
6236778,6529655,5,7,-2
6236778,6529655,7,6,1
6236778,6529655,8,10,-2
6236778,6529655,9,9,0
6236778,6529655,13,13,0
7846141,8569566,1,2,-1
7165095,8549582,8,2,6
3964796,4755945,1,1,0
3964796,4755945,2,2,0
4275986,4543032,3,5,-2
4239135,6085767,5,1,4
5286419,6328446,6,5,1
5149029,5379048,2,1,1
4119799,8422721,3,5,-2
4119799,8422721,12,6,6
4298246,7760229,2,10,-8
4298246,7760229,6,4,2
6261433,7214297,1,2,-1
6261433,7214297,6,3,3
6261433,7214297,9,12,-3
4453215,4747038,12,5,7
4294251,8162966,4,11,-7
6385855,8752303,2,1,1
6385855,8752303,7,8,-1
6137223,6280860,6,3,3
4850178,8176602,1,7,-6
4850178,8176602,12,6,6
4785408,5125024,1,1,0
4071729,4320279,5,3,2
8036306,8334722,1,1,0
8036306,8334722,2,2,0
8036306,8334722,3,3,0
8036306,8334722,4,4,0
8036306,8334722,5,5,0
8036306,8334722,6,6,0
8036306,8334722,7,7,0
8036306,8334722,8,12,-4
8036306,8334722,9,8,1
8036306,8334722,10,9,1
8036306,8334722,11,10,1
8036306,8334722,12,11,1
8036306,8334722,13,13,0
4304203,4350137,2,1,1
4304203,4350137,5,6,-1
4304203,4350137,6,8,-2
4172510,5286013,1,2,-1
4172510,5286013,7,5,2
4172510,5286013,13,7,6
6134532,8386914,4,7,-3
6134532,8386914,9,5,4
7898291,8159264,2,4,-2
7898291,8159264,3,2,1
7898291,8159264,7,3,4
7898291,8159264,12,13,-1
4196658,8062684,1,3,-2
4280965,4874887,2,11,-9
4821819,8281882,5,3,2
5221082,7959517,1,1,0
5221082,7959517,7,2,5
4820103,7156607,1,1,0
4820103,7156607,4,6,-2
4811011,6124806,2,6,-4
6069506,7446580,2,1,1
6069506,7446580,12,4,8
4725395,6366261,2,1,1
6137999,7848453,1,1,0
6137999,7848453,5,2,3
6137999,7848453,6,10,-4
6137999,7848453,8,7,1
5002476,5338169,2,1,1
5002476,5338169,4,8,-4
5116650,5506047,10,6,4
4783602,7289149,4,2,2
4783602,7289149,5,6,-1
4783602,7289149,13,10,3
4922585,8484811,3,4,-1
6993661,7971234,3,2,1
6543940,7693387,6,2,4
6543940,7693387,8,1,7
6491201,7441684,11,5,6
5486021,6136129,4,1,3
4259684,5021759,6,3,3
4259684,5021759,11,4,7
6532111,7666468,1,1,0
6532111,7666468,2,2,0
4156817,7705499,1,7,-6
4156817,7705499,5,2,3
4156817,7705499,12,9,3
5632748,8109966,2,1,1
5632748,8109966,4,2,2
6093188,7090676,1,1,0
6093188,7090676,4,2,2
6093188,7090676,12,3,9
6097798,6553025,2,10,-8
6097798,6553025,11,7,4
3974833,8518018,2,1,1
3974833,8518018,3,6,-3
3974833,8518018,9,8,1
4815770,5277225,1,2,-1
4815770,5277225,6,10,-4
5024850,8545015,7,2,5
5394492,7027475,2,11,-9
5394492,7027475,5,7,-2
4686624,7979284,4,1,3
6156968,7828983,8,10,-2
4929456,6235321,4,9,-5
4929456,6235321,13,3,10
6218258,8450173,3,1,2
7150658,7944224,1,10,-9
7150658,7944224,5,3,2
7150658,7944224,10,11,-1
6171496,8563020,1,2,-1
6171496,8563020,7,4,3
4621189,6065676,2,4,-2
4621189,6065676,5,6,-1
4621189,6065676,13,3,10
4161124,7527571,13,8,5
5041918,5226425,11,12,-1
5629918,6469602,2,3,-1
5629918,6469602,3,4,-1
6328796,7839001,4,7,-3
6328796,7839001,10,13,-3
4195112,6500538,1,6,-5
4011041,4075358,3,1,2
4011041,4075358,4,3,1
4011041,4075358,8,2,6
4911231,7630198,2,6,-4
4231561,8714336,12,5,7
6406278,6553971,2,9,-7
6406278,6553971,5,3,2
6406278,6553971,6,5,1
6406278,6553971,7,7,0
6406278,6553971,11,10,1
6406278,6553971,12,11,1
6406278,6553971,13,13,0
4848094,7475554,3,2,1
4848094,7475554,4,1,3
5502396,8311749,1,5,-4
5502396,8311749,3,9,-6
5502396,8311749,9,4,5
5657102,6292244,1,2,-1
5657102,6292244,2,4,-2
5657102,6292244,10,7,3
6119192,6275888,1,1,0
6119192,6275888,5,2,3
5066404,5277931,12,2,10
5060889,6073065,2,3,-1
5060889,6073065,8,1,7
4906763,5470933,5,13,-8
5279019,7725427,13,8,5
6231363,8206162,11,7,4
4959735,5276581,1,4,-3
4959735,5276581,7,3,4
4959735,5276581,8,6,2
4959735,5276581,9,2,7
4959735,5276581,12,11,1
3930866,4241168,1,6,-5
3930866,4241168,3,1,2
3930866,4241168,5,2,3
6097462,7053976,1,1,0
6097462,7053976,4,3,1
6097462,7053976,9,13,-4
7608503,8716099,5,3,2
7608503,8716099,8,4,4
7608503,8716099,10,13,-3
5197180,5481792,1,8,-7
5197180,5481792,2,3,-1
5197180,5481792,3,12,-9
5181078,5337142,3,9,-6
5181078,5337142,8,8,0
5262471,6573359,2,6,-4
6063306,7365013,2,1,1
6063306,7365013,6,7,-1
6063306,7365013,12,10,2
6064118,7112526,1,2,-1
6064118,7112526,3,8,-5
6064118,7112526,4,5,-1
4903222,5124887,9,4,5
5055822,8091734,9,11,-2
5577928,7452249,4,4,0
6374720,7946214,1,2,-1
6374720,7946214,2,12,-10
5405880,6464896,2,6,-4
5405880,6464896,10,3,7
7052142,7360928,9,5,4
4298286,4639140,13,4,9
5132971,5630052,1,2,-1
5132971,5630052,4,6,-2
7083714,8232441,6,10,-4
7083714,8232441,12,2,10
6671531,8423106,2,9,-7
5084044,7988689,1,9,-8
5283639,8059796,6,2,4
4451123,5157541,10,3,7
4451123,5157541,12,4,8
4817601,5409453,9,11,-2
6185307,8289136,8,7,1
6164670,7357201,4,5,-1
6164670,7357201,7,6,1
4933785,5394281,1,10,-9
4933785,5394281,3,4,-1
4933785,5394281,8,6,2
7012331,7687819,1,12,-11
7012331,7687819,4,6,-2
5367401,6512576,3,6,-3
6252912,7885354,10,10,0
5574644,6179080,2,12,-10
5546422,6377609,1,6,-5
5546422,6377609,5,7,-2
5546422,6377609,7,9,-2
5546422,6377609,8,10,-2
4141359,7027859,4,7,-3
4846525,5322342,2,5,-3
4846525,5322342,5,3,2
4846525,5322342,6,13,-7
4846525,5322342,10,10,0
8255365,8631052,1,9,-8
8255365,8631052,5,3,2
8255365,8631052,6,2,4
4519919,5055188,1,6,-5
4519919,5055188,3,2,1
4519919,5055188,4,3,1
5055706,6121813,7,12,-5
5055706,6121813,8,9,-1
4985867,8076759,8,2,6
4184932,6837984,1,2,-1
4642140,6287919,4,6,-2
4642140,6287919,11,11,0
4642140,6287919,13,4,9
6269307,7142969,1,3,-2
5071723,5236796,2,2,0
5071723,5236796,4,10,-6
5071723,5236796,5,12,-7
5071723,5236796,6,13,-7
5071723,5236796,7,4,3
5071723,5236796,8,6,2
5071723,5236796,10,7,3
4116581,7347660,3,3,0
5608839,7630897,3,9,-6
6069795,7107378,2,1,1
5047507,6512096,1,2,-1
5047507,6512096,6,13,-7
5047507,6512096,10,7,3
5047507,6512096,12,9,3
6126908,7201782,13,1,12
5296310,8043703,6,8,-2
7852767,8509407,8,1,7
7852767,8509407,12,13,-1
7223274,8348128,1,2,-1
7223274,8348128,6,3,3
5274920,7721788,3,3,0
5274920,7721788,4,4,0
4204748,6188515,2,1,1
4204748,6188515,3,10,-7
4204748,6188515,6,3,3
4204748,6188515,12,2,10
4308784,4977808,2,6,-4
4308784,4977808,4,5,-1
4308784,4977808,10,3,7
7242704,7639723,1,13,-12
7242704,7639723,7,9,-2
6419514,6508658,3,2,1
6419514,6508658,4,3,1
6419514,6508658,7,7,0
6419514,6508658,9,6,3
6599231,7351192,1,11,-10
6599231,7351192,2,6,-4
5489548,6344964,1,4,-3
5489548,6344964,2,6,-4
5489548,6344964,5,3,2
5489548,6344964,7,5,2
5489548,6344964,11,1,10
5525978,6069628,1,4,-3
5525978,6069628,12,13,-1
4438610,7096642,8,6,2
5188104,7640062,5,8,-3
4006619,4783982,2,8,-6
4006619,4783982,8,10,-2
5193540,6453199,4,11,-7
4808156,5328480,3,9,-6
6322801,7401376,1,2,-1
6322801,7401376,5,6,-1
6322801,7401376,6,5,1
6322801,7401376,9,3,6
6285364,7602890,1,2,-1
6937776,8131052,2,3,-1
6937776,8131052,9,9,0
6120152,6220714,9,3,6
4230213,8024272,1,3,-2
4843633,7058402,10,2,8
5110374,5524836,12,3,9
5422001,8647504,6,8,-2
5422001,8647504,7,11,-4
7797447,8521679,12,4,8
6076234,6473942,1,3,-2
6076234,6473942,2,1,1
6076234,6473942,3,2,1
6076234,6473942,4,5,-1
6076234,6473942,6,4,2
4711303,4898237,1,3,-2
6491407,7722216,8,1,7
6491407,7722216,9,4,5
7234156,8661520,1,2,-1
7234156,8661520,4,1,3
6309350,6892095,4,6,-2
6309350,6892095,5,12,-7
6309350,6892095,12,5,7
5158293,8197321,3,2,1
5158293,8197321,6,9,-3
3979125,8579717,1,1,0
3979125,8579717,2,8,-6
3979125,8579717,4,6,-2
3979125,8579717,8,11,-3
3979125,8579717,13,7,6
6078986,6226755,1,9,-8
5266699,7078427,12,3,9
4879671,7826106,4,9,-5
5337143,5576534,6,12,-6
5337143,5576534,7,13,-6
5337143,5576534,9,9,0
5337143,5576534,12,11,1
4169696,7150606,1,1,0
4169696,7150606,12,2,10
6172452,7978338,5,5,0
6562868,8063240,2,1,1
6562868,8063240,3,2,1
5115266,6392687,2,1,1
5115266,6392687,3,11,-8
5115266,6392687,11,12,-1
7114110,7584386,2,1,1
4944893,6413923,5,5,0
4913504,7048307,3,5,-2
4913504,7048307,8,4,4
4913504,7048307,11,13,-2
4819659,7074216,6,1,5
8266064,8655858,3,3,0
8266064,8655858,5,1,4
8266064,8655858,6,2,4
8266064,8655858,13,6,7
6492615,8596215,1,1,0
6237442,8327542,1,2,-1
6237442,8327542,2,3,-1
6237442,8327542,11,7,4
5470079,6210275,1,1,0
5470079,6210275,12,9,3
5572653,7499769,11,8,3
4218849,4829714,6,1,5
4631168,5015435,10,9,1
6099408,8529347,1,1,0
4204323,4449927,2,2,0
4204323,4449927,3,4,-1
6163469,8125194,4,7,-3
6163469,8125194,5,5,0
6163469,8125194,6,9,-3
6163469,8125194,10,11,-1
4455628,5065091,7,5,2
4455628,5065091,13,6,7
3936835,6219005,2,12,-10
6166518,7001359,5,12,-7
6166518,7001359,11,8,3
5024681,6932857,13,7,6
7031311,7865612,7,13,-6
6463451,6609142,2,6,-4
6463451,6609142,9,11,-2
4022665,7727395,5,2,3
4022665,7727395,9,3,6
6896966,7709595,4,9,-5
4781051,8413476,1,1,0
4781051,8413476,3,3,0
4781051,8413476,5,4,1
4781051,8413476,13,5,8
7823572,8651094,1,2,-1
4408990,8277220,3,2,1
4815741,6319125,2,2,0
4599206,7708912,8,2,6
4599206,7708912,13,8,5
4048072,7651611,1,7,-6
7352692,8111612,1,5,-4
7352692,8111612,7,10,-3
7352692,8111612,11,6,5
4360892,7679534,4,2,2
4276397,5276107,9,7,2
4276397,5276107,11,9,2
4276397,5276107,13,1,12
4897833,5630173,2,3,-1
4897833,5630173,5,4,1
6877663,7770797,5,7,-2
6877663,7770797,12,4,8
6665551,8195262,4,4,0
6665551,8195262,12,10,2
5518913,8236293,2,1,1
5518913,8236293,5,4,1
5518913,8236293,12,10,2
7898040,8581304,2,3,-1
6098053,7614549,1,2,-1
6098053,7614549,8,7,1
6098053,7614549,13,9,4
6405793,6986385,2,1,1
6405793,6986385,9,3,6
6405793,6986385,11,8,3
5058674,8701778,1,7,-6
5058674,8701778,9,1,8
5162074,7737060,1,1,0
5162074,7737060,4,2,2
6240094,8032655,6,8,-2
6408813,7086368,2,4,-2
6408813,7086368,11,2,9
4704321,5623888,3,8,-5
4704321,5623888,4,1,3
4913958,6864312,1,1,0
4913958,6864312,8,7,1
4913958,6864312,13,13,0
4253832,5503555,2,5,-3
4253832,5503555,3,9,-6
4253832,5503555,4,7,-3
4253832,5503555,6,4,2
4253832,5503555,9,2,7
6964627,7166051,10,6,4
6121953,8063934,5,8,-3
7030668,8680902,1,4,-3
7030668,8680902,5,9,-4
6131042,7610016,3,3,0
5530759,7139408,1,2,-1
5530759,7139408,2,4,-2
5278100,6936549,2,12,-10
5278100,6936549,7,7,0
5278100,6936549,8,1,7
5278100,6936549,12,8,4
4613841,8115582,4,2,2
4613841,8115582,5,9,-4
7351149,8454423,4,11,-7
5064824,5648367,8,9,-1
7446646,7651025,1,3,-2
7446646,7651025,2,5,-3
4705161,5633064,6,10,-4
6063768,7846456,3,6,-3
6063768,7846456,6,11,-5
4835741,5196722,2,5,-3
4835741,5196722,4,13,-9
4835741,5196722,9,3,6
5155847,8381284,2,4,-2
5059356,7703916,4,3,1
5020283,6612917,4,9,-5
5020283,6612917,7,12,-5
5020283,6612917,9,1,8
6489932,8653785,3,2,1
6489932,8653785,7,11,-4
6489932,8653785,9,4,5
5450974,7126058,1,7,-6
5450974,7126058,7,1,6
4693956,4840888,3,4,-1
4693956,4840888,9,1,8
4693956,4840888,10,2,8
5419571,8636089,4,7,-3
5419571,8636089,9,13,-4
6631341,8130129,6,5,1
6631341,8130129,7,12,-5
6631341,8130129,8,2,6
6631341,8130129,12,1,11
4071371,4127416,7,1,6
4853602,5416959,2,1,1
4853602,5416959,8,9,-1
4853602,5416959,10,6,4
4175782,4811844,10,10,0
5645068,6496915,3,8,-5
5645068,6496915,6,7,-1
5645068,6496915,8,1,7
4571361,5340676,10,2,8
4571361,5340676,11,8,3
4571361,5340676,13,1,12
6973015,7965461,2,4,-2
5257792,7654585,1,8,-7
5257792,7654585,4,3,1
6181885,6532351,12,6,6
5394452,8269196,1,4,-3
5394452,8269196,3,12,-9
5394452,8269196,5,7,-2
4012115,7703931,7,2,5
6528584,7828728,12,5,7
4058430,6579374,8,5,3
4058430,6579374,10,6,4
6134345,7340094,2,12,-10
6134345,7340094,6,2,4
4269135,5601462,12,7,5
5112110,7419220,10,3,7
6204985,6515950,1,4,-3
6204985,6515950,3,7,-4
6204985,6515950,7,1,6
4556944,7203666,1,1,0
4556944,7203666,2,2,0
5310477,5531884,6,3,3
5310477,5531884,10,2,8
4464146,5277666,4,4,0
4464146,5277666,12,8,4
5012420,6082963,1,10,-9
5012420,6082963,2,4,-2
6496135,7889095,6,1,5
4671796,7976518,1,1,0
4671796,7976518,12,9,3
5204108,6355276,1,3,-2
5204108,6355276,10,13,-3
4376299,4831555,1,3,-2
4376299,4831555,3,7,-4
7189536,8236560,1,1,0
7189536,8236560,2,2,0
7189536,8236560,3,3,0
7189536,8236560,4,4,0
7189536,8236560,5,5,0
7189536,8236560,6,7,-1
7189536,8236560,8,10,-2
7189536,8236560,9,11,-2
7189536,8236560,10,12,-2
7189536,8236560,11,13,-2
4908069,8133334,3,1,2
4908069,8133334,4,4,0
4908069,8133334,10,5,5
4888557,8594228,2,7,-5
4888557,8594228,11,2,9
4888557,8594228,13,12,1
4856088,5584070,1,11,-10
4856088,5584070,11,4,7
5511891,8648891,13,12,1
4466176,5023191,2,1,1
4466176,5023191,7,7,0
4724216,8647570,1,7,-6
4209086,5038628,3,2,1
4209086,5038628,4,5,-1
4209086,5038628,6,11,-5
4209086,5038628,9,3,6
5199759,6470634,2,4,-2
6567330,7675793,3,4,-1
6567330,7675793,5,1,4
6567330,7675793,6,9,-3
6567330,7675793,7,3,4
6567330,7675793,11,5,6
6567330,7675793,12,11,1
4113911,8506756,4,3,1
6941380,7684321,6,4,2
6941380,7684321,7,6,1
6361121,8590984,2,10,-8
6361121,8590984,6,1,5
7357808,8641643,1,3,-2
7357808,8641643,9,6,3
7357808,8641643,12,10,2
6843793,8353897,3,13,-10
6843793,8353897,8,6,2
5032728,5289008,1,8,-7
5032728,5289008,8,7,1
5032728,5289008,11,1,10
4145317,6156236,7,1,6
4288534,6494923,4,12,-8
6954590,7224858,3,2,1
6954590,7224858,10,6,4
4360867,7218899,2,7,-5
4360867,7218899,6,3,3
4360867,7218899,8,12,-4
3939458,4360806,5,2,3
7486525,8110899,10,10,0
7486525,8110899,12,9,3
7166398,7473510,3,1,2
7166398,7473510,4,5,-1
7166398,7473510,5,3,2
5287438,6476816,3,2,1
5287438,6476816,7,1,6
5299253,7720522,4,11,-7
6134246,8279866,2,5,-3
6134246,8279866,4,13,-9
6134246,8279866,9,1,8
4292650,4944006,2,9,-7
4292650,4944006,5,6,-1
5576755,8112776,4,5,-1
5576755,8112776,5,7,-2
5576755,8112776,8,1,7
5576755,8112776,13,4,9
7918530,8714721,1,5,-4
7918530,8714721,2,2,0
7918530,8714721,8,1,7
4878492,6985770,5,4,1
4878492,6985770,7,8,-1
5005170,6128322,12,11,1
4961017,6204996,1,2,-1
4961017,6204996,12,6,6
4303503,8138438,2,2,0
4303503,8138438,12,5,7
4870952,5309330,2,8,-6
4870952,5309330,3,1,2
4870952,5309330,5,9,-4
4870952,5309330,9,10,-1
4220382,5123848,2,2,0
4220382,5123848,5,3,2
4220382,5123848,6,4,2
4441100,4816806,1,4,-3
6328581,7381067,3,1,2
4263357,5620271,4,1,3
4827540,6385790,6,4,2
4930770,7253803,5,9,-4
7425806,8286439,1,6,-5
7425806,8286439,2,1,1
7425806,8286439,3,4,-1
7425806,8286439,4,12,-8
7425806,8286439,6,2,4
7425806,8286439,8,11,-3
7425806,8286439,10,9,1
6387520,8058190,2,11,-9
6387520,8058190,12,4,8
6983008,8009772,2,10,-8
6983008,8009772,7,7,0
5351235,6334053,1,3,-2
5351235,6334053,2,5,-3
5351235,6334053,3,7,-4
5351235,6334053,4,6,-2
5351235,6334053,5,1,4
5351235,6334053,8,13,-5
5591217,7756568,3,2,1
4783700,6377365,5,4,1
4783700,6377365,9,1,8
6364612,6890155,7,8,-1
5114056,6336493,1,1,0
5372383,7175187,2,3,-1
6269915,7086506,2,1,1
6269915,7086506,8,3,5
6269915,7086506,10,2,8
6269915,7086506,11,5,6
7412234,8494501,1,4,-3
5279616,6190421,2,2,0
5279616,6190421,4,1,3
5454984,6271191,8,3,5
6295002,8362909,2,1,1
6295002,8362909,13,10,3
4769338,7115504,2,9,-7
7008117,7806599,1,2,-1
7008117,7806599,2,11,-9
7008117,7806599,3,3,0
6492174,7732205,1,10,-9
6492174,7732205,2,9,-7
6492174,7732205,3,1,2
6492174,7732205,10,2,8
5561412,8340792,2,2,0
6850601,8452387,2,6,-4
4392036,6239677,3,2,1
4392036,6239677,13,9,4
6223240,7124228,2,1,1
6223240,7124228,3,9,-6
6223240,7124228,7,12,-5
6595894,6877393,4,1,3
6595894,6877393,5,9,-4
4691976,8419470,1,2,-1
4691976,8419470,2,1,1
4691976,8419470,3,7,-4
6563174,8378343,1,6,-5
6563174,8378343,3,8,-5
6563174,8378343,5,4,1
6563174,8378343,6,5,1
6563174,8378343,7,1,6
6485851,7470478,1,1,0
6485851,7470478,5,2,3
6485851,7470478,8,4,4
6909282,7583080,1,1,0
6909282,7583080,2,5,-3
6909282,7583080,3,2,1
6909282,7583080,4,4,0
6492693,7057257,7,8,-1
6492693,7057257,8,9,-1
6598134,7209986,2,5,-3
6598134,7209986,3,11,-8
6598134,7209986,5,1,4
6598134,7209986,11,4,7
7193248,8096671,2,10,-8
7193248,8096671,10,5,5
5586722,6860432,1,4,-3
5586722,6860432,4,8,-4
5586722,6860432,5,12,-7
4779387,6998083,1,1,0
4779387,6998083,3,4,-1
4779387,6998083,4,2,2
4779387,6998083,10,7,3
5341405,7137024,4,2,2
5341405,7137024,12,5,7
7121446,8186555,9,9,0
7121446,8186555,10,7,3
4493004,4797778,6,7,-1
4493004,4797778,9,12,-3
6546268,7125382,1,2,-1
6546268,7125382,10,4,6
4669674,6238162,5,3,2
4683643,8237221,1,2,-1
4683643,8237221,2,13,-11
4683643,8237221,6,3,3
4683643,8237221,7,4,3
4683643,8237221,12,1,11
5319161,6859753,4,1,3
5578953,6374320,1,2,-1
5578953,6374320,2,1,1
5184319,6281651,8,13,-5
5184319,6281651,13,9,4
4998518,8550058,2,13,-11
4998518,8550058,4,1,3
7214051,7691317,5,1,4
7214051,7691317,8,6,2
7214051,7691317,9,11,-2
7214051,7691317,10,2,8
7214051,7691317,12,3,9
6500110,7963903,3,4,-1
6500110,7963903,8,1,7
4262301,6552821,1,4,-3
4262301,6552821,2,11,-9
4262301,6552821,7,1,6
5291161,7239216,1,5,-4
5291161,7239216,2,8,-6
4311986,8396563,3,6,-3
5329942,7871430,2,1,1
5329942,7871430,11,2,9
4861728,7045361,4,4,0
7514456,7838540,1,1,0
7514456,7838540,2,2,0
7514456,7838540,4,3,1
7514456,7838540,10,11,-1
7514456,7838540,11,12,-1
4810485,6547858,1,2,-1
6487443,8221327,4,2,2
6487443,8221327,13,9,4
7421093,8503766,3,11,-8
5113585,8273205,1,13,-12
5113585,8273205,2,10,-8
5113585,8273205,3,12,-9
5113585,8273205,5,8,-3
5113585,8273205,11,3,8
7357180,8631866,3,2,1
7357180,8631866,7,3,4
7357180,8631866,8,12,-4
7357180,8631866,10,8,2
5441518,8380293,2,11,-9
6517880,7472641,5,1,4
7702261,8155565,1,1,0
7702261,8155565,9,13,-4
7702261,8155565,12,5,7
4085168,4942204,2,9,-7
4085168,4942204,8,8,0
7535654,7995283,1,1,0
7535654,7995283,2,2,0
6460107,7475295,5,2,3
6182435,7434765,5,2,3
6182435,7434765,6,13,-7
6182435,7434765,11,7,4
6182435,7434765,13,11,2
4600469,7101261,1,2,-1
4909188,6647924,6,7,-1
6511989,6998415,3,10,-7
7596398,8430817,10,12,-2
4935127,5284579,2,11,-9
4935127,5284579,8,8,0
4850496,5147066,1,9,-8
4850496,5147066,8,7,1
4850496,5147066,11,4,7
4801616,5236952,13,9,4
5096807,5447687,2,12,-10
5096807,5447687,11,3,8
5396245,7283082,1,9,-8
5396245,7283082,3,1,2
5396245,7283082,12,8,4
5396245,7283082,13,7,6
7082333,8532787,1,1,0
7082333,8532787,3,13,-10
7888566,8686262,2,2,0
7888566,8686262,3,4,-1
7888566,8686262,4,3,1
7888566,8686262,5,12,-7
7888566,8686262,6,5,1
7888566,8686262,7,11,-4
7888566,8686262,8,6,2
7888566,8686262,9,9,0
7888566,8686262,11,7,4
7888566,8686262,12,8,4
7888566,8686262,13,10,3
4253432,4438741,1,2,-1
4253432,4438741,5,10,-5
4253432,4438741,10,3,7
3956199,4105573,1,2,-1
3956199,4105573,2,1,1
3956199,4105573,7,3,4
3956199,4105573,8,4,4
7354441,8574234,1,1,0
7354441,8574234,4,7,-3
7354441,8574234,6,8,-2
7354441,8574234,8,6,2
7354441,8574234,12,2,10
6306141,7410461,9,13,-4
5319469,8280177,1,1,0
6933098,8023071,1,1,0
6933098,8023071,3,4,-1
6933098,8023071,13,2,11
6270788,7928177,6,2,4
5018341,5299412,1,1,0
5018341,5299412,2,4,-2
5018341,5299412,3,6,-3
5018341,5299412,7,10,-3
5232426,7713182,3,2,1
5232426,7713182,4,7,-3
5232426,7713182,11,12,-1
4313299,5022223,1,1,0
4313299,5022223,2,2,0
4313299,5022223,5,10,-5
4313299,5022223,7,5,2
4788396,5074458,3,6,-3
4814777,8515378,1,5,-4
6224013,7195197,2,1,1
4090981,4379761,2,3,-1
4090981,4379761,4,4,0
4090981,4379761,5,5,0
4090981,4379761,7,6,1
4090981,4379761,9,10,-1
4090981,4379761,10,11,-1
4090981,4379761,12,1,11
8129555,8647992,4,3,1
8129555,8647992,6,1,5
8129555,8647992,8,11,-3
4430863,4862695,2,1,1
4430863,4862695,8,2,6
4430863,4862695,9,6,3
7168498,7537052,4,6,-2
5431224,7575052,11,6,5
6507436,7090355,8,11,-3
6507436,7090355,11,7,4
4957481,7166719,1,10,-9
4957481,7166719,2,1,1
6424865,7805192,4,5,-1
6424865,7805192,10,10,0
6078403,6552814,8,10,-2
3958313,5595088,6,3,3
5114705,7074394,5,2,3
4006813,7673735,2,1,1
4006813,7673735,11,10,1
4531163,4947280,2,3,-1
4177392,4567381,9,13,-4
5142279,5335246,1,12,-11
5142279,5335246,2,11,-9
5142279,5335246,8,10,-2
6595979,8668698,10,3,7
4392459,5158044,1,5,-4
4392459,5158044,5,12,-7
4392459,5158044,11,8,3
4409312,4698290,4,11,-7
4409312,4698290,6,12,-6
4409312,4698290,7,5,2
4409312,4698290,10,4,6
6540748,8057514,5,2,3
7279097,8357300,2,10,-8
7279097,8357300,4,1,3
7197549,7761553,2,3,-1
5191157,6491616,5,3,2
5191157,6491616,7,10,-3
5191157,6491616,13,8,5
3970404,4319856,1,5,-4
3970404,4319856,4,1,3
3970404,4319856,6,12,-6
4718419,8282573,9,5,4
5307177,6661422,2,1,1
5307177,6661422,6,4,2
5006191,5254381,1,4,-3
5006191,5254381,4,7,-3
5006191,5254381,7,12,-5
5006191,5254381,13,3,10
6971068,8156444,12,4,8
6971068,8156444,13,6,7
6152217,7234646,2,12,-10
6152217,7234646,6,6,0
6152217,7234646,11,3,8
4137623,8083031,5,2,3
4270182,8307212,5,3,2
4421217,4662490,1,2,-1
4421217,4662490,2,1,1
5021059,7749247,2,3,-1
5021059,7749247,3,7,-4
5021059,7749247,5,12,-7
5021059,7749247,6,5,1
5021059,7749247,9,8,1
5021059,7749247,13,10,3
5318609,5549794,4,2,2
4050604,6554148,7,3,4
4128979,4693047,13,5,8
6228403,8637105,1,1,0
6228403,8637105,7,5,2
6228403,8637105,9,6,3
5516781,6471980,2,1,1
5516781,6471980,5,2,3
5516781,6471980,12,6,6
5216278,6858919,2,3,-1
5216278,6858919,7,2,5
4437342,8215161,1,1,0
4437342,8215161,2,10,-8
4437342,8215161,4,8,-4
6271748,6775632,10,9,1
7883964,8349686,11,10,1
7883964,8349686,12,6,6
4260068,5449084,1,8,-7
4260068,5449084,2,1,1
4260068,5449084,3,6,-3
4260068,5449084,4,5,-1
4260068,5449084,6,4,2
6017584,6574034,1,1,0
6017584,6574034,2,2,0
6017584,6574034,3,6,-3
6017584,6574034,4,3,1
6172990,7187687,1,1,0
4604241,5378835,2,1,1
6251083,6492180,6,9,-3
6251083,6492180,10,1,9
6527767,7099717,2,10,-8
6527767,7099717,7,1,6
6527767,7099717,10,5,5
7425772,8690526,1,1,0
6937857,8107875,4,3,1
6937857,8107875,5,4,1
5626977,6491789,1,13,-12
5626977,6491789,5,4,1
5626977,6491789,8,1,7
4959528,6072161,3,3,0
4959528,6072161,4,12,-8
6183255,7682152,2,4,-2
7390937,8115062,1,6,-5
5623637,8249253,5,1,4
5623637,8249253,10,11,-1
5623637,8249253,12,3,9
4134408,7711433,12,11,1
4134408,7711433,13,5,8
5415813,5646104,3,1,2
5415813,5646104,4,4,0
5415813,5646104,7,12,-5
5415813,5646104,8,10,-2
5415813,5646104,11,3,8
5415813,5646104,13,13,0
3938535,4605028,1,1,0
3938535,4605028,3,2,1
3938535,4605028,4,10,-6
5403518,8462423,3,2,1
5403518,8462423,4,1,3
7728345,8231383,5,1,4
7728345,8231383,11,5,6
5264564,7964579,1,1,0
8053212,8653248,3,1,2
7291150,8137385,3,6,-3
7291150,8137385,4,2,2
6173031,7683338,4,9,-5
6560989,8262772,2,2,0
6560989,8262772,3,12,-9
6560989,8262772,4,5,-1
6560989,8262772,6,3,3
6560989,8262772,8,9,-1
6370286,6956988,1,1,0
6370286,6956988,8,3,5
6945978,7780627,1,7,-6
6945978,7780627,6,11,-5
6158750,7588260,1,3,-2
6158750,7588260,2,2,0
4762309,7287545,2,6,-4
6062293,6192637,1,11,-10
5152701,8357006,2,2,0
4329249,6949235,12,12,0
7714626,8432208,1,1,0
7714626,8432208,4,8,-4
6275470,8060606,3,3,0
5382179,7476110,4,1,3
6849187,7491322,9,9,0
3994609,4067660,1,1,0
3994609,4067660,2,2,0
3994609,4067660,3,3,0
3994609,4067660,4,4,0
3994609,4067660,5,5,0
3994609,4067660,6,8,-2
3994609,4067660,7,7,0
3994609,4067660,8,10,-2
3994609,4067660,9,9,0
3994609,4067660,10,12,-2
3994609,4067660,11,13,-2
3994609,4067660,13,11,2
5656448,6475805,5,1,4
5656448,6475805,11,3,8
6187385,6794049,11,8,3
5085628,7722525,5,13,-8
5085628,7722525,7,10,-3
6633933,8090894,7,8,-1
6633933,8090894,12,5,7
4127319,7409135,1,2,-1
4127319,7409135,2,12,-10
4127319,7409135,6,4,2
5141313,5379140,7,2,5
6368325,7763078,5,10,-5
6264256,7874190,1,2,-1
6260248,6972060,4,2,2
6260248,6972060,10,3,7
6260248,6972060,13,5,8
5159419,6455345,1,12,-11
6331984,8397276,5,9,-4
6331984,8397276,10,3,7
6412199,7841109,1,1,0
6412199,7841109,2,3,-1
6412199,7841109,8,4,4
4411373,6446824,5,5,0
7251558,8259815,1,2,-1
7251558,8259815,11,8,3
5630889,7704333,4,4,0
5630889,7704333,5,2,3
5630889,7704333,9,3,6
4926877,8449478,2,8,-6
4926877,8449478,7,1,6
4614106,4987722,2,9,-7
6235929,7129213,11,1,10
5032805,5640042,10,9,1
5032805,5640042,11,2,9
4101984,7713297,6,6,0
4352173,4924332,1,1,0
4352173,4924332,7,3,4
4352173,4924332,10,2,8
5585951,8592816,1,7,-6
5585951,8592816,5,5,0
7699082,8505596,1,2,-1
7699082,8505596,3,3,0
7699082,8505596,12,7,5
5585665,6069026,5,5,0
5585665,6069026,6,12,-6
4321711,7662326,10,10,0
5581939,8033374,5,2,3
5581939,8033374,7,3,4
5581939,8033374,10,8,2
4680940,8474278,9,1,8
4614003,8732899,1,1,0
4614003,8732899,3,6,-3
4614003,8732899,5,2,3
5108849,7846591,1,10,-9
5108849,7846591,4,8,-4
5108849,7846591,8,6,2
6613098,7376673,5,13,-8
6613098,7376673,11,1,10
4698062,5314502,4,7,-3
4199785,5005083,11,7,4
4231561,8169602,12,2,10
4564277,5351105,4,3,1
4564277,5351105,6,4,2
4746863,5285159,4,2,2
4746863,5285159,10,1,9
6134339,8264575,2,1,1
6134339,8264575,3,7,-4
4781460,7187441,5,5,0
4781460,7187441,7,2,5
4781460,7187441,8,1,7
6483236,7964891,1,2,-1
6483236,7964891,2,3,-1
6483236,7964891,3,1,2
6483236,7964891,4,9,-5
6483236,7964891,10,6,4
6483236,7964891,13,4,9
5343251,5418658,7,6,1
5343251,5418658,10,1,9
5343251,5418658,13,2,11
5009573,5429486,1,1,0
5009573,5429486,2,7,-5
5009573,5429486,9,2,7
5009573,5429486,10,6,4
4098980,4665121,3,11,-8
4098980,4665121,6,1,5
4098980,4665121,13,12,1
6648635,8487221,6,13,-7
6648635,8487221,8,10,-2
6633504,7650544,2,2,0
6633504,7650544,3,4,-1
6633504,7650544,7,3,4
4634027,8087549,6,1,5
4015135,6219138,1,3,-2
4015135,6219138,6,4,2
4999678,7116934,1,4,-3
4999678,7116934,2,1,1
4999678,7116934,3,3,0
4999678,7116934,5,11,-6
4136257,4803819,8,5,3
7569252,8163345,1,1,0
7569252,8163345,2,2,0
7569252,8163345,3,3,0
7569252,8163345,4,9,-5
7569252,8163345,6,4,2
7569252,8163345,7,10,-3
7569252,8163345,11,5,6
7569252,8163345,12,6,6
7569252,8163345,13,7,6
5424388,6893524,4,3,1
5424388,6893524,7,5,2
3942755,4689005,2,2,0
3942755,4689005,4,8,-4
6616205,7748762,5,4,1
6616205,7748762,7,3,4
6237073,7827543,1,4,-3
6237073,7827543,11,5,6
5650032,6361661,1,2,-1
5650032,6361661,2,7,-5
7543283,8341612,7,10,-3
7543283,8341612,13,9,4
5070494,5276665,2,8,-6
5070494,5276665,5,5,0
5070494,5276665,10,3,7
6122670,8713641,5,7,-2
6122670,8713641,9,2,7
4894840,5255281,3,10,-7
4894840,5255281,5,3,2
4894840,5255281,9,4,5
6869526,7780372,2,4,-2
6869526,7780372,5,7,-2
5195988,7189207,1,3,-2
5121191,7062103,3,13,-10
5121191,7062103,7,1,6
5121191,7062103,12,10,2
4488179,8214869,11,11,0
6512814,7653174,4,6,-2
5188275,5486262,2,1,1
5496846,6537984,10,12,-2
5403772,6518102,1,6,-5
5403772,6518102,3,5,-2
5403772,6518102,4,7,-3
5403772,6518102,11,8,3
5004611,5141674,1,3,-2
5004611,5141674,2,4,-2
5004611,5141674,13,1,12
5605459,6350119,6,12,-6
5605459,6350119,8,6,2
4815472,7574792,2,8,-6
5454576,6561527,1,1,0
5454576,6561527,3,2,1
5454576,6561527,4,3,1
5454576,6561527,5,9,-4
5454576,6561527,9,13,-4
4909908,7861397,1,2,-1
4909908,7861397,11,5,6
5027662,8117921,6,9,-3
5027662,8117921,8,5,3
4800179,5110759,4,11,-7
4800179,5110759,12,3,9
5387905,6477150,8,1,7
6282907,8063298,1,1,0
6282907,8063298,7,2,5
6282907,8063298,13,4,9
4858993,7431397,1,2,-1
4858993,7431397,3,1,2
4858993,7431397,8,6,2
6621986,8169598,2,1,1
6621986,8169598,5,13,-8
6253119,7892089,3,4,-1
6632166,8021289,1,1,0
6632166,8021289,5,2,3
5139000,6581579,2,2,0
5139000,6581579,3,6,-3
5139000,6581579,6,5,1
6214466,8039048,1,1,0
6214466,8039048,3,3,0
6214466,8039048,6,5,1
6214466,8039048,7,13,-6
6214466,8039048,13,6,7
6931618,7875851,6,8,-2
7481801,7785311,1,2,-1
7481801,7785311,3,4,-1
7481801,7785311,5,3,2
7481801,7785311,6,5,1
7481801,7785311,7,6,1
7481801,7785311,8,7,1
7481801,7785311,10,8,2
7481801,7785311,11,9,2
7481801,7785311,12,10,2
7481801,7785311,13,11,2
5601086,6132376,5,5,0
4355283,6518809,1,6,-5
4355283,6518809,2,3,-1
4355283,6518809,3,7,-4
6889769,7527094,3,7,-4
7151638,7755848,1,1,0
7151638,7755848,2,3,-1
7151638,7755848,5,4,1
7151638,7755848,7,5,2
7151638,7755848,9,8,1
6391366,8637105,1,6,-5
6391366,8637105,3,7,-4
6391366,8637105,5,1,4
5365787,8370100,11,5,6
5619375,8705161,1,10,-9
5619375,8705161,2,11,-9
7648172,8505898,4,5,-1
7648172,8505898,13,11,2
4196106,7884154,1,2,-1
4196106,7884154,3,1,2
4196106,7884154,10,7,3
7058098,7747174,6,3,3
7058098,7747174,7,13,-6
6100582,8266794,4,8,-4
6100582,8266794,5,3,2
6100582,8266794,8,6,2
6100582,8266794,10,2,8
6100582,8266794,12,7,5
4129722,4778880,5,1,4
4129722,4778880,8,2,6
4129722,4778880,9,4,5
4040116,5091816,2,3,-1
4943793,5291173,3,2,1
4943793,5291173,5,8,-3
4594899,6604432,1,1,0
4376160,6074888,6,8,-2
4376160,6074888,9,4,5
4376160,6074888,10,1,9
6411943,7930340,5,2,3
5559557,8331438,1,3,-2
5559557,8331438,2,1,1
5559557,8331438,7,2,5
5236177,6452096,1,1,0
5236177,6452096,6,3,3
5236177,6452096,10,2,8
4883507,8652241,1,2,-1
6315995,7812001,8,12,-4
4259537,4302620,1,1,0
4259537,4302620,2,2,0
4259537,4302620,3,3,0
4259537,4302620,4,5,-1
4259537,4302620,5,6,-1
4259537,4302620,6,7,-1
4259537,4302620,7,8,-1
4259537,4302620,9,9,0
4259537,4302620,10,10,0
4259537,4302620,11,11,0
4259537,4302620,12,12,0
4259537,4302620,13,4,9
4949861,5269427,2,4,-2
4949861,5269427,4,1,3
6471604,8523705,2,1,1
6471604,8523705,9,3,6
6471604,8523705,12,2,10
6471604,8523705,13,5,8
4339337,5264157,4,4,0
4339337,5264157,6,1,5
4339337,5264157,7,11,-4
5588970,6207318,1,5,-4
6202169,7058007,1,11,-10
6938491,7726269,4,10,-6
6938491,7726269,7,6,1
6938491,7726269,8,13,-5
6938491,7726269,11,8,3
6938491,7726269,12,9,3
4929241,5328482,1,5,-4
4929241,5328482,2,1,1
4929241,5328482,3,3,0
4785408,8352277,7,4,3
5264364,6399330,6,5,1
5264364,6399330,7,10,-3
6965298,7424867,5,4,1
4400410,4783369,3,10,-7
6839680,7689420,1,6,-5
4922756,5314572,6,3,3
6849370,8048517,13,4,9
4141286,4827837,4,3,1
4141286,4827837,13,8,5
7587136,8059167,1,2,-1
7587136,8059167,4,5,-1
6306163,7879062,4,4,0
6306163,7879062,9,7,2
4952402,8252327,3,6,-3
5446073,6555593,2,2,0
5446073,6555593,6,5,1
6408541,6836976,1,7,-6
7623455,7983166,6,10,-4
7623455,7983166,9,7,2
4032102,5350071,1,1,0
4032102,5350071,3,2,1
4032102,5350071,6,6,0
4032102,5350071,13,3,10
6222425,6522216,1,1,0
6222425,6522216,4,3,1
6222425,6522216,10,2,8
7271545,7982402,1,2,-1
7271545,7982402,4,6,-2
7271545,7982402,5,3,2
7689182,8503953,1,8,-7
7689182,8503953,12,11,1
7689182,8503953,13,12,1
4605229,7651398,5,2,3
6323417,8728200,4,10,-6
6244510,8336780,9,5,4
6977281,7671136,7,1,6
6977281,7671136,9,2,7
6977281,7671136,10,3,7
6977281,7671136,11,4,7
6977281,7671136,13,5,8
6663659,7691134,7,1,6
6429484,8450804,1,1,0
7454317,8662859,5,9,-4
6411368,7283208,3,9,-6
4882702,6408367,6,6,0
5655612,6253863,1,1,0
5655612,6253863,2,3,-1
5655612,6253863,4,7,-3
5655612,6253863,11,12,-1
5655612,6253863,12,6,6
4792929,6496897,2,3,-1
4792929,6496897,6,11,-5
4792929,6496897,9,13,-4
4313124,5305024,3,3,0
4313124,5305024,6,12,-6
4313124,5305024,7,5,2
4313124,5305024,12,10,2
8045208,8279455,2,1,1
8045208,8279455,3,3,0
8045208,8279455,8,6,2
8045208,8279455,10,13,-3
8045208,8279455,11,8,3
5564333,6076456,1,2,-1
5564333,6076456,4,3,1
5564333,6076456,7,6,1
5499908,6361293,1,1,0
5499908,6361293,2,10,-8
5333085,6538850,1,6,-5
5333085,6538850,2,5,-3
5333085,6538850,3,1,2
5333085,6538850,4,2,2
5333085,6538850,12,4,8
6394204,8205695,1,2,-1
6394204,8205695,6,4,2
6183535,6551549,1,5,-4
6183535,6551549,7,9,-2
6183535,6551549,8,3,5
6183535,6551549,12,4,8
5188642,8471100,1,1,0
5188642,8471100,4,12,-8
5188642,8471100,8,2,6
5645059,7124048,5,4,1
5617119,7330564,2,6,-4
4387402,4879602,1,7,-6
6965317,7468666,2,2,0
6299597,8734460,1,10,-9
6299597,8734460,9,2,7
4165923,5136404,1,2,-1
4165923,5136404,3,4,-1
6454266,8251803,1,3,-2
6454266,8251803,11,5,6
6139249,7503742,4,2,2
5215086,8706241,4,2,2
5215086,8706241,5,6,-1
4935660,6212004,1,1,0
4569981,4929706,1,4,-3
4569981,4929706,4,3,1
4569981,4929706,7,1,6
5327361,5546562,2,1,1
6317411,7436895,9,11,-2
6317411,7436895,13,5,8
7003463,7881941,2,6,-4
4089310,6502386,13,3,10
6371852,7063617,3,2,1
6371852,7063617,4,7,-3
4629552,5275641,2,1,1
4629552,5275641,13,10,3
6391412,7150295,1,3,-2
6391412,7150295,12,8,4
4848100,7878006,1,7,-6
4848100,7878006,8,4,4
7334149,8234540,1,6,-5
6526424,7058701,3,1,2
4875263,7059052,7,1,6
6136422,8025764,3,1,2
6136422,8025764,12,13,-1
6549775,8700467,6,12,-6
5454828,6491709,1,2,-1
5454828,6491709,4,7,-3
6122664,8140635,4,1,3
4036521,8596708,2,7,-5
5283758,5402373,2,7,-5
5283758,5402373,3,3,0
5283758,5402373,4,9,-5
5283758,5402373,5,6,-1
5283758,5402373,6,11,-5
5283758,5402373,9,8,1
5283758,5402373,10,1,9
5283758,5402373,13,10,3
6015979,8263989,2,1,1
6015979,8263989,4,2,2
6015979,8263989,5,4,1
6015979,8263989,7,9,-2
6015979,8263989,11,12,-1
4553988,6935251,2,9,-7
4553988,6935251,3,10,-7
4553988,6935251,8,4,4
4779359,6402879,7,8,-1
6342055,7993380,6,8,-2
4779540,7426904,1,1,0
4347595,4694446,9,3,6
4347595,4694446,13,12,1
5422209,6342324,3,3,0
4961738,8709008,2,7,-5
4182089,4627209,1,1,0
4182089,4627209,4,2,2
4182089,4627209,5,8,-3
4182089,4627209,11,9,2
6437088,7767612,2,1,1
6437088,7767612,10,12,-2
6437088,7767612,13,4,9
6549625,8665779,1,3,-2
6549625,8665779,5,12,-7
7654714,8550678,1,1,0
7654714,8550678,12,13,-1
5442147,7460713,7,6,1
5442147,7460713,10,8,2
4695733,4900947,1,7,-6
4695733,4900947,3,5,-2
7002885,7701821,2,10,-8
7002885,7701821,3,13,-10
7002885,7701821,6,3,3
7002885,7701821,10,9,1
7002885,7701821,13,7,6
5155675,7751214,6,2,4
6098808,6328169,7,1,6
6298818,7226667,1,3,-2
6298818,7226667,2,7,-5
6298818,7226667,6,5,1
6298818,7226667,10,6,4
5629126,6451460,12,1,11
6615363,7970988,5,8,-3
6615363,7970988,7,1,6
6845776,7935073,4,8,-4
6845776,7935073,10,1,9
6319410,7063520,3,6,-3
6562347,7358042,7,10,-3
4642662,5135437,3,3,0
4897818,6445205,5,7,-2
4897818,6445205,7,9,-2
5031709,7188690,1,1,0
5031709,7188690,3,2,1
5031709,7188690,4,5,-1
5031709,7188690,6,12,-6
6849545,7595263,1,3,-2
6849545,7595263,2,1,1
6849545,7595263,9,2,7
6849545,7595263,13,8,5
6985207,7969477,2,1,1
6985207,7969477,3,7,-4
6985207,7969477,9,5,4
5390134,6151616,3,8,-5
6438696,8291484,1,3,-2
6438696,8291484,11,10,1
4429227,7605374,1,2,-1
4429227,7605374,4,3,1
4429227,7605374,6,5,1
5548347,7006163,1,4,-3
5548347,7006163,5,9,-4
5548347,7006163,7,3,4
5485644,5636401,1,1,0
5485644,5636401,9,8,1
5330146,7213793,11,9,2
5226394,5353769,4,6,-2
5226394,5353769,6,13,-7
5226394,5353769,7,2,5
5226394,5353769,8,3,5
5226394,5353769,9,10,-1
6476626,6900646,1,2,-1
6476626,6900646,3,3,0
3981534,6508509,2,13,-11
3981534,6508509,7,8,-1
4175704,4784652,5,3,2
4175704,4784652,11,5,6
6450167,8662084,2,1,1
4434347,6595406,1,7,-6
4434347,6595406,5,2,3
4434347,6595406,7,3,4
5043268,6500841,5,12,-7
5043268,6500841,12,9,3
7467202,8301635,6,9,-3
7467202,8301635,12,6,6
5262214,7691462,1,1,0
5262214,7691462,4,6,-2
6638275,8273084,5,3,2
6638275,8273084,8,10,-2
4962350,6507283,1,5,-4
4962350,6507283,5,1,4
5083516,7959435,1,2,-1
5083516,7959435,4,10,-6
5342049,7749074,3,3,0
5342049,7749074,7,8,-1
5342049,7749074,9,1,8
4206236,4712325,4,12,-8
6011757,7528401,11,1,10
3964460,4089164,2,4,-2
3964460,4089164,4,3,1
3964460,4089164,5,12,-7
3964460,4089164,7,5,2
4675882,6879817,13,7,6
6090591,7294461,3,12,-9
6090591,7294461,4,3,1
6090591,7294461,5,5,0
6090591,7294461,9,7,2
6090591,7294461,13,13,0
3938527,7150097,13,3,10
4265258,6371133,1,2,-1
4861358,5281256,2,1,1
4861358,5281256,6,6,0
6957826,7753395,4,13,-9
6957826,7753395,8,11,-3
5323407,7723640,1,10,-9
5323407,7723640,7,4,3
5323407,7723640,12,2,10
4055760,5311415,1,1,0
4055760,5311415,2,4,-2
4055760,5311415,4,13,-9
4306975,6155427,4,1,3
6167970,7438132,12,8,4
7287443,8364364,2,4,-2
7287443,8364364,10,2,8
6429909,8300171,2,1,1
6429909,8300171,11,6,5
7210832,8337071,6,2,4
6436651,7169550,1,9,-8
6436651,7169550,2,7,-5
6436651,7169550,5,6,-1
5303259,6265988,1,4,-3
5303259,6265988,2,7,-5
6267761,7377920,3,8,-5
6267761,7377920,4,2,2
6267761,7377920,8,3,5
6267761,7377920,10,4,6
6480409,8108607,3,1,2
6082936,7090914,1,8,-7
6082936,7090914,4,3,1
6082936,7090914,10,2,8
6082936,7090914,11,5,6
6082936,7090914,12,4,8
4493977,4832778,8,1,7
5054490,8202219,3,8,-5
5054490,8202219,4,4,0
5054490,8202219,9,9,0
5054490,8202219,10,2,8
3943680,4422617,5,6,-1
3943680,4422617,7,2,5
3943680,4422617,10,8,2
5570332,6877070,9,1,8
7188367,7984304,8,11,-3
4392857,8146210,1,4,-3
4392857,8146210,2,11,-9
6519603,8239400,1,2,-1
6519603,8239400,6,1,5
6519603,8239400,7,8,-1
4634905,6181628,1,6,-5
4634905,6181628,4,1,3
4634905,6181628,7,3,4
5343949,8517098,7,1,6
5343949,8517098,10,3,7
6580704,8588844,7,12,-5
5228242,6095896,1,1,0
5228242,6095896,2,5,-3
4816016,7192413,2,7,-5
4255131,7780781,1,2,-1
4255131,7780781,8,11,-3
4910345,5567854,1,1,0
4910345,5567854,8,2,6
6371990,7052516,1,2,-1
6371990,7052516,4,9,-5
4816334,5080971,1,1,0
4816334,5080971,2,7,-5
4816334,5080971,4,11,-7
4816334,5080971,5,12,-7
4816334,5080971,6,3,3
4816334,5080971,7,4,3
4816334,5080971,12,8,4
6617878,7151391,3,1,2
6617878,7151391,9,2,7
6617878,7151391,11,9,2
5484748,6884721,2,3,-1
5484748,6884721,8,5,3
5563786,6480768,3,9,-6
5563786,6480768,4,5,-1
5563786,6480768,5,1,4
5302427,8282539,7,4,3
5302427,8282539,10,8,2
7335218,7914569,1,1,0
7335218,7914569,2,2,0
6096656,7723242,5,11,-6
5387197,8657843,1,4,-3
5387197,8657843,2,5,-3
5387197,8657843,5,1,4
6304477,6944050,13,2,11
5313454,6862618,3,10,-7
5313454,6862618,10,3,7
6670409,7976149,1,1,0
6670409,7976149,5,2,3
6670409,7976149,12,5,7
6540769,8608777,11,7,4
6340864,8009042,1,4,-3
6340864,8009042,2,12,-10
6340864,8009042,5,1,4
6340864,8009042,13,3,10
8106424,8629016,3,13,-10
8106424,8629016,13,10,3
3970219,8618081,3,7,-4
3970219,8618081,8,2,6
5418892,7912680,3,2,1
5418892,7912680,11,7,4
5323053,7187045,7,4,3
5323053,7187045,8,5,3
5149221,7240459,2,3,-1
5149221,7240459,7,2,5
6195161,6618173,2,2,0
6195161,6618173,12,8,4
5173651,5376851,6,6,0
5173651,5376851,7,12,-5
5173651,5376851,9,4,5
5173651,5376851,13,3,10
4808603,5250543,1,10,-9
4808603,5250543,6,13,-7
4639279,4808779,5,2,3
4639279,4808779,7,1,6
4639279,4808779,8,7,1
4639279,4808779,10,3,7
4639279,4808779,11,4,7
4639279,4808779,12,13,-1
7234472,8342188,2,4,-2
7234472,8342188,5,1,4
4923846,5026679,4,1,3
4923846,5026679,7,2,5
6549663,7447363,2,1,1
6549663,7447363,3,4,-1
6549663,7447363,8,6,2
7174541,7856619,1,1,0
7174541,7856619,6,6,0
7174541,7856619,10,3,7
4526109,7255048,4,8,-4
4526109,7255048,12,1,11
6321208,7917386,1,1,0
6321208,7917386,6,5,1
6321208,7917386,13,9,4
6441786,8064528,1,1,0
6198123,7671368,1,2,-1
6198123,7671368,2,1,1
6198123,7671368,3,5,-2
6198123,7671368,11,6,5
4571395,8545880,5,1,4
4571395,8545880,6,6,0
4458439,6571506,1,2,-1
4458439,6571506,2,4,-2
4458439,6571506,10,12,-2
4458439,6571506,12,6,6
4458439,6571506,13,11,2
6434620,8060644,1,4,-3
6412972,7527382,5,3,2
6412972,7527382,6,5,1
7127190,7756439,5,4,1
7127190,7756439,10,5,5
7127190,7756439,12,9,3
4363083,4750096,3,3,0
4363083,4750096,5,4,1
4363083,4750096,12,2,10
4624938,4786404,1,3,-2
4624938,4786404,2,7,-5
4624938,4786404,9,6,3
6310134,7812085,7,6,1
4223792,5415300,9,13,-4
4223792,5415300,11,5,6
4157294,7776206,3,1,2
4157294,7776206,8,8,0
5585104,6784144,2,2,0
5585104,6784144,7,8,-1
6263237,8463387,1,2,-1
6263237,8463387,2,7,-5
6263237,8463387,3,1,2
6263237,8463387,8,10,-2
6263237,8463387,10,8,2
5145728,6579621,4,4,0
5624408,6530903,1,2,-1
5624408,6530903,5,3,2
6283925,8728004,2,3,-1
6283925,8728004,5,7,-2
5374229,7077791,1,2,-1
4461488,7121555,1,9,-8
4461488,7121555,3,1,2
6180029,7288889,2,1,1
4129198,4782918,4,4,0
7490007,8727547,1,1,0
7490007,8727547,2,2,0
7490007,8727547,8,9,-1
7490007,8727547,9,4,5
5397226,8349240,9,1,8
4572819,6613838,1,10,-9
5088976,7108663,13,4,9
6645077,7963845,1,9,-8
7446843,8012782,1,2,-1
7446843,8012782,2,6,-4
7446843,8012782,3,3,0
7446843,8012782,5,1,4
7446843,8012782,6,4,2
7446843,8012782,9,7,2
4221935,4669111,4,5,-1
4221935,4669111,5,10,-5
4221935,4669111,7,2,5
5377301,8682667,13,1,12
6854760,7686326,1,7,-6
6854760,7686326,3,1,2
6854760,7686326,7,9,-2
6854760,7686326,13,2,11
7635087,8261986,6,8,-2
7635087,8261986,7,6,1
7635087,8261986,8,1,7
7635087,8261986,9,9,0
6369062,6617328,1,1,0
6369062,6617328,2,2,0
6369062,6617328,3,3,0
6369062,6617328,4,4,0
6369062,6617328,5,5,0
6369062,6617328,6,6,0
6369062,6617328,7,7,0
6369062,6617328,8,8,0
6369062,6617328,9,9,0
6369062,6617328,10,10,0
6369062,6617328,11,11,0
6369062,6617328,12,12,0
6369062,6617328,13,13,0
4060914,4249895,2,4,-2
5331307,6539757,5,6,-1
5188085,5299544,2,9,-7
5188085,5299544,3,7,-4
5188085,5299544,6,1,5
5188085,5299544,11,10,1
6536890,7427130,6,3,3
6628816,7600626,1,2,-1
6628816,7600626,2,1,1
4289812,6984674,10,4,6
6913078,7730946,1,3,-2
6913078,7730946,2,5,-3
6913078,7730946,6,10,-4
6913078,7730946,8,9,-1
6118813,6600433,3,5,-2
6118813,6600433,4,10,-6
6118813,6600433,6,2,4
6118813,6600433,9,6,3
6118813,6600433,13,13,0
4800159,6537746,12,9,3
4854792,6550741,3,5,-2
4854792,6550741,6,11,-5
4854792,6550741,10,3,7
4847071,8470304,9,9,0
6483547,8707344,9,8,1
6483547,8707344,12,1,11
4099570,7367399,1,7,-6
4099570,7367399,3,5,-2
4099570,7367399,5,10,-5
6092856,6325120,3,10,-7
6092856,6325120,7,1,6
6506559,7858625,10,6,4
6370547,7587041,2,9,-7
6981883,8523616,7,10,-3
6981883,8523616,12,9,3
6063670,6660593,3,2,1
6063670,6660593,6,12,-6
6063670,6660593,10,1,9
6063670,6660593,12,11,1
6537150,7771271,1,1,0
6537150,7771271,3,8,-5
7127641,7996816,1,1,0
5224933,7833194,1,1,0
6669683,7871402,1,5,-4
4674303,7140489,5,11,-6
5226495,7073595,4,3,1
7106709,7177376,1,6,-5
7106709,7177376,7,7,0
7364200,8353534,8,10,-2
5323263,6157498,2,6,-4
5323263,6157498,4,7,-3
5323263,6157498,11,1,10
4147204,8234863,3,4,-1
4147204,8234863,5,2,3
4147204,8234863,7,6,1
4935360,6340581,1,10,-9
4935360,6340581,3,11,-8
4935360,6340581,4,5,-1
7069347,7853745,5,6,-1
4190415,4721457,2,7,-5
4190415,4721457,5,1,4
4190415,4721457,7,2,5
4190415,4721457,11,6,5
5334215,7909823,4,4,0
5334215,7909823,8,9,-1
6463470,7840599,1,1,0
6463470,7840599,5,6,-1
6100996,7145675,3,2,1
5501972,6946295,11,2,9
4387079,5171557,1,6,-5
4387079,5171557,6,9,-3
4387079,5171557,7,11,-4
6522823,7668433,1,1,0
6522823,7668433,9,2,7
4490802,5107448,8,3,5
4490802,5107448,9,2,7
5528222,6268796,4,9,-5
5528222,6268796,7,7,0
5528222,6268796,8,2,6
5528222,6268796,13,12,1
6471095,7810677,10,1,9
4194786,5332290,4,7,-3
5378439,7364603,1,3,-2
5385372,7758566,1,1,0
5385372,7758566,7,12,-5
5385372,7758566,8,6,2
6295680,8077939,1,1,0
5520628,6146349,11,9,2
5650170,8574659,1,4,-3
5650170,8574659,3,8,-5
6624743,7304577,1,4,-3
4619265,6148233,1,2,-1
4619265,6148233,10,5,5
5491801,7477601,6,2,4
6580552,7075712,1,2,-1
6580552,7075712,6,8,-2
6580552,7075712,13,10,3
6294611,8071687,5,3,2
6294611,8071687,6,6,0
6294611,8071687,8,7,1
4214804,7302298,4,2,2
4340920,4841159,3,6,-3
4777671,5189739,1,5,-4
4777671,5189739,3,1,2
4777671,5189739,8,11,-3
6233414,6988839,10,11,-1
5512178,6365048,1,4,-3
5512178,6365048,4,5,-1
5085661,6306158,2,11,-9
5085661,6306158,5,5,0
5109206,8324980,1,10,-9
5109206,8324980,2,9,-7
5109206,8324980,9,2,7
4560680,7423012,12,3,9
5620379,7048639,4,6,-2
5620379,7048639,5,12,-7
6312780,7961564,1,1,0
6312780,7961564,7,9,-2
6312780,7961564,12,7,5
5375461,6257054,1,1,0
5375461,6257054,4,2,2
5375461,6257054,8,8,0
5375461,6257054,9,13,-4
6122545,7233826,1,1,0
6122545,7233826,4,5,-1
6122545,7233826,11,3,8
4070230,7705466,5,3,2
7602285,8519860,3,1,2
5653438,6663099,1,2,-1
4629930,5053678,1,10,-9
4629930,5053678,3,13,-10
4629930,5053678,4,2,2
4629930,5053678,9,9,0
4629930,5053678,11,11,0
5424502,6483061,3,2,1
4937748,6324447,1,1,0
4937748,6324447,3,9,-6
4937748,6324447,5,6,-1
5556215,6340262,1,1,0
5556215,6340262,9,12,-3
5556215,6340262,11,2,9
6259741,7133452,13,5,8
6127786,7977888,4,1,3
4996634,6890011,1,1,0
4996634,6890011,9,12,-3
6551795,7662588,6,12,-6
6551795,7662588,11,7,4
7641124,8226001,1,4,-3
7641124,8226001,3,8,-5
7641124,8226001,7,3,4
7641124,8226001,8,5,3
7805446,8276067,1,1,0
7805446,8276067,7,2,5
4490540,5158949,3,1,2
4490540,5158949,8,4,4
4490540,5158949,10,6,4
4873761,5295841,1,6,-5
4873761,5295841,2,5,-3
4873761,5295841,3,1,2
4873761,5295841,4,13,-9
4873761,5295841,9,9,0
4751516,5187664,1,12,-11
4751516,5187664,2,6,-4
4751516,5187664,3,3,0
6582735,7592025,12,4,8
6067961,7100568,1,1,0
6067961,7100568,4,7,-3
5311593,7095756,10,2,8
5420593,7724807,1,13,-12
6963734,7379515,6,10,-4
6963734,7379515,8,4,4
6963734,7379515,9,7,2
6963734,7379515,11,2,9
6183898,7056613,1,1,0
6183898,7056613,2,5,-3
6183898,7056613,6,9,-3
4655257,6984203,4,1,3
4655257,6984203,6,2,4
5060401,8327560,1,1,0
5060401,8327560,2,3,-1
5060401,8327560,3,8,-5
5060401,8327560,6,13,-7
5060401,8327560,10,6,4
7620632,8730843,1,1,0
7620632,8730843,4,5,-1
7620632,8730843,7,13,-6
5079054,6881288,3,11,-8
5079054,6881288,6,4,2
5104869,8067464,3,8,-5
4779145,4994922,1,7,-6
4048136,5276075,6,2,4
6450766,7922444,1,6,-5
7010472,8417502,4,9,-5
4816032,6280471,5,2,3
4816032,6280471,8,6,2
4816032,6280471,10,5,5
4816032,6280471,12,9,3
4427794,7947368,8,2,6
5035286,8136449,3,1,2
5035286,8136449,10,3,7
5456405,7677846,2,1,1
4569794,6350866,3,4,-1
4459600,6661532,8,8,0
3950230,4496431,2,8,-6
3950230,4496431,7,7,0
6351806,7380109,4,3,1
5252125,6068692,13,5,8
4412073,4801663,2,1,1
5274237,7083612,3,5,-2
5274237,7083612,4,1,3
6199151,7730338,3,2,1
6199151,7730338,8,11,-3
5316869,7655332,7,2,5
5316869,7655332,10,3,7
5548389,6640062,4,8,-4
3993814,4834276,1,2,-1
5192286,6494885,10,1,9
4814478,5336804,1,2,-1
4814478,5336804,3,1,2
4814478,5336804,5,8,-3
5049969,5565758,6,3,3
5049969,5565758,8,12,-4
5645053,6305374,2,8,-6
5645053,6305374,3,4,-1
5645053,6305374,9,5,4
5645053,6305374,13,1,12
7109527,8653540,4,1,3
7109527,8653540,7,3,4
7109527,8653540,11,2,9
5372956,6440804,2,6,-4
5372956,6440804,6,2,4
6558320,7794428,1,10,-9
6558320,7794428,4,4,0
5153802,6476698,7,5,2
5153802,6476698,9,1,8
5222125,8050390,2,2,0
5222125,8050390,3,1,2
4930680,8162205,7,1,6
4930680,8162205,8,2,6
4242878,8234862,1,5,-4
4242878,8234862,5,7,-2
4242878,8234862,8,11,-3
7005982,7705739,1,8,-7
4378471,4790020,3,1,2
4956102,6466317,1,7,-6
6119229,7686208,3,5,-2
7273099,7762329,6,1,5
7273099,7762329,9,2,7
5577959,8353753,1,3,-2
5577959,8353753,6,10,-4
4611250,4873582,2,3,-1
4611250,4873582,3,12,-9
4611250,4873582,6,6,0
4611250,4873582,9,1,8
5379698,6637327,6,4,2
5379698,6637327,11,2,9
4601142,6205721,2,8,-6
4540110,4901712,3,8,-5
4540110,4901712,4,3,1
4489875,8517239,1,3,-2
4489875,8517239,4,1,3
4173854,4682454,1,7,-6
4173854,4682454,6,1,5
6282405,7414526,6,9,-3
6282405,7414526,8,11,-3
6631334,7481240,4,1,3
6631334,7481240,11,2,9
6349272,7035782,6,6,0
6349272,7035782,11,2,9
7128217,8235201,2,4,-2
4259543,4744065,1,1,0
7483590,8274552,2,1,1
4919994,7727607,5,2,3
4919994,7727607,6,13,-7
4097049,4344623,1,3,-2
4097049,4344623,4,4,0
4097049,4344623,5,9,-4
4976630,5225653,8,2,6
4977734,6272826,1,3,-2
4977734,6272826,2,4,-2
4977734,6272826,9,11,-2
5194490,7422826,1,7,-6
5194490,7422826,7,9,-2
5194490,7422826,10,3,7
5213958,5324626,1,11,-10
5213958,5324626,2,3,-1
5213958,5324626,4,4,0
5213958,5324626,5,5,0
5213958,5324626,7,2,5
5213958,5324626,9,7,2
6383201,7758654,3,4,-1
6383201,7758654,5,3,2
6383201,7758654,7,1,6
5486131,6517424,1,11,-10
5486131,6517424,8,9,-1
5231571,7117171,1,10,-9
5231571,7117171,6,7,-1
4338959,5647305,2,1,1
5008636,6473440,1,1,0
5008636,6473440,4,10,-6
5008636,6473440,11,7,4
5560424,8261816,11,12,-1
5223226,6879162,5,6,-1
5223226,6879162,7,5,2
4932723,8500210,8,3,5
5485847,7315753,3,13,-10
5485847,7315753,13,5,8
4004710,4881658,1,4,-3
4004710,4881658,3,2,1
4004710,4881658,4,5,-1
4004710,4881658,9,6,3
6614688,7505321,9,13,-4
4029560,6174415,3,1,2
7211018,7828686,2,5,-3
7211018,7828686,4,6,-2
5410109,8457833,3,1,2
5410109,8457833,8,6,2
3946003,4456754,11,12,-1
4416166,6561058,1,1,0
4416166,6561058,2,9,-7
4406570,4863335,4,13,-9
4406570,4863335,7,9,-2
6310634,6924667,4,7,-3
4492220,8157728,1,1,0
4492220,8157728,2,4,-2
4492220,8157728,7,3,4
5410541,7107028,2,1,1
5410541,7107028,6,7,-1
4342436,4405097,1,1,0
4342436,4405097,2,3,-1
4342436,4405097,4,7,-3
4342436,4405097,6,12,-6
4719570,5113515,4,3,1
4719570,5113515,5,1,4
4719570,5113515,11,7,4
5383157,6611885,3,5,-2
5383157,6611885,5,4,1
5383157,6611885,7,12,-5
5383157,6611885,12,6,6
4745597,5113398,1,1,0
4745597,5113398,6,3,3
6965968,8510516,1,3,-2
6269641,8245507,2,2,0
5114334,7086643,1,1,0
5566441,6954533,4,1,3
6346126,7735345,1,4,-3
6346126,7735345,7,6,1
5651064,6944621,3,3,0
4720823,6493290,3,2,1
5645897,8586727,9,9,0
6185122,7569844,4,1,3
6185122,7569844,11,3,8
6981482,7458355,1,1,0
6981482,7458355,2,2,0
6981482,7458355,4,6,-2
6981482,7458355,5,3,2
6981482,7458355,6,4,2
6981482,7458355,7,7,0
6236886,8571647,4,12,-8
5063695,7080470,3,1,2
4547339,4711264,3,3,0
4547339,4711264,4,2,2
4547339,4711264,10,6,4
4547339,4711264,11,7,4
6277694,8268691,8,13,-5
5652859,7761444,12,11,1
6334025,7376332,2,5,-3
6334025,7376332,3,11,-8
4641438,6662470,2,3,-1
4641438,6662470,3,5,-2
4894325,6942771,2,6,-4
4894325,6942771,9,3,6
4708496,6517583,1,5,-4
4708496,6517583,5,4,1
6191487,8125065,1,2,-1
6191487,8125065,4,9,-5
3985867,4238472,1,12,-11
3985867,4238472,4,5,-1
7603748,7979960,12,13,-1
6643121,8279583,2,6,-4
6643121,8279583,11,13,-2
6643121,8279583,12,2,10
6462410,7440281,2,7,-5
6462410,7440281,3,5,-2
6462410,7440281,13,12,1
7563629,8648376,1,4,-3
7563629,8648376,4,3,1
5224327,7383678,3,13,-10
5224327,7383678,7,5,2
5224327,7383678,10,8,2
4217601,7494873,3,8,-5
7056365,8444752,8,3,5
6353174,8476517,1,1,0
4882623,8608648,3,1,2
6466227,8140925,9,13,-4
5559368,7402865,8,4,4
4836618,5282674,1,4,-3
4836618,5282674,2,3,-1
4836618,5282674,3,2,1
4836618,5282674,6,11,-5
4109852,6511411,9,2,7
4375666,5117358,7,13,-6
4339908,5355918,7,2,5
5519311,6525490,2,1,1
5519311,6525490,8,6,2
7218824,8272758,1,8,-7
7218824,8272758,2,4,-2
7218824,8272758,9,13,-4
4714224,7677678,12,11,1
6575066,8158256,7,10,-3
7407026,8396619,6,1,5
7407026,8396619,13,7,6
6419446,7887297,1,2,-1
6419446,7887297,4,8,-4
4343671,4705589,1,2,-1
4343671,4705589,2,5,-3
4343671,4705589,3,6,-3
4343671,4705589,4,4,0
4343671,4705589,10,7,3
4343671,4705589,11,3,8
4055707,4287266,4,1,3
4055707,4287266,9,10,-1
4055707,4287266,11,8,3
7781433,8536161,5,5,0
4918952,8001812,2,1,1
5561599,7702401,2,6,-4
5561599,7702401,5,7,-2
4714429,5007840,1,1,0
4714429,5007840,3,8,-5
4714429,5007840,4,7,-3
6530059,8583997,6,7,-1
6530059,8583997,10,3,7
4680873,6490811,1,9,-8
4680873,6490811,2,2,0
4680873,6490811,3,1,2
4680873,6490811,4,6,-2
7104839,7635283,2,1,1
7104839,7635283,3,2,1
7104839,7635283,5,5,0
7104839,7635283,11,4,7
4453103,5140215,1,9,-8
4453103,5140215,7,6,1
4453103,5140215,12,2,10
5183597,5316849,2,6,-4
5183597,5316849,7,10,-3
5183597,5316849,11,5,6
5123649,6244958,4,6,-2
5123649,6244958,13,7,6
4295991,4675368,3,10,-7
4295991,4675368,7,2,5
4295991,4675368,8,4,4
6854975,8621774,4,1,3
4521618,8242306,5,7,-2
4521618,8242306,7,4,3
4859215,5011518,2,2,0
4859215,5011518,4,12,-8
5226668,6068288,3,1,2
4748600,5042685,3,4,-1
4267675,8549815,1,1,0
4267675,8549815,4,4,0
4267675,8549815,6,2,4
5081714,8727914,9,10,-1
6565452,7922604,1,1,0
6565452,7922604,4,2,2
6565452,7922604,8,5,3
6565452,7922604,11,3,8
5619374,6657767,1,1,0
4547656,4764660,1,2,-1
4547656,4764660,4,12,-8
4547656,4764660,10,11,-1
5321627,7501795,1,1,0
5321627,7501795,7,8,-1
6295437,6658227,5,2,3
6295437,6658227,13,7,6
4880687,5069967,1,1,0
4880687,5069967,2,2,0
4880687,5069967,3,3,0
4880687,5069967,4,4,0
4880687,5069967,5,5,0
4880687,5069967,6,6,0
4880687,5069967,7,7,0
4880687,5069967,8,8,0
4880687,5069967,9,9,0
4880687,5069967,10,10,0
4880687,5069967,11,11,0
4880687,5069967,12,12,0
4880687,5069967,13,13,0
6915008,8103102,7,1,6
4004818,4613156,4,2,2
4004818,4613156,5,10,-5
4004818,4613156,7,3,4
4004818,4613156,10,9,1
5322489,7217227,2,2,0
5322489,7217227,3,5,-2
5322489,7217227,13,1,12
7831133,8276661,2,3,-1
7831133,8276661,10,5,5
7831133,8276661,13,13,0
6331179,7645295,3,5,-2
6331179,7645295,4,9,-5
6331179,7645295,11,2,9
5058354,6880306,1,4,-3
4924949,7224288,10,13,-3
3951339,7398139,1,7,-6
3951339,7398139,2,5,-3
3951339,7398139,5,4,1
4434794,7727433,13,1,12
4281709,7665508,1,8,-7
4281709,7665508,5,1,4
4814777,5208602,1,1,0
4814777,5208602,3,5,-2
4814777,5208602,5,4,1
4814777,5208602,8,12,-4
4030426,4559880,6,2,4
4030426,4559880,9,1,8
7017164,7650611,1,3,-2
7017164,7650611,3,1,2
7017164,7650611,6,9,-3
7017164,7650611,7,4,3
6338227,8112941,1,10,-9
6338227,8112941,5,11,-6
5323404,7038840,2,5,-3
5323404,7038840,4,8,-4
5323404,7038840,6,6,0
5323404,7038840,7,11,-4
5323404,7038840,8,1,7
4304752,7140232,2,1,1
4304752,7140232,4,4,0
4304752,7140232,12,3,9
6172060,7838023,7,6,1
5038770,5183037,5,10,-5
5329548,6549560,2,5,-3
5329548,6549560,3,9,-6
5281485,6488823,3,2,1
5281485,6488823,8,4,4
4667279,6441585,9,13,-4
3987669,4081993,3,2,1
6128398,7900823,7,9,-2
7652454,8476964,9,2,7
7652454,8476964,11,7,4
5565267,7063756,8,8,0
5565267,7063756,9,4,5
4378865,4794816,4,1,3
4378865,4794816,6,8,-2
4378865,4794816,13,3,10
6459455,7468757,1,3,-2
6459455,7468757,6,1,5
6459455,7468757,7,6,1
5181526,6535762,1,10,-9
5181526,6535762,2,5,-3
4693309,7591305,1,3,-2
4693309,7591305,2,1,1
4693309,7591305,4,10,-6
6606088,7116322,1,7,-6
6606088,7116322,3,4,-1
3936707,4066939,1,11,-10
3936707,4066939,4,7,-3
3936707,4066939,6,9,-3
3936707,4066939,10,13,-3
3936707,4066939,13,5,8
5564445,6164292,2,3,-1
6165081,6471604,4,9,-5
6165081,6471604,5,2,3
6165081,6471604,10,12,-2
6165081,6471604,13,8,5
4304088,8056307,3,7,-4
4678964,5262702,2,10,-8
4678964,5262702,4,1,3
4678964,5262702,5,5,0
4678964,5262702,8,3,5
4678964,5262702,12,2,10
5554872,7129542,2,7,-5
5554872,7129542,8,9,-1
5119216,7684005,9,4,5
5119216,7684005,13,9,4
4827294,7118202,1,4,-3
4827294,7118202,2,9,-7
4827294,7118202,12,2,10
5253647,8467589,1,2,-1
3990666,7093369,2,4,-2
3990666,7093369,3,2,1
3990666,7093369,7,5,2
6491609,7608028,1,3,-2
6491609,7608028,2,8,-6
6491609,7608028,3,1,2
6491609,7608028,7,11,-4
6458158,7491237,1,3,-2
6458158,7491237,4,1,3
6654624,7190261,3,9,-6
6171647,7666502,9,4,5
5636644,6947786,2,2,0
5636644,6947786,11,1,10
5503912,8075744,1,9,-8
5503912,8075744,8,1,7
4250944,4875657,3,1,2
6191554,7896098,3,9,-6
5546536,8726242,8,3,5
4705040,7651509,5,1,4
6517740,7364924,3,4,-1
6907047,7653050,1,9,-8
6907047,7653050,5,12,-7
4453938,8250677,2,1,1
5616817,7619118,2,2,0
6991561,8177690,2,1,1
4839812,7653462,2,2,0
4839812,7653462,3,9,-6
4839812,7653462,4,10,-6
4839812,7653462,6,3,3
4363002,7369623,1,1,0
4363002,7369623,5,4,1
4363002,7369623,6,5,1
5096388,6485273,1,2,-1
5096388,6485273,4,8,-4
5561844,7746825,11,3,8
4716972,8689881,2,3,-1
4718553,7090397,10,12,-2
6119180,6631396,1,2,-1
6229473,8267264,9,3,6
6391029,8197472,5,2,3
6422898,7131864,2,1,1
6078681,7826649,1,3,-2
6078681,7826649,10,10,0
5580859,6537814,1,13,-12
6168226,7340833,4,1,3
6613610,7961160,2,5,-3
6613610,7961160,8,10,-2
4669479,5341806,5,1,4
7236100,7650234,6,8,-2
4278760,6127140,12,9,3
6131130,7797718,11,13,-2
4694415,4918637,4,1,3
4694415,4918637,9,11,-2
4933953,6917601,4,3,1
4933953,6917601,10,1,9
4933953,6917601,11,2,9
6481730,7547027,4,2,2
6481730,7547027,10,5,5
4827808,8453541,2,1,1
4827808,8453541,5,9,-4
6868404,7639813,4,6,-2
6868404,7639813,5,3,2
6868404,7639813,10,5,5
5218619,7787572,1,6,-5
7467335,8631171,3,6,-3
7467335,8631171,6,5,1
7467335,8631171,8,7,1
7467335,8631171,13,4,9
4862145,8753658,2,9,-7
6093102,6942567,3,3,0
6599572,7352048,4,13,-9
4419728,5261056,7,12,-5
6647251,7945287,13,9,4
5058995,7554616,3,5,-2
5058995,7554616,4,3,1
5039566,8262823,2,12,-10
5039566,8262823,4,11,-7
4952147,6183244,1,3,-2
7424081,7605661,4,5,-1
7424081,7605661,11,4,7
4896663,7896883,6,3,3
4802706,7520567,1,1,0
4802706,7520567,5,13,-8
4078358,4370845,1,2,-1
4078358,4370845,13,1,12
6517351,8033831,2,3,-1
6038451,7359972,6,6,0
4832610,6276949,2,2,0
4832610,6276949,5,1,4
6574708,6973526,3,9,-6
5624428,6626881,4,4,0
5624428,6626881,9,3,6
6989931,7403309,4,12,-8
4954532,5415861,11,11,0
4954532,5415861,13,1,12
5486233,6074474,1,1,0
5191193,6871278,2,3,-1
4358851,7965949,6,8,-2
4620268,4961127,3,7,-4
4414059,4507331,6,6,0
4883837,8288470,1,6,-5
4883837,8288470,2,12,-10
4883837,8288470,3,8,-5
4883837,8288470,10,4,6
4883837,8288470,12,10,2
6462646,8073121,4,2,2
5653469,6375222,1,2,-1
5653469,6375222,3,7,-4
5653469,6375222,4,4,0
4911101,5322710,5,1,4
4911101,5322710,8,2,6
4911101,5322710,11,12,-1
7016505,8272466,1,2,-1
7016505,8272466,3,12,-9
7726088,8752352,1,3,-2
7726088,8752352,2,2,0
4557527,4898434,1,3,-2
4557527,4898434,3,1,2
4557527,4898434,9,11,-2
4557527,4898434,11,4,7
3946623,7166053,1,3,-2
3946623,7166053,2,7,-5
3946623,7166053,3,1,2
6581319,8359781,1,1,0
6581319,8359781,2,2,0
6581319,8359781,5,10,-5
6581319,8359781,10,6,4
6581319,8359781,12,9,3
4890608,6217535,7,1,6
4890608,6217535,9,3,6
7392222,7753259,4,9,-5
7392222,7753259,5,8,-3
6426743,8331524,2,1,1
6426743,8331524,6,12,-6
6426743,8331524,7,9,-2
6426743,8331524,10,8,2
6426743,8331524,12,5,7
3972995,8119158,1,2,-1
3972995,8119158,5,3,2
3972995,8119158,11,5,6
5648727,8569020,8,6,2
5648727,8569020,9,8,1
5277259,7070008,1,10,-9
5277259,7070008,2,13,-11
5277259,7070008,13,11,2
7594867,7810867,9,8,1
5184076,6226545,2,1,1
6399415,7906855,3,2,1
6399415,7906855,8,4,4
6399415,7906855,10,6,4
4999625,5563535,1,13,-12
4999625,5563535,2,1,1
4999625,5563535,6,12,-6
4999625,5563535,9,7,2
5212551,7068811,13,7,6
4191946,4529970,1,1,0
4191946,4529970,4,10,-6
4191946,4529970,7,5,2
4191946,4529970,10,2,8
4324704,4458093,3,3,0
4324704,4458093,7,10,-3
4324704,4458093,8,2,6
4324704,4458093,9,12,-3
4662419,5271443,2,1,1
4662419,5271443,4,6,-2
4662419,5271443,10,5,5
4373541,8677545,4,2,2
6070797,7374088,2,3,-1
6070797,7374088,3,1,2
5228443,5592947,10,5,5
4022651,5127164,1,12,-11
4022651,5127164,5,2,3
4022651,5127164,11,7,4
6609004,8369967,5,9,-4
6609004,8369967,11,10,1
5570932,6089662,1,2,-1
5570932,6089662,7,11,-4
5570932,6089662,9,1,8
5570932,6089662,10,5,5
7772573,8581216,1,3,-2
7772573,8581216,2,1,1
7772573,8581216,4,7,-3
7772573,8581216,9,5,4
7772573,8581216,10,2,8
5654765,6538704,1,6,-5
5654765,6538704,2,8,-6
5654765,6538704,3,7,-4
5654765,6538704,6,3,3
5654765,6538704,9,9,0
5565332,8586712,1,4,-3
5565332,8586712,2,3,-1
5565332,8586712,5,6,-1
4317611,7030708,1,7,-6
6899254,7748577,5,2,3
6899254,7748577,7,7,0
4405272,7120971,8,3,5
4405272,7120971,10,12,-2
6025224,6362043,5,11,-6
6025224,6362043,9,4,5
5192019,8292095,11,4,7
5072988,7722114,2,2,0
5072988,7722114,3,6,-3
5072988,7722114,4,9,-5
5072988,7722114,5,8,-3
5072988,7722114,7,7,0
4144369,4689261,1,2,-1
4144369,4689261,13,4,9
7830032,8723352,1,11,-10
7830032,8723352,4,3,1
7830032,8723352,12,8,4
8333809,8747674,1,2,-1
8333809,8747674,2,6,-4
5304719,7696417,2,3,-1
5304719,7696417,3,2,1
5304719,7696417,4,4,0
5304719,7696417,5,5,0
5304719,7696417,6,9,-3
5304719,7696417,7,7,0
5304719,7696417,11,10,1
5304719,7696417,12,11,1
6980744,7333728,1,1,0
6980744,7333728,2,2,0
6980744,7333728,3,3,0
6980744,7333728,4,4,0
6980744,7333728,5,5,0
6980744,7333728,6,6,0
6980744,7333728,7,7,0
6980744,7333728,8,8,0
6980744,7333728,9,9,0
6980744,7333728,10,10,0
6980744,7333728,11,11,0
6980744,7333728,12,12,0
6980744,7333728,13,13,0
3942407,8226714,13,5,8
6136333,7700819,10,8,2
5106775,8557632,2,12,-10
5106775,8557632,12,13,-1
4338931,6543448,3,7,-4
4338931,6543448,5,1,4
4440059,4622881,13,2,11
6844593,8541848,1,13,-12
6844593,8541848,8,8,0
6844593,8541848,12,5,7
5116055,7674179,1,4,-3
5116055,7674179,4,3,1
5116055,7674179,9,5,4
5116055,7674179,13,7,6
7416458,8534397,3,13,-10
7416458,8534397,13,6,7
6939785,8198176,1,12,-11
6939785,8198176,2,1,1
6939785,8198176,4,3,1
6939785,8198176,5,2,3
6939785,8198176,7,4,3
6939785,8198176,8,5,3
5531978,6673333,3,10,-7
4641030,8164048,3,6,-3
4641030,8164048,8,1,7
4641030,8164048,9,2,7
4523436,8160827,6,12,-6
4645961,6452292,1,3,-2
5013089,5632526,5,7,-2
5013089,5632526,8,8,0
5013089,5632526,10,5,5
7322222,8291739,5,9,-4
7322222,8291739,10,3,7
6295168,7978405,4,5,-1
6295168,7978405,5,2,3
6295168,7978405,9,1,8
4571683,4693076,2,1,1
4571683,4693076,7,2,5
4571683,4693076,13,8,5
4808968,8215811,1,7,-6
4808968,8215811,7,8,-1
6428024,7311314,4,1,3
6428024,7311314,9,2,7
6428024,7311314,10,9,1
6428024,7311314,11,11,0
5377818,6234305,1,1,0
5377818,6234305,2,2,0
5377818,6234305,5,5,0
6572650,8652500,3,2,1
6572650,8652500,6,1,5
6411705,7492775,3,10,-7
6411705,7492775,8,11,-3
6518582,6855929,2,7,-5
6518582,6855929,3,3,0
6518582,6855929,8,1,7
4278562,4760042,1,1,0
4278562,4760042,2,3,-1
4278562,4760042,3,2,1
4278562,4760042,4,6,-2
4278562,4760042,5,4,1
4278562,4760042,6,5,1
6240110,6426966,1,1,0
6240110,6426966,2,7,-5
6240110,6426966,3,9,-6
6240110,6426966,4,10,-6
6240110,6426966,11,4,7
5296463,6117998,2,1,1
5296463,6117998,9,3,6
5296463,6117998,12,4,8
4093357,6069674,6,1,5
4093357,6069674,10,6,4
4801451,5387517,2,9,-7
4801451,5387517,5,11,-6
5113308,5252936,1,1,0
5113308,5252936,5,4,1
7180826,8261607,10,7,3
4321010,7080971,4,9,-5
5060679,8132570,2,11,-9
4346142,6479190,1,2,-1
4406272,6617722,2,4,-2
4406272,6617722,12,12,0
4429946,6085980,10,2,8
6091334,8009877,12,1,11
5558927,7145624,3,6,-3
5558927,7145624,4,12,-8
5558927,7145624,11,2,9
4636253,5120495,1,10,-9
4636253,5120495,2,3,-1
4636253,5120495,3,13,-10
4636253,5120495,10,1,9
7243560,8057608,3,3,0
5209168,7003991,1,1,0
5209168,7003991,5,8,-3
5209168,7003991,9,5,4
7796826,8051294,4,7,-3
7796826,8051294,8,12,-4
6348497,7932366,6,4,2
5150358,5384775,2,2,0
6152601,7067037,2,7,-5
6152601,7067037,3,9,-6
6152601,7067037,4,5,-1
6152601,7067037,9,3,6
6152601,7067037,10,2,8
5219406,7051482,4,5,-1
5219406,7051482,5,8,-3
4822348,8486091,1,2,-1
4822348,8486091,3,6,-3
4822348,8486091,8,3,5
7575013,7698021,3,9,-6
7575013,7698021,12,5,7
6351529,7274794,9,1,8
7072061,8756255,7,2,5
7072061,8756255,12,3,9
7260301,8086085,1,1,0
7260301,8086085,2,3,-1
7260301,8086085,9,2,7
7260301,8086085,10,7,3
7380936,8500271,6,13,-7
7380936,8500271,7,1,6
7380936,8500271,8,3,5
7380936,8500271,9,2,7
7380936,8500271,12,6,6
5455489,7883387,5,1,4
7231628,7570796,1,5,-4
7231628,7570796,4,2,2
7231628,7570796,8,4,4
7231628,7570796,12,10,2
5640560,7448021,8,6,2
5640560,7448021,9,13,-4
4230515,4711767,4,1,3
5593267,7123989,7,1,6
5298315,5413849,1,5,-4
5298315,5413849,2,6,-4
5298315,5413849,3,4,-1
5298315,5413849,4,3,1
5298315,5413849,6,1,5
5298315,5413849,8,10,-2
7720364,8432453,1,10,-9
6141943,8413790,3,2,1
6141943,8413790,12,13,-1
5352623,6541330,2,7,-5
5352623,6541330,13,3,10
5401192,8192209,9,4,5
5401192,8192209,12,3,9
6353726,8439342,2,1,1
6353726,8439342,3,6,-3
6223539,7506938,2,11,-9
6223539,7506938,4,2,2
6223539,7506938,10,10,0
6223539,7506938,12,5,7
4121966,8435908,3,7,-4
4121966,8435908,6,3,3
6446107,7930336,8,6,2
6446107,7930336,11,8,3
5641176,6282790,1,9,-8
5042072,7715584,2,8,-6
5042072,7715584,4,9,-5
5042072,7715584,6,5,1
5042072,7715584,8,3,5
5042072,7715584,9,4,5
5042072,7715584,12,6,6
5635946,6081244,1,6,-5
5635946,6081244,2,2,0
5635946,6081244,3,1,2
4883932,8044315,4,7,-3
4386646,5548869,1,3,-2
4386646,5548869,2,6,-4
4386646,5548869,4,1,3
4386646,5548869,5,7,-2
4386646,5548869,6,4,2
4386646,5548869,13,9,4
5002350,6990265,1,1,0
5002350,6990265,4,12,-8
7254114,7760653,6,8,-2
7254114,7760653,8,6,2
6327693,7398498,2,1,1
5075796,7417735,1,2,-1
4633876,6855029,2,1,1
4633876,6855029,4,2,2
6286142,7647614,11,10,1
4935346,5304468,1,6,-5
4935346,5304468,2,2,0
4935346,5304468,3,5,-2
4935346,5304468,4,8,-4
4935346,5304468,5,3,2
4935346,5304468,6,9,-3
4935346,5304468,7,10,-3
4935346,5304468,8,13,-5
4935346,5304468,9,7,2
4935346,5304468,11,4,7
6270711,7416402,3,3,0
6270711,7416402,7,2,5
6270711,7416402,8,13,-5
6270711,7416402,9,7,2
4109398,8453533,13,3,10
4787075,5090004,1,10,-9
4787075,5090004,2,13,-11
4787075,5090004,8,7,1
5597024,6606834,3,3,0
6083119,6290614,1,1,0
6083119,6290614,2,2,0
6671383,8116509,2,4,-2
6671383,8116509,6,2,4
6671383,8116509,7,3,4
7725321,8719006,7,11,-4
7453270,7683641,1,1,0
7453270,7683641,2,2,0
7453270,7683641,3,3,0
7453270,7683641,4,4,0
7453270,7683641,5,5,0
7453270,7683641,6,6,0
7453270,7683641,7,7,0
7453270,7683641,8,8,0
7453270,7683641,9,9,0
7453270,7683641,10,10,0
7453270,7683641,11,11,0
7453270,7683641,12,12,0
7453270,7683641,13,13,0
7306975,7541218,1,2,-1
7306975,7541218,6,9,-3
6259956,8012421,3,9,-6
7440105,8409882,2,1,1
7440105,8409882,11,6,5
4925481,5362882,12,7,5
4497874,5250367,2,3,-1
4497874,5250367,8,9,-1
4497874,5250367,9,4,5
4673630,5198318,4,4,0
4673630,5198318,8,6,2
6220094,6412347,1,1,0
6220094,6412347,7,12,-5
6220094,6412347,11,9,2
6220094,6412347,12,11,1
6220094,6412347,13,13,0
6493497,7452761,2,11,-9
7231395,7873632,4,13,-9
4466134,6507627,4,2,2
5245842,5596882,6,3,3
5245842,5596882,7,8,-1
5245842,5596882,12,13,-1
5424028,6461448,2,5,-3
5424028,6461448,4,9,-5
5424028,6461448,8,3,5
5424028,6461448,13,7,6
4710536,6461715,6,4,2
5266805,8369651,1,1,0
5266805,8369651,2,5,-3
5266805,8369651,12,12,0
4553184,5218494,2,5,-3
4553184,5218494,5,9,-4
4553184,5218494,10,12,-2
7915254,8188074,10,1,9
7915254,8188074,11,2,9
5115255,7677821,10,1,9
6064592,6538270,2,4,-2
6064592,6538270,3,3,0
6064592,6538270,13,7,6
4097352,4872961,2,3,-1
4097352,4872961,4,12,-8
4097352,4872961,10,1,9
5018953,7077033,1,4,-3
5018953,7077033,5,12,-7
5018953,7077033,13,8,5
4610574,6319995,7,3,4
4610574,6319995,8,8,0
4610574,6319995,10,5,5
4610574,6319995,11,1,10
4791420,5111207,1,1,0
4791420,5111207,10,5,5
4791420,5111207,12,13,-1
7153328,8512413,4,6,-2
6293753,7031157,1,1,0
6922021,8282435,2,1,1
6922021,8282435,3,12,-9
6922021,8282435,5,7,-2
6573160,7465982,6,6,0
4311446,5264163,2,1,1
6176299,7296619,1,8,-7
6176299,7296619,4,11,-7
6452483,8484070,12,8,4
4942006,5304058,2,3,-1
4942006,5304058,6,2,4
4942006,5304058,11,1,10
4445838,6450796,2,9,-7
4445838,6450796,6,3,3
6887157,8485880,1,8,-7
6887157,8485880,5,1,4
4387695,5156133,1,2,-1
4387695,5156133,3,8,-5
4387695,5156133,7,1,6
6962856,8476169,8,13,-5
4748737,6373685,3,2,1
6191131,7067661,5,12,-7
5582577,7850608,2,1,1
6521703,7354533,3,5,-2
6521703,7354533,5,6,-1
6521703,7354533,8,8,0
6521703,7354533,9,11,-2
6521703,7354533,10,12,-2
7389540,7950059,1,10,-9
4605869,6645586,2,5,-3
7171304,8521422,3,1,2
6606670,6925558,1,3,-2
6606670,6925558,5,1,4
6606670,6925558,9,5,4
7597126,7954526,1,1,0
7597126,7954526,2,4,-2
7597126,7954526,3,2,1
7597126,7954526,4,5,-1
7597126,7954526,8,8,0
5649109,6910118,4,5,-1
5643396,6520946,5,2,3
5643396,6520946,13,9,4
6480257,8636691,7,7,0
5530430,7325787,1,10,-9
5530430,7325787,2,2,0
5530430,7325787,4,1,3
5530430,7325787,13,4,9
5406615,6611692,3,2,1
5406615,6611692,8,6,2
7135479,7335666,1,1,0
7135479,7335666,2,2,0
7135479,7335666,3,3,0
7135479,7335666,4,4,0
7135479,7335666,5,5,0
7135479,7335666,6,6,0
7135479,7335666,7,7,0
7135479,7335666,8,8,0
7135479,7335666,9,9,0
7135479,7335666,10,10,0
7135479,7335666,11,11,0
7135479,7335666,12,12,0
7135479,7335666,13,13,0
4487523,7980521,1,10,-9
6138383,6477792,7,1,6
5477455,6654676,1,4,-3
5477455,6654676,3,3,0
5477455,6654676,5,5,0
5477455,6654676,10,7,3
5292029,6170230,1,1,0
5292029,6170230,4,4,0
5522555,8448534,1,3,-2
5522555,8448534,6,9,-3
5522555,8448534,11,1,10
4927642,5296075,1,3,-2
4927642,5296075,9,4,5
5282261,5396415,1,4,-3
5282261,5396415,3,7,-4
5282261,5396415,6,2,4
5282261,5396415,12,5,7
6341236,8226638,2,1,1
6341236,8226638,13,13,0
6375688,7695529,1,2,-1
4523899,7442015,8,1,7
6439330,7077225,1,1,0
6439330,7077225,2,5,-3
6439330,7077225,8,4,4
6439330,7077225,10,2,8
4767044,7721934,2,7,-5
5058939,8496284,3,13,-10
6489278,6767884,1,5,-4
6489278,6767884,2,3,-1
6510387,7751974,7,4,3
5020767,6457287,5,7,-2
4274453,5130254,12,13,-1
3996414,6571832,2,4,-2
3996414,6571832,5,9,-4
4689683,7532807,6,13,-7
6339197,8186045,3,1,2
6339197,8186045,9,4,5
6339197,8186045,12,8,4
6339197,8186045,13,11,2
5133232,6099436,1,5,-4
5133232,6099436,3,1,2
5133232,6099436,10,9,1
5133232,6099436,13,2,11
4868406,8035357,5,8,-3
4868406,8035357,9,5,4
4868406,8035357,12,6,6
4687905,6516142,3,2,1
4687905,6516142,10,5,5
5087253,7150354,4,1,3
4797677,6298238,1,1,0
4797677,6298238,3,9,-6
5274271,8031690,4,1,3
5593807,7829255,3,2,1
5593807,7829255,4,5,-1
5593807,7829255,5,6,-1
5338231,7658658,1,1,0
5338231,7658658,9,13,-4
5338231,7658658,10,11,-1
3951265,7234599,1,4,-3
3951265,7234599,3,3,0
3951265,7234599,11,7,4
5600554,8478618,6,3,3
6557131,7145489,1,5,-4
6557131,7145489,5,3,2
6557131,7145489,12,7,5
4752216,8104326,1,1,0
4752216,8104326,12,9,3
6424709,8073129,1,10,-9
6424709,8073129,9,5,4
4079558,7817002,4,9,-5
4619643,8092415,1,3,-2
4619643,8092415,2,1,1
4619643,8092415,7,5,2
4619643,8092415,8,2,6
6536880,7157837,1,1,0
6536880,7157837,3,6,-3
4598348,4816974,1,3,-2
4598348,4816974,2,5,-3
6196307,8720828,1,6,-5
6196307,8720828,2,3,-1
6196307,8720828,4,1,3
4791416,6473075,10,11,-1
4703386,7586728,7,1,6
6490836,8650826,1,4,-3
6490836,8650826,2,3,-1
6490836,8650826,4,10,-6
6490836,8650826,6,2,4
7276861,8040703,7,2,5
7276861,8040703,8,5,3
7276861,8040703,10,3,7
5171108,7887263,6,5,1
5171108,7887263,7,6,1
6625125,8331852,7,3,4
6625125,8331852,8,13,-5
6625125,8331852,9,12,-3
6625125,8331852,13,2,11
7194084,8358599,1,6,-5
7194084,8358599,2,5,-3
7194084,8358599,9,11,-2
7194084,8358599,12,2,10
5232248,8701978,3,1,2
5232248,8701978,13,11,2
5491760,7386790,1,2,-1
5491760,7386790,2,3,-1
4998279,5237614,5,11,-6
4459651,4791544,12,11,1
6359872,8018907,7,11,-4
6359872,8018907,8,2,6
6359872,8018907,12,5,7
6921351,7577522,6,12,-6
6177746,7154193,7,1,6
6177746,7154193,10,8,2
6177746,7154193,11,2,9
6177746,7154193,12,12,0
6655683,8556260,3,3,0
6655683,8556260,12,12,0
6655683,8556260,13,7,6
4240351,8141490,4,6,-2
4240351,8141490,6,9,-3
4530186,5423147,4,4,0
4425778,5168742,2,5,-3
4425778,5168742,4,13,-9
6210276,8512125,1,2,-1
6210276,8512125,9,3,6
5024529,8412377,2,10,-8
5024529,8412377,7,6,1
6236768,7644072,7,9,-2
6236768,7644072,8,4,4
6236768,7644072,13,1,12
4638792,7758203,1,2,-1
4780407,7901932,1,5,-4
4780407,7901932,11,12,-1
6894926,8209588,2,12,-10
6561900,7578737,2,3,-1
6561900,7578737,3,4,-1
6561900,7578737,5,2,3
5101206,7746257,3,1,2
5101206,7746257,5,8,-3
5101206,7746257,7,9,-2
4207712,6949014,4,7,-3
4207712,6949014,13,5,8
5275796,6481649,1,1,0
5105347,6530675,5,2,3
5105347,6530675,8,13,-5
6425503,8210400,1,5,-4
6425503,8210400,3,3,0
6425503,8210400,4,2,2
6425503,8210400,8,9,-1
4667909,6648268,4,4,0
4667909,6648268,9,3,6
4667909,6648268,11,8,3
7376555,8073702,7,4,3
7376555,8073702,9,3,6
7376555,8073702,10,8,2
5289766,6209451,1,2,-1
5289766,6209451,2,1,1
5600377,6229570,4,9,-5
5025685,6656086,3,8,-5
5025685,6656086,8,4,4
6924999,8094479,1,9,-8
6924999,8094479,5,2,3
6924999,8094479,8,1,7
6924999,8094479,10,13,-3
6924999,8094479,13,12,1
3971377,7185648,1,1,0
3971377,7185648,2,3,-1
3971377,7185648,4,10,-6
3971377,7185648,7,4,3
7170819,7881132,1,2,-1
7170819,7881132,2,4,-2
7170819,7881132,4,6,-2
7170819,7881132,5,3,2
7170819,7881132,6,8,-2
6465953,7075103,7,2,5
6465953,7075103,11,5,6
4571773,5277282,1,8,-7
4571773,5277282,4,10,-6
4571773,5277282,5,9,-4
4571773,5277282,6,12,-6
4258612,4643581,2,3,-1
4258612,4643581,11,2,9
6324693,8751939,8,6,2
5323234,7774812,1,2,-1
6340990,6509933,5,3,2
6340990,6509933,9,5,4
6340990,6509933,10,6,4
5583941,7043047,6,1,5
5583941,7043047,9,3,6
4668980,5073818,1,2,-1
4668980,5073818,7,6,1
4668980,5073818,11,1,10
4668980,5073818,12,5,7
4981672,6881514,3,1,2
4981672,6881514,9,2,7
6424665,7330653,2,1,1
6397293,7423883,11,3,8
6397293,7423883,12,5,7
6607527,7156859,1,12,-11
5451729,6326868,4,1,3
5451729,6326868,7,6,1
4942139,6359267,2,1,1
4705034,6364161,4,4,0
5249615,6308757,7,10,-3
5567668,8592341,4,12,-8
5567668,8592341,10,4,6
6242927,6489784,1,1,0
6242927,6489784,2,2,0
6242927,6489784,3,3,0
6242927,6489784,4,4,0
6242927,6489784,5,5,0
6242927,6489784,6,6,0
6242927,6489784,7,7,0
6242927,6489784,8,8,0
6242927,6489784,9,9,0
6242927,6489784,10,10,0
6242927,6489784,11,11,0
6242927,6489784,12,12,0
6242927,6489784,13,13,0
4488982,6100372,1,10,-9
4488982,6100372,5,8,-3
4488982,6100372,9,3,6
4636779,4724524,1,1,0
4636779,4724524,2,7,-5
4636779,4724524,5,2,3
4644100,8421776,1,1,0
4644100,8421776,4,12,-8
6173955,7338360,2,1,1
6173955,7338360,6,6,0
5224095,5428526,1,1,0
7309137,7731392,1,4,-3
7309137,7731392,9,2,7
4064875,5042470,11,2,9
6216650,7574984,1,10,-9
6216650,7574984,4,3,1
6216650,7574984,13,6,7
7406146,7612754,1,2,-1
7406146,7612754,2,3,-1
7406146,7612754,3,4,-1
7406146,7612754,5,12,-7
7406146,7612754,9,6,3
7406146,7612754,11,7,4
6970926,8645477,3,13,-10
6314333,7708849,3,4,-1
5657072,7735107,1,1,0
5657072,7735107,3,6,-3
5657072,7735107,8,9,-1
5008002,6964731,2,2,0
6336860,7559837,1,3,-2
6336860,7559837,4,2,2
6413239,8105269,2,3,-1
6413239,8105269,4,2,2
6172756,7725208,8,1,7
4383384,6874267,3,1,2
6298787,6655294,1,9,-8
6298787,6655294,4,3,1
6298787,6655294,5,2,3
4084033,6579570,1,6,-5
6255800,6892051,2,7,-5
6255800,6892051,6,10,-4
6255800,6892051,7,2,5
5109825,6243641,2,1,1
5109825,6243641,7,7,0
5109825,6243641,11,13,-2
7184729,7839923,1,12,-11
5269298,6654637,3,2,1
5269298,6654637,8,1,7
6462906,6622566,1,11,-10
6462906,6622566,3,1,2
6462906,6622566,5,3,2
3946241,4160246,3,2,1
4793353,7657317,1,1,0
5548099,6492723,10,2,8
5548099,6492723,12,7,5
4324469,4949111,6,6,0
4168018,4422769,2,4,-2
5548532,7151782,1,2,-1
5548532,7151782,13,1,12
6176865,8460204,6,1,5
6176865,8460204,12,8,4
6614781,8576722,1,4,-3
6614781,8576722,11,2,9
6126660,8268004,10,3,7
6193817,7718118,4,1,3
6193817,7718118,5,2,3
6193817,7718118,8,3,5
6193817,7718118,13,4,9
5532912,6435700,2,1,1
5532912,6435700,3,4,-1
5345972,7066210,4,5,-1
4383013,5432026,2,1,1
5634110,7584330,4,7,-3
5634110,7584330,6,2,4
6863674,8157835,5,2,3
4837932,7146668,2,6,-4
4837932,7146668,4,7,-3
4837932,7146668,7,1,6
4837932,7146668,12,13,-1
5048018,6202200,8,3,5
7481531,8465151,1,1,0
7481531,8465151,10,8,2
6440797,7763935,1,7,-6
6440797,7763935,2,2,0
5109402,5333182,4,8,-4
4460965,5493492,2,6,-4
6450888,8052511,3,8,-5
6450888,8052511,5,1,4
6450888,8052511,6,6,0
4986807,7993358,3,13,-10
4986807,7993358,10,3,7
5077945,7549252,1,4,-3
5077945,7549252,2,3,-1
5077945,7549252,3,10,-7
5219117,6528346,1,6,-5
5219117,6528346,2,3,-1
5000441,5145475,13,1,12
7083247,8256862,2,2,0
5300082,8636761,1,1,0
6473802,7849202,6,6,0
6473802,7849202,9,12,-3
6473802,7849202,12,7,5
6491712,7771452,7,6,1
6136010,8002792,11,7,4
7052097,7693603,2,5,-3
7052097,7693603,4,3,1
7052097,7693603,7,1,6
5556113,7455301,2,1,1
6941068,8264592,1,1,0
6941068,8264592,2,4,-2
6941068,8264592,3,7,-4
6941068,8264592,4,6,-2
6941068,8264592,7,5,2
4254887,4784181,1,2,-1
6253764,7066177,2,6,-4
6253764,7066177,10,4,6
6253764,7066177,11,2,9
6241921,8610988,3,9,-6
6937897,8285376,4,5,-1
7207696,8556452,3,3,0
7207696,8556452,8,5,3
4541746,4746235,3,2,1
4541746,4746235,5,1,4
4541746,4746235,8,3,5
6161289,6668458,4,2,2
6161289,6668458,5,11,-6
6161289,6668458,10,1,9
6568470,7066064,7,11,-4
6235024,7481781,1,12,-11
6235024,7481781,2,1,1
4919592,5281092,2,13,-11
4919592,5281092,10,11,-1
6098717,7308944,2,2,0
6098717,7308944,3,8,-5
6360850,6564909,1,1,0
6360850,6564909,2,3,-1
5071077,6481342,3,1,2
5071077,6481342,8,2,6
4538171,4642671,7,1,6
6154295,8271388,4,1,3
7049691,7732254,1,1,0
7049691,7732254,2,6,-4
7049691,7732254,3,2,1
7049691,7732254,7,4,3
7049691,7732254,8,9,-1
7049691,7732254,9,11,-2
7049691,7732254,10,12,-2
7049691,7732254,12,7,5
4302575,5239046,4,2,2
4770906,6884842,8,12,-4
5097053,7708853,11,6,5
7014355,8600786,1,1,0
7014355,8600786,4,4,0
7014355,8600786,6,10,-4
7177184,7975192,2,2,0
7177184,7975192,5,3,2
7177184,7975192,11,8,3
6480477,7103065,4,11,-7
6480477,7103065,10,6,4
5220441,6301370,2,1,1
4439640,6275598,11,4,7
4670324,8276697,13,6,7
4090739,5000521,1,1,0
4090739,5000521,6,11,-5
4090739,5000521,12,6,6
6908427,8469973,6,12,-6
6908427,8469973,13,9,4
6261316,8277501,3,8,-5
6261316,8277501,7,13,-6
4100324,8262958,4,3,1
4100324,8262958,9,9,0
4100324,8262958,13,8,5
4531020,7764685,4,4,0
5165011,7668824,3,2,1
6519300,7974371,12,8,4
7299277,8284786,2,4,-2
7299277,8284786,8,11,-3
6087036,8663829,3,9,-6
6087036,8663829,5,13,-8
6087036,8663829,6,12,-6
5115934,6405885,4,1,3
4783506,5268223,2,5,-3
4783506,5268223,3,4,-1
4783506,5268223,5,12,-7
6084264,7033891,1,2,-1
6084264,7033891,3,4,-1
6084264,7033891,5,12,-7
4779013,7051129,4,12,-8
4779013,7051129,13,10,3
4092990,7874478,1,1,0
4092990,7874478,4,12,-8
6501289,7138813,4,1,3
6501289,7138813,6,12,-6
7930492,8743583,1,12,-11
7930492,8743583,3,9,-6
7930492,8743583,6,3,3
7930492,8743583,7,13,-6
6512747,7356099,7,10,-3
5035930,6168857,5,1,4
4295761,7896579,5,12,-7
4435120,5456568,3,3,0
4753401,5114099,8,3,5
5396163,6344733,1,2,-1
5396163,6344733,2,10,-8
5396163,6344733,5,3,2
5396163,6344733,7,1,6
7522195,8483503,2,5,-3
7522195,8483503,4,4,0
5159924,8424523,2,2,0
5159924,8424523,11,8,3
5159924,8424523,12,9,3
4911385,6076773,2,6,-4
4911385,6076773,4,4,0
4911385,6076773,12,8,4
4178200,4337220,7,12,-5
4249179,5019823,3,3,0
7464683,7931003,1,4,-3
7464683,7931003,2,1,1
7464683,7931003,3,6,-3
7464683,7931003,4,12,-8
7464683,7931003,5,2,3
7464683,7931003,6,7,-1
7464683,7931003,7,5,2
7464683,7931003,9,11,-2
7464683,7931003,13,10,3
6954814,7583202,3,1,2
7096255,8515470,3,9,-6
4612532,5353024,6,6,0
4565200,7651467,6,1,5
6648754,8602880,2,3,-1
6648754,8602880,3,1,2
6648754,8602880,7,10,-3
6226710,6934796,1,9,-8
6226710,6934796,4,11,-7
6226710,6934796,5,4,1
6226710,6934796,7,12,-5
6226710,6934796,11,5,6
7730067,7818672,12,6,6
3937317,4091693,4,2,2
7359534,7599522,6,10,-4
4930581,5255756,1,2,-1
4930581,5255756,3,13,-10
4930581,5255756,8,7,1
4930581,5255756,9,3,6
4930581,5255756,10,4,6
4930581,5255756,12,11,1
4676335,4986387,2,12,-10
4676335,4986387,6,10,-4
6223048,8155105,12,2,10
5512632,8198366,2,4,-2
5512632,8198366,13,10,3
5209291,8534570,2,11,-9
5220063,5338884,1,1,0
5220063,5338884,2,2,0
5220063,5338884,3,3,0
5220063,5338884,5,5,0
5220063,5338884,6,6,0
5220063,5338884,7,7,0
5220063,5338884,8,8,0
5220063,5338884,9,9,0
5220063,5338884,10,10,0
5220063,5338884,11,11,0
5220063,5338884,12,12,0
5220063,5338884,13,13,0
6185491,7596636,2,10,-8
6185491,7596636,5,9,-4
4629285,5350885,2,9,-7
4629285,5350885,6,7,-1
4629285,5350885,9,8,1
4001101,4102863,2,10,-8
4001101,4102863,3,1,2
4001101,4102863,4,8,-4
4001101,4102863,8,2,6
7287452,8091454,5,13,-8
3990893,4310353,3,2,1
7436184,8536871,2,8,-6
7436184,8536871,7,4,3
7436184,8536871,8,5,3
7436184,8536871,12,10,2
5088357,7258650,12,5,7
6349552,8567208,3,8,-5
6349552,8567208,4,7,-3
6349552,8567208,7,4,3
6349552,8567208,12,2,10
6380630,7057291,2,2,0
6380630,7057291,3,5,-2
6380630,7057291,4,7,-3
6380630,7057291,5,4,1
6380630,7057291,12,8,4
6478861,7820284,1,1,0
5634857,8517856,5,1,4
5634857,8517856,7,8,-1
5634857,8517856,10,2,8
7446620,8638774,2,8,-6
7446620,8638774,7,12,-5
6949923,7483253,1,6,-5
6949923,7483253,2,2,0
6949923,7483253,12,12,0
4688242,6157703,1,1,0
5417719,8544170,2,5,-3
5417719,8544170,5,2,3
5417719,8544170,8,1,7
5353009,6954533,6,2,4
5466823,7671072,9,9,0
7467740,8573465,2,10,-8
4869509,6467097,11,7,4
4869509,6467097,13,3,10
5044103,7055275,7,6,1
5044103,7055275,10,4,6
7290527,7703439,1,1,0
7290527,7703439,2,4,-2
7290527,7703439,3,7,-4
7290527,7703439,4,11,-7
7290527,7703439,5,2,3
7290527,7703439,6,10,-4
7290527,7703439,8,3,5
7290527,7703439,12,8,4
7290527,7703439,13,9,4
5635468,7297528,3,2,1
5635468,7297528,6,3,3
5635468,7297528,7,10,-3
6422653,7347497,1,6,-5
6422653,7347497,2,4,-2
6422653,7347497,7,1,6
6422653,7347497,8,9,-1
6422653,7347497,12,5,7
4424997,7111741,12,6,6
5334194,7785255,2,1,1
6850503,7634270,2,7,-5
6850503,7634270,4,2,2
6850503,7634270,9,12,-3
6850503,7634270,12,5,7
4368430,4656421,2,4,-2
4900301,7326183,1,3,-2
4900301,7326183,4,4,0
4900301,7326183,10,1,9
4184604,4925051,1,1,0
6411824,7177666,3,12,-9
5151082,7267771,1,2,-1
5151082,7267771,3,4,-1
5151082,7267771,8,7,1
6159742,7459312,10,4,6
4881901,5102342,2,5,-3
4881901,5102342,3,4,-1
4881901,5102342,9,7,2
4881901,5102342,10,9,1
6458365,7655244,1,10,-9
6458365,7655244,2,11,-9
6458365,7655244,5,13,-8
4215542,6199373,9,5,4
4215542,6199373,12,3,9
5364854,5637596,1,1,0
5364854,5637596,3,8,-5
5364854,5637596,10,4,6
5364854,5637596,13,2,11
6845300,7330344,8,6,2
3945752,6071219,1,4,-3
3945752,6071219,2,1,1
3945752,6071219,3,3,0
7352952,8495678,2,5,-3
5126864,5615025,6,8,-2
6557145,7213216,2,3,-1
6557145,7213216,3,4,-1
6215746,8452162,2,5,-3
6215746,8452162,8,11,-3
4466373,5010932,3,11,-8
5091861,7693588,7,8,-1
5091861,7693588,9,6,3
5091861,7693588,12,9,3
5165407,8465981,4,1,3
5061158,6488477,1,11,-10
3975085,6055028,2,2,0
3975085,6055028,3,4,-1
5487757,7419489,3,1,2
5487757,7419489,6,11,-5
5487757,7419489,10,6,4
5418431,6280579,1,4,-3
5638334,7234070,2,3,-1
5638334,7234070,10,1,9
4775958,7116571,1,6,-5
4775958,7116571,2,1,1
5111590,7246030,4,7,-3
3999949,4666751,2,9,-7
6849122,8211500,1,13,-12
6849122,8211500,4,4,0
6849122,8211500,7,11,-4
7133853,8650464,7,1,6
6147687,7240288,2,6,-4
4123654,7203276,1,6,-5
4123654,7203276,2,2,0
4380457,8252089,7,4,3
4413105,6369164,8,9,-1
6549329,8498045,3,2,1
5019733,6437468,2,12,-10
5570944,7309134,3,9,-6
5570944,7309134,6,3,3
5570944,7309134,7,10,-3
5570944,7309134,13,6,7
6460677,6571928,1,1,0
6460677,6571928,2,2,0
5548282,7677454,2,7,-5
5548282,7677454,9,8,1
6981141,7228437,2,1,1
6981141,7228437,4,4,0
6551274,7081112,2,4,-2
6551274,7081112,5,10,-5
5162509,6069140,1,1,0
7271334,7879644,7,7,0
7271334,7879644,11,8,3
5335671,7806834,4,3,1
5335671,7806834,6,1,5
5335671,7806834,8,7,1
5335671,7806834,12,12,0
4871199,7363691,9,5,4
4871199,7363691,11,10,1
7295509,8014271,1,1,0
7295509,8014271,2,2,0
7295509,8014271,3,3,0
7295509,8014271,4,4,0
7295509,8014271,5,5,0
7295509,8014271,6,6,0
7295509,8014271,7,7,0
7295509,8014271,8,8,0
7295509,8014271,9,9,0
7295509,8014271,10,10,0
7295509,8014271,11,11,0
7295509,8014271,12,12,0
7295509,8014271,13,13,0
6152393,7384014,7,12,-5
5619431,6522128,7,7,0
5236718,8440218,4,5,-1
5236718,8440218,8,2,6
5236718,8440218,11,8,3
5236718,8440218,13,12,1
4666897,8709478,2,1,1
7356519,8438513,9,3,6
4759409,7086479,7,12,-5
6141410,7502366,1,4,-3
6141410,7502366,2,2,0
6141410,7502366,4,11,-7
6420735,7453092,3,4,-1
6420735,7453092,5,2,3
4940276,5343915,1,3,-2
3985268,5240141,2,3,-1
3985268,5240141,13,1,12
6878571,7138709,4,1,3
4683202,8076078,4,9,-5
6167052,7979903,4,1,3
6167052,7979903,5,8,-3
6167052,7979903,11,3,8
6922193,7859537,2,2,0
6922193,7859537,3,11,-8
6922193,7859537,6,3,3
5649095,7130466,10,6,4
7010947,7690230,2,6,-4
7010947,7690230,11,9,2
5132839,6753990,8,1,7
6101543,7899913,3,4,-1
6849919,7224038,1,1,0
6849919,7224038,3,6,-3
6849919,7224038,4,10,-6
6849919,7224038,12,4,8
6232075,7361466,2,2,0
5116068,7641205,3,9,-6
5116068,7641205,11,5,6
5012631,5392591,1,2,-1
5012631,5392591,8,8,0
4121552,5337707,1,2,-1
4121552,5337707,2,4,-2
4121552,5337707,6,3,3
4121552,5337707,7,9,-2
5600243,6885192,1,4,-3
5600243,6885192,4,6,-2
5600243,6885192,7,3,4
4129479,6986835,3,5,-2
4129479,6986835,5,3,2
4642417,7436194,8,4,4
5089112,8094315,7,11,-4
5168348,7983040,3,4,-1
7076905,8714146,3,3,0
7076905,8714146,13,10,3
6099514,6503269,2,3,-1
6099514,6503269,4,1,3
5364072,6334605,1,6,-5
5364072,6334605,12,9,3
3938161,4069483,1,3,-2
3938161,4069483,2,2,0
3938161,4069483,5,13,-8
3938161,4069483,9,9,0
3938161,4069483,10,8,2
5171280,8349013,6,12,-6
5171280,8349013,8,2,6
4709234,5337234,4,10,-6
4709234,5337234,8,2,6
4709234,5337234,11,9,2
4709234,5337234,12,4,8
4190366,5313269,1,4,-3
4190366,5313269,4,11,-7
8162981,8425558,1,1,0
8162981,8425558,4,2,2
5011841,5246711,3,8,-5
5011841,5246711,4,9,-5
5011841,5246711,6,10,-4
4378797,7179279,4,8,-4
4874864,6653312,12,3,9
6136652,6297097,2,1,1
6136652,6297097,6,11,-5
4558797,4936477,4,5,-1
6629447,7313497,7,8,-1
6629447,7313497,12,4,8
6939815,8030163,4,3,1
6939815,8030163,5,1,4
6274173,6489346,2,1,1
6274173,6489346,5,7,-2
6274173,6489346,10,11,-1
6555502,7247215,2,2,0
6555502,7247215,3,9,-6
6555502,7247215,7,1,6
4933901,5214607,6,12,-6
4933901,5214607,7,2,5
4933901,5214607,10,5,5
6423035,8603034,1,6,-5
6423035,8603034,2,2,0
6137275,7642131,12,3,9
4709972,4901972,1,1,0
4709972,4901972,9,6,3
4709972,4901972,13,5,8
4781054,6178798,1,11,-10
4781054,6178798,5,5,0
7235170,8354271,3,7,-4
4654197,8449758,3,13,-10
4357396,8323741,2,1,1
4357396,8323741,3,2,1
4357396,8323741,4,9,-5
4357396,8323741,11,8,3
4077926,5512612,1,6,-5
4077926,5512612,4,2,2
4077926,5512612,9,5,4
5646796,7274860,2,1,1
5646796,7274860,3,3,0
5646796,7274860,4,2,2
5646796,7274860,5,5,0
5042816,5152535,1,6,-5
5042816,5152535,3,3,0
5042816,5152535,4,10,-6
7345702,7697062,1,3,-2
7345702,7697062,4,4,0
7345702,7697062,13,2,11
4216002,4878535,1,1,0
4216002,4878535,3,11,-8
4216002,4878535,5,8,-3
4216002,4878535,9,5,4
6439816,7802952,1,2,-1
6439816,7802952,2,7,-5
6439816,7802952,11,8,3
6597316,7253769,13,1,12
5283546,8265241,3,1,2
6431881,8584353,8,12,-4
5080686,5650097,3,5,-2
5080686,5650097,4,9,-5
5080686,5650097,6,11,-5
7848234,7920594,1,12,-11
7848234,7920594,3,9,-6
7848234,7920594,11,1,10
4984152,6466928,3,13,-10
4883715,6085058,9,7,2
4883715,6085058,12,2,10
7625521,8360176,4,6,-2
7625521,8360176,9,1,8
6066016,6652340,12,6,6
6992019,8129289,7,1,6
5541061,6607878,13,6,7
6481942,7249922,3,5,-2
6481942,7249922,6,9,-3
6481942,7249922,9,7,2
6481942,7249922,10,8,2
4843394,7088274,9,2,7
4843394,7088274,12,11,1
4366125,7081636,12,1,11
6865377,7257088,7,5,2
5393795,6471968,1,7,-6
4358618,5254751,5,1,4
4358618,5254751,9,10,-1
7079761,7808728,5,7,-2
7079761,7808728,12,13,-1
6070331,6467179,1,13,-12
5230184,6517426,1,1,0
5230184,6517426,5,2,3
6121923,8593345,1,6,-5
6121923,8593345,4,2,2
4058251,4722376,1,1,0
4058251,4722376,2,4,-2
4058251,4722376,11,12,-1
4058251,4722376,12,11,1
5024968,6566169,3,6,-3
5024968,6566169,5,4,1
6492244,7129142,2,10,-8
6492244,7129142,7,4,3
7952566,8723657,12,8,4
7783121,8340442,10,11,-1
7979333,8396785,1,1,0
7979333,8396785,2,2,0
7979333,8396785,3,3,0
7979333,8396785,4,4,0
7979333,8396785,5,5,0
7979333,8396785,6,6,0
7979333,8396785,7,7,0
7979333,8396785,8,8,0
7979333,8396785,9,9,0
7979333,8396785,10,10,0
7979333,8396785,11,11,0
7979333,8396785,12,12,0
7979333,8396785,13,13,0
4863542,7045031,1,4,-3
4863542,7045031,10,12,-2
4289158,4605400,1,4,-3
4289158,4605400,4,2,2
4289158,4605400,9,9,0
4289158,4605400,12,7,5
4545554,6244547,1,1,0
4545554,6244547,2,7,-5
4545554,6244547,5,5,0
6070903,6485052,1,2,-1
6070903,6485052,3,1,2
6070903,6485052,4,4,0
6070903,6485052,8,8,0
5647834,8043224,10,12,-2
6531780,7067409,5,2,3
6531780,7067409,7,5,2
6531780,7067409,12,4,8
4441540,6615895,1,3,-2
4441540,6615895,8,1,7
4441540,6615895,13,12,1
4833834,4945683,2,3,-1
4833834,4945683,3,1,2
4833834,4945683,4,4,0
4833834,4945683,5,6,-1
4833834,4945683,7,2,5
6048271,8430735,3,1,2
7767568,8395926,1,12,-11
7767568,8395926,13,2,11
3961822,6653562,2,3,-1
3961822,6653562,7,9,-2
6606120,6870149,11,11,0
5250011,6935984,11,8,3
5431578,8678860,1,13,-12
5431578,8678860,3,1,2
5431578,8678860,4,6,-2
5431578,8678860,6,3,3
6325148,7093653,9,4,5
6325148,7093653,13,1,12
5153096,5565300,1,3,-2
5153096,5565300,12,1,11
5153096,5565300,13,9,4
4014466,4500128,2,3,-1
4014466,4500128,4,6,-2
4014466,4500128,6,11,-5
4014466,4500128,8,5,3
4502915,6083815,1,8,-7
4502915,6083815,4,4,0
6155242,7143574,2,10,-8
6155242,7143574,6,13,-7
4305726,8496894,1,6,-5
5246112,7478743,3,1,2
5246112,7478743,8,5,3
5246112,7478743,13,3,10
4009834,5299747,6,4,2
5229102,6871707,3,2,1
6239238,7683140,4,10,-6
4315888,7150371,3,4,-1
4315888,7150371,4,2,2
4634406,5476422,3,2,1
4634406,5476422,4,1,3
4634406,5476422,6,6,0
4634406,5476422,10,4,6
4634406,5476422,12,5,7
6154662,8379802,3,1,2
6154662,8379802,10,10,0
4486945,5450288,2,4,-2
4486945,5450288,3,7,-4
4486945,5450288,4,1,3
4486945,5450288,7,8,-1
6579662,7666558,4,3,1
6579662,7666558,5,6,-1
5202735,8228571,9,10,-1
4920487,5428783,7,5,2
4920487,5428783,13,4,9
6532952,7077124,1,1,0
6532952,7077124,5,3,2
6598033,8730955,5,6,-1
4491318,6942487,5,1,4
4666556,6958275,7,1,6
6922417,7570669,1,3,-2
6432002,7371195,4,1,3
6432002,7371195,8,4,4
7865222,8641631,4,12,-8
4030213,4492046,2,1,1
4030213,4492046,5,5,0
5305872,7246699,3,3,0
5305872,7246699,4,2,2
6203428,8012019,1,1,0
6286133,8032605,2,2,0
6286133,8032605,4,4,0
6286133,8032605,11,10,1
5187802,7546406,2,1,1
5187802,7546406,4,3,1
5187802,7546406,9,12,-3
5123875,5593347,5,4,1
5123875,5593347,11,11,0
6864503,8143612,3,1,2
6220873,6994478,12,3,9
4952802,6624410,3,1,2
6226006,7394467,1,11,-10
5502778,6094453,1,8,-7
5502778,6094453,3,10,-7
4981756,8512365,11,4,7
4898734,6548047,10,9,1
6091564,7136889,6,4,2
6091564,7136889,13,7,6
4836557,4885800,2,1,1
7066254,7681647,1,1,0
7066254,7681647,2,3,-1
7066254,7681647,3,4,-1
7066254,7681647,4,7,-3
7066254,7681647,6,8,-2
7066254,7681647,7,6,1
7066254,7681647,8,5,3
7066254,7681647,10,12,-2
7066254,7681647,13,13,0
4247433,4410685,1,2,-1
4247433,4410685,2,1,1
4247433,4410685,3,12,-9
4247433,4410685,8,7,1
7092821,8255460,4,4,0
5134702,7711540,1,7,-6
5346503,7780690,4,13,-9
5346503,7780690,6,1,5
5346503,7780690,9,4,5
5346503,7780690,10,6,4
6128178,6594414,4,2,2
4137771,5632557,2,9,-7
7181034,8271276,1,1,0
6433671,7102523,1,2,-1
6433671,7102523,2,8,-6
6433671,7102523,6,7,-1
6433671,7102523,7,10,-3
5416990,8024873,1,2,-1
5416990,8024873,2,1,1
5416990,8024873,4,4,0
4174558,5349736,5,7,-2
6875345,8506805,2,5,-3
6875345,8506805,6,2,4
6875345,8506805,10,11,-1
5286316,6939417,1,9,-8
5286316,6939417,2,13,-11
5286316,6939417,3,3,0
5286316,6939417,4,2,2
6518087,7052980,1,3,-2
6518087,7052980,2,1,1
6518087,7052980,7,4,3
6163088,7134415,4,9,-5
5078681,5324261,1,1,0
5078681,5324261,5,4,1
4915577,6986519,1,1,0
4915577,6986519,4,7,-3
6420722,7718981,9,8,1
6420722,7718981,10,6,4
6420722,7718981,13,4,9
5179325,6278366,4,3,1
5179325,6278366,13,1,12
5528491,7272377,1,1,0
5528491,7272377,2,3,-1
5027241,6555043,2,8,-6
5027241,6555043,6,13,-7
5091828,5272610,1,11,-10
4690841,6624423,1,4,-3
4690841,6624423,2,6,-4
6443365,7182271,13,1,12
4499490,5627616,4,1,3
7772718,8185333,8,8,0
4896962,5345087,8,9,-1
4222915,7960460,10,3,7
6984231,8663154,2,3,-1
6984231,8663154,4,2,2
5237500,7788155,4,1,3
7597706,8226681,3,1,2
5037478,5137657,4,10,-6
6617340,8580526,7,13,-6
6144946,7676751,1,10,-9
6564380,8350891,1,5,-4
5043046,7332059,5,5,0
5043046,7332059,7,3,4
5043046,7332059,8,4,4
5420424,6498342,1,1,0
5420424,6498342,4,5,-1
5420424,6498342,6,13,-7
5420424,6498342,11,3,8
6182038,7013275,3,1,2
4403706,4991734,5,6,-1
6133874,8131464,2,5,-3
6133874,8131464,7,12,-5
6133874,8131464,11,6,5
6460087,7047287,1,2,-1
4065391,6143188,1,10,-9
4065391,6143188,11,3,8
4065391,6143188,13,9,4
4573458,8262708,1,2,-1
4573458,8262708,2,1,1
4573458,8262708,7,5,2
7373314,8600822,1,9,-8
7373314,8600822,2,5,-3
7373314,8600822,3,2,1
7373314,8600822,7,3,4
7373314,8600822,9,10,-1
5151107,8323367,1,1,0
5151107,8323367,12,2,10
5151107,8323367,13,3,10
6641608,7462192,2,1,1
5501214,6513526,7,12,-5
6947300,8330436,8,13,-5
6947300,8330436,9,12,-3
6947300,8330436,12,2,10
6947300,8330436,13,7,6
6469821,7380945,3,4,-1
4396343,5051056,1,1,0
4793337,5238685,6,2,4
4294995,6995294,1,1,0
4294995,6995294,5,3,2
4691614,5305678,3,4,-1
4691614,5305678,4,1,3
5525058,7670141,3,4,-1
5525058,7670141,5,6,-1
6339098,6521657,2,2,0
6339098,6521657,5,5,0
6339098,6521657,6,6,0
6339098,6521657,8,10,-2
6339098,6521657,9,11,-2
6531066,7262384,3,6,-3
5233984,8744587,6,6,0
5233984,8744587,12,5,7
4616665,8215317,1,1,0
4616665,8215317,4,7,-3
4616665,8215317,6,2,4
4616665,8215317,11,3,8
6945999,7582052,1,9,-8
6945999,7582052,2,12,-10
6945999,7582052,4,5,-1
6945999,7582052,6,2,4
6945999,7582052,8,8,0
6945999,7582052,9,4,5
6945999,7582052,11,6,5
4088966,7109503,1,1,0
5207502,7122812,10,1,9
4705218,7448857,11,3,8
7954159,8645757,9,4,5
6857059,7360017,1,10,-9
6857059,7360017,3,2,1
6857059,7360017,4,11,-7
5361074,7206561,9,4,5
5084363,8288041,1,1,0
5084363,8288041,4,8,-4
5084363,8288041,9,9,0
5084363,8288041,10,7,3
5073985,5325538,4,2,2
5073985,5325538,9,9,0
6249772,6868394,1,8,-7
6249772,6868394,2,6,-4
6249772,6868394,4,7,-3
6249772,6868394,6,4,2
6936014,8157823,2,5,-3
4290114,7796045,4,11,-7
4809897,6206260,3,12,-9
4809897,6206260,11,10,1
4070310,4983320,3,5,-2
5343716,7004355,3,9,-6
5343716,7004355,4,3,1
5343716,7004355,9,7,2
4544868,5557182,1,1,0
4544868,5557182,6,4,2
4544868,5557182,10,3,7
4544868,5557182,13,2,11
4894060,7407496,4,1,3
4894060,7407496,5,2,3
6653740,8222694,3,6,-3
5532743,6522358,4,1,3
4186192,5237054,7,4,3
4186192,5237054,8,2,6
4186192,5237054,9,9,0
4186192,5237054,11,11,0
4186192,5237054,12,8,4
6426817,7120360,1,2,-1
6426817,7120360,3,5,-2
6426817,7120360,4,11,-7
6480954,7928761,5,2,3
6480954,7928761,8,5,3
4853624,5057805,5,9,-4
4853624,5057805,9,2,7
7842907,8026772,1,3,-2
7842907,8026772,7,7,0
7842907,8026772,8,9,-1
7842907,8026772,9,1,8
4488179,6502242,1,2,-1
4488179,6502242,11,12,-1
6573248,8629263,2,3,-1
5245683,5515466,1,10,-9
5245683,5515466,4,12,-8
5245683,5515466,5,11,-6
5245683,5515466,7,4,3
5344718,8524337,3,9,-6
4623214,4987479,1,8,-7
4429781,6582760,4,4,0
4429781,6582760,6,8,-2
4618475,8206992,4,6,-2
5569043,7004773,1,1,0
5569043,7004773,2,5,-3
5569043,7004773,3,2,1
5569043,7004773,7,4,3
6556737,7091057,7,10,-3
4943579,6342506,1,1,0
4943579,6342506,6,9,-3
4702937,4961103,1,8,-7
4702937,4961103,3,4,-1
6443529,7887143,2,1,1
6443529,7887143,4,4,0
6443529,7887143,13,10,3
4205217,4523287,1,12,-11
6235004,8747367,2,2,0
6235004,8747367,4,4,0
6235004,8747367,5,1,4
4837285,7901461,8,1,7
4893911,7852560,2,2,0
4893911,7852560,9,12,-3
7106592,8027161,2,2,0
7106592,8027161,3,6,-3
4787765,5309590,1,2,-1
4787765,5309590,3,3,0
4787765,5309590,5,7,-2
5360722,7926368,3,2,1
5360722,7926368,13,4,9
5487901,6261601,1,5,-4
5487901,6261601,7,12,-5
4412938,6277303,9,12,-3
6188835,7187849,5,13,-8
6188835,7187849,11,4,7
6985440,8356092,3,1,2
6985440,8356092,6,6,0
7079380,7911777,4,4,0
6881710,8283302,1,2,-1
6881710,8283302,3,6,-3
7032046,8595394,5,8,-3
4203439,5320616,3,5,-2
4203439,5320616,5,3,2
4203439,5320616,6,10,-4
4203439,5320616,9,7,2
6092740,6450422,1,7,-6
6092740,6450422,2,9,-7
6572562,8244475,3,2,1
6572562,8244475,11,3,8
5627140,8171979,5,2,3
5627140,8171979,10,6,4
7453428,7760314,1,3,-2
7453428,7760314,5,2,3
7453428,7760314,13,8,5
5221895,6211687,2,1,1
6363282,8140167,10,7,3
6277318,7704547,1,5,-4
6277318,7704547,3,11,-8
6277318,7704547,7,10,-3
5269792,7547315,13,11,2
4744559,5417634,2,1,1
4744559,5417634,4,2,2
6149543,7101306,2,8,-6
6149543,7101306,3,2,1
6149543,7101306,7,12,-5
4438382,4687982,1,9,-8
4438382,4687982,4,2,2
6295058,8601373,3,3,0
7435581,7635586,1,2,-1
7435581,7635586,5,5,0
7435581,7635586,10,6,4
7435581,7635586,11,7,4
7435581,7635586,12,1,11
7435581,7635586,13,9,4
4713184,7767632,5,5,0
4713184,7767632,10,7,3
5183197,6536773,1,6,-5
5183197,6536773,2,1,1
7097560,7309284,12,2,10
7953287,8175385,2,3,-1
7953287,8175385,7,7,0
7953287,8175385,8,8,0
7953287,8175385,10,11,-1
7953287,8175385,13,13,0
6313182,7771588,1,10,-9
7306591,8465482,1,1,0
7306591,8465482,2,2,0
7306591,8465482,3,3,0
7306591,8465482,4,4,0
7306591,8465482,5,5,0
7306591,8465482,6,6,0
7306591,8465482,7,7,0
7306591,8465482,8,8,0
7306591,8465482,9,9,0
7306591,8465482,10,10,0
7306591,8465482,11,11,0
7306591,8465482,12,12,0
7306591,8465482,13,13,0
4334534,4446864,1,1,0
4334534,4446864,2,3,-1
4334534,4446864,4,2,2
4334534,4446864,6,9,-3
4334534,4446864,7,4,3
8031431,8755144,4,11,-7
4553390,6269903,1,2,-1
4553390,6269903,9,10,-1
6515713,8370728,4,10,-6
5585040,7008565,2,11,-9
5585040,7008565,5,8,-3
5585040,7008565,9,7,2
5410873,6487849,1,10,-9
5410873,6487849,6,5,1
5410873,6487849,9,4,5
4930021,5323250,3,1,2
4930021,5323250,6,5,1
4424597,8545556,1,9,-8
3960587,4198203,1,1,0
7140549,8494510,1,4,-3
6327980,6604515,1,1,0
6327980,6604515,4,3,1
6327980,6604515,6,9,-3
5350349,6602173,1,3,-2
5350349,6602173,2,4,-2
5350349,6602173,4,9,-5
5350349,6602173,5,13,-8
5350349,6602173,7,2,5
5350349,6602173,12,6,6
5350349,6602173,13,10,3
6239290,7820149,2,2,0
6239290,7820149,3,12,-9
6239290,7820149,5,6,-1
5650492,8420087,10,11,-1
7494039,7819296,9,2,7
7494039,7819296,11,4,7
3991159,4097575,1,4,-3
3991159,4097575,2,1,1
3991159,4097575,3,5,-2
3991159,4097575,4,6,-2
3991159,4097575,5,8,-3
3991159,4097575,8,9,-1
3991159,4097575,11,10,1
5100429,6641607,2,4,-2
6101279,7054493,5,2,3
6101279,7054493,7,1,6
7524129,8672597,1,2,-1
7524129,8672597,4,4,0
7524129,8672597,5,3,2
7524129,8672597,7,11,-4
5405678,6140390,3,6,-3
5405678,6140390,4,1,3
5117096,6148291,5,10,-5
5571023,7082729,4,5,-1
5571023,7082729,8,2,6
4986437,8651316,6,2,4
5325394,6088325,1,2,-1
5325394,6088325,5,12,-7
6119084,8239444,2,5,-3
4804975,5555009,2,12,-10
5158339,6412876,1,1,0
5158339,6412876,3,2,1
5158339,6412876,6,3,3
6194395,7888328,1,1,0
6194395,7888328,2,3,-1
6194395,7888328,7,2,5
6194395,7888328,8,6,2
4917686,6916480,3,4,-1
4963351,6447789,3,3,0
4759766,8206449,2,3,-1
4759766,8206449,5,1,4
4759766,8206449,6,11,-5
6330499,8284037,1,13,-12
5598868,8011374,4,11,-7
5598868,8011374,6,2,4
4433483,4881323,1,5,-4
4433483,4881323,4,12,-8
4433483,4881323,5,1,4
4433483,4881323,9,7,2
5487733,8172809,5,3,2
5487733,8172809,9,12,-3
5487733,8172809,12,8,4
6566642,8159513,4,12,-8
6252412,7684609,7,2,5
6252412,7684609,9,3,6
6607693,8377373,1,3,-2
6167304,7844346,4,1,3
7058238,7733358,2,2,0
7058238,7733358,5,3,2
7058238,7733358,9,1,8
6891811,8430325,3,12,-9
4751879,5087023,1,13,-12
6184065,7015584,2,1,1
6505046,8260239,5,2,3
6505046,8260239,8,11,-3
4685071,5555324,6,1,5
5418618,7724394,5,3,2
6311982,7500917,7,3,4
6311982,7500917,11,6,5
4798377,6485399,2,10,-8
4798377,6485399,3,5,-2
4798377,6485399,5,2,3
4519348,7958861,1,11,-10
4519348,7958861,4,2,2
4519348,7958861,6,9,-3
4867106,7052271,11,6,5
4867106,7052271,12,12,0
4409623,5343539,5,1,4
4404066,8177716,13,2,11
4999763,7577496,4,7,-3
4694847,4905726,1,1,0
4694847,4905726,13,2,11
4786032,7114205,2,2,0
4786032,7114205,9,9,0
4904406,5423998,2,2,0
4904406,5423998,5,8,-3
4904406,5423998,10,4,6
5506580,8230482,13,11,2
6203565,8137382,2,1,1
6203565,8137382,7,9,-2
6203565,8137382,9,4,5
4707450,6171260,1,9,-8
4707450,6171260,6,2,4
4707450,6171260,13,4,9
5083422,8109724,2,3,-1
5083422,8109724,7,6,1
5003299,7071944,5,9,-4
4498147,6189020,1,1,0
4498147,6189020,10,4,6
4800109,6378562,1,2,-1
5073091,5295795,3,2,1
6162192,6527734,1,1,0
6162192,6527734,2,2,0
6162192,6527734,3,3,0
6162192,6527734,4,4,0
6162192,6527734,5,5,0
6162192,6527734,6,6,0
6162192,6527734,7,7,0
6162192,6527734,8,8,0
6162192,6527734,9,9,0
6162192,6527734,10,10,0
6162192,6527734,11,12,-1
6162192,6527734,13,13,0
4664888,6552240,1,7,-6
5095570,8171589,1,2,-1
7408836,8615362,4,3,1
6187630,6297137,4,5,-1
6187630,6297137,7,4,3
6187630,6297137,9,6,3
6187630,6297137,13,8,5
4212304,4931037,1,1,0
4212304,4931037,9,8,1
4212304,4931037,12,10,2
7197557,7478158,5,3,2
4322230,5556440,2,2,0
4322230,5556440,9,4,5
5353121,6128009,5,4,1
4344398,4597047,1,2,-1
4344398,4597047,2,4,-2
4344398,4597047,6,3,3
4344398,4597047,12,7,5
4691776,7055607,1,3,-2
4691776,7055607,2,1,1
4691776,7055607,7,4,3
4847612,7460529,1,11,-10
4847612,7460529,5,12,-7
4847612,7460529,7,1,6
4836579,7363984,5,5,0
4836579,7363984,11,10,1
4881953,6085549,2,5,-3
4881953,6085549,12,4,8
4458734,6070622,1,9,-8
4458734,6070622,2,3,-1
4458734,6070622,4,1,3
4458734,6070622,11,7,4
4458734,6070622,12,2,10
3933593,8478377,4,7,-3
6295578,8127088,2,3,-1
6295578,8127088,9,6,3
7407132,7971823,1,2,-1
5420779,7200017,3,2,1
5420779,7200017,7,5,2
4719397,5078592,2,2,0
6663145,8487197,2,6,-4
5186082,7000319,1,13,-12
5186082,7000319,13,9,4
4519680,4632500,1,2,-1
4519680,4632500,5,6,-1
6448550,7324076,5,4,1
6448550,7324076,9,1,8
6448550,7324076,13,3,10
4060310,6189265,6,11,-5
6333332,7771750,1,2,-1
6333332,7771750,2,1,1
6209955,7364237,2,4,-2
7197648,8751825,4,8,-4
4774228,8613938,7,1,6
4009893,7588270,3,4,-1
4271281,8273324,4,7,-3
6323323,8007805,6,12,-6
6323323,8007805,11,8,3
4833568,6236565,1,2,-1
4833568,6236565,2,10,-8
4833568,6236565,3,3,0
5079158,7883862,2,2,0
5079158,7883862,3,1,2
4554633,5023819,1,9,-8
4554633,5023819,5,5,0
7382139,8058937,1,9,-8
7382139,8058937,2,13,-11
7382139,8058937,11,10,1
6968875,8561858,1,4,-3
4990154,7105006,1,1,0
4990154,7105006,5,6,-1
6329785,7508156,4,4,0
6329785,7508156,13,1,12
6467326,8354909,5,1,4
6621154,6841875,4,3,1
6621154,6841875,5,2,3
6621154,6841875,6,8,-2
6621154,6841875,7,5,2
6621154,6841875,12,9,3
6447734,7922821,10,7,3
4164593,4399155,12,1,11
4164593,4399155,13,12,1
8079479,8360740,5,5,0
8079479,8360740,6,1,5
8079479,8360740,7,9,-2
8079479,8360740,9,13,-4
8079479,8360740,12,7,5
8079479,8360740,13,8,5
5077194,8021630,1,1,0
4371751,4565902,1,7,-6
4371751,4565902,3,2,1
4371751,4565902,8,1,7
4316699,7068015,2,12,-10
4316699,7068015,5,5,0
6011725,7969785,3,2,1
6011725,7969785,6,4,2
6011725,7969785,8,5,3
6011725,7969785,10,8,2
5631822,6927661,1,3,-2
5631822,6927661,2,4,-2
5631822,6927661,3,2,1
5631822,6927661,4,1,3
5631822,6927661,5,8,-3
5631822,6927661,6,10,-4
7134740,8408679,3,9,-6
7134740,8408679,4,8,-4
7134740,8408679,5,1,4
7134740,8408679,12,4,8
5282222,7385916,6,10,-4
7402213,7767586,1,7,-6
7402213,7767586,2,11,-9
7402213,7767586,3,13,-10
7777612,8689900,3,13,-10
7777612,8689900,13,2,11
5615740,7070000,3,1,2
5615740,7070000,4,9,-5
4304239,7340299,7,7,0
4100572,6473115,5,4,1
5642343,7391698,7,13,-6
4101761,6621806,3,1,2
4101761,6621806,10,4,6
4625208,5434466,1,4,-3
4625208,5434466,2,6,-4
4625208,5434466,4,8,-4
4625208,5434466,7,1,6
6327914,7617055,1,1,0
6327914,7617055,7,7,0
6387113,7753904,1,11,-10
4822660,5549773,2,3,-1
4822660,5549773,5,6,-1
6246168,7230372,5,3,2
6246168,7230372,7,2,5
5126228,5260167,5,6,-1
5126228,5260167,10,4,6
5126228,5260167,12,9,3
5452479,6418562,6,4,2
5375246,5546589,4,5,-1
5375246,5546589,10,3,7
5375246,5546589,12,1,11
6500742,8334215,4,10,-6
6500742,8334215,10,6,4
6845081,7072287,1,1,0
6845081,7072287,2,6,-4
6845081,7072287,3,2,1
6845081,7072287,4,5,-1
6845081,7072287,5,3,2
6845081,7072287,6,4,2
6845081,7072287,8,8,0
6845081,7072287,9,11,-2
6845081,7072287,10,7,3
4523352,5309607,3,2,1
4523352,5309607,5,6,-1
4523352,5309607,11,7,4
5312354,8118825,6,3,3
4300205,7699133,8,5,3
4300205,7699133,13,10,3
6962247,7635082,5,1,4
4526752,5096813,4,3,1
4526752,5096813,6,6,0
6885625,7082081,3,3,0
6885625,7082081,6,5,1
6885625,7082081,7,13,-6
6899719,8038680,1,2,-1
6899719,8038680,7,10,-3
5260933,6917966,11,5,6
5562215,6520344,1,1,0
5562215,6520344,5,2,3
5562215,6520344,9,12,-3
3958576,7267679,2,5,-3
4884240,6219297,1,4,-3
4884240,6219297,4,9,-5
4884240,6219297,11,6,5
4713708,5654854,1,4,-3
4713708,5654854,9,1,8
4286598,6293954,1,2,-1
6671705,8359429,5,11,-6
6671705,8359429,12,3,9
5041902,6927483,4,3,1
5041902,6927483,9,2,7
5041902,6927483,11,8,3
5041902,6927483,13,9,4
5480981,8148109,3,2,1
5305755,7909766,6,1,5
6534885,7443137,4,4,0
6534885,7443137,8,2,6
6534885,7443137,12,3,9
5619370,8483439,3,4,-1
5619370,8483439,6,3,3
6484261,7783670,8,1,7
4995464,7234531,4,7,-3
4328887,7270229,3,5,-2
4328887,7270229,5,7,-2
4328887,7270229,6,1,5
5106094,7128661,1,1,0
5106094,7128661,2,10,-8
5106094,7128661,3,12,-9
7434723,8630612,7,6,1
5584690,7137163,5,8,-3
5584690,7137163,7,9,-2
7007940,8002272,8,5,3
7007940,8002272,12,12,0
7162084,8482785,2,4,-2
7167288,8014041,1,1,0
7167288,8014041,3,11,-8
5055370,5254425,4,11,-7
5055370,5254425,13,5,8
4574681,5303633,1,9,-8
4574681,5303633,5,5,0
4574681,5303633,7,6,1
4574681,5303633,11,12,-1
4081235,8152515,1,3,-2
5210566,8692926,3,1,2
6370841,8694162,8,8,0
4299384,4381109,1,1,0
4299384,4381109,2,2,0
4299384,4381109,3,8,-5
8265004,8640198,3,10,-7
8265004,8640198,13,6,7
5238945,6444665,2,4,-2
7152358,7997021,2,2,0
7152358,7997021,3,3,0
7152358,7997021,11,8,3
7152358,7997021,12,6,6
5118011,6089401,3,2,1
4104086,4857478,2,6,-4
4569347,8512310,10,12,-2
7159180,8527010,9,11,-2
7159180,8527010,11,4,7
5355318,7750856,2,1,1
5610589,8639527,2,1,1
6491903,8445601,3,12,-9
5276677,7158481,1,7,-6
7564946,8073105,1,1,0
7564946,8073105,2,4,-2
7564946,8073105,3,3,0
7564946,8073105,4,2,2
7564946,8073105,5,5,0
7564946,8073105,6,6,0
7564946,8073105,8,12,-4
7564946,8073105,9,13,-4
3981534,4865383,2,6,-4
4363496,6962353,1,2,-1
4363496,6962353,9,8,1
4946692,7666074,2,1,1
4946692,7666074,3,2,1
4946692,7666074,5,6,-1
5238963,7297689,5,9,-4
5238963,7297689,9,8,1
3956693,5479102,6,7,-1
7677246,8469025,5,4,1
6413777,7608752,4,7,-3
6413777,7608752,5,10,-5
5619995,8290034,1,1,0
5619995,8290034,6,4,2
5619995,8290034,8,2,6
5092462,5273161,1,2,-1
5092462,5273161,2,5,-3
5092462,5273161,6,3,3
7808250,8412268,7,1,6
7808250,8412268,9,6,3
5283479,6084435,2,1,1
5283479,6084435,3,11,-8
5283479,6084435,8,2,6
4293089,6245463,3,6,-3
6394298,8573398,4,2,2
6394298,8573398,6,6,0
4752925,5619525,6,1,5
4752925,5619525,11,2,9
4752925,5619525,12,13,-1
4337185,4554212,6,6,0
5237989,5312444,1,9,-8
5237989,5312444,2,5,-3
5237989,5312444,11,7,4
4194508,4936838,1,3,-2
4194508,4936838,5,1,4
4194508,4936838,7,4,3
5024706,5239189,3,7,-4
6522845,7072601,3,11,-8
6522845,7072601,4,4,0
6522845,7072601,7,10,-3
5411034,7673632,1,1,0
4543370,8151806,12,7,5
6596781,7033552,1,1,0
6596781,7033552,2,2,0
6596781,7033552,6,5,1
6596781,7033552,12,11,1
6459487,7969578,9,7,2
4168205,7721412,11,5,6
6246558,7936238,1,2,-1
4845049,7674715,9,10,-1
6328397,7073901,3,9,-6
6328397,7073901,10,8,2
6870955,7148902,2,1,1
6483038,7092256,2,6,-4
3966432,8523968,1,1,0
4438543,8490239,2,2,0
4438543,8490239,4,10,-6
4438543,8490239,7,6,1
4438543,8490239,8,1,7
6406677,7790634,1,4,-3
5559965,7065600,6,7,-1
4300817,4810075,1,1,0
4300817,4810075,3,10,-7
4300817,4810075,4,4,0
4040628,4900032,1,1,0
4040628,4900032,4,3,1
4040628,4900032,8,9,-1
4040628,4900032,11,4,7
4879686,5227697,1,3,-2
4879686,5227697,3,9,-6
4879686,5227697,4,13,-9
4879686,5227697,5,6,-1
4879686,5227697,6,10,-4
4879686,5227697,7,8,-1
4486909,4809376,7,4,3
6302555,8361367,1,13,-12
6302555,8361367,3,5,-2
7008037,8658110,3,2,1
4758132,6616421,1,8,-7
4758132,6616421,7,7,0
4758132,6616421,9,6,3
6120407,8414435,1,2,-1
6120407,8414435,10,3,7
4817526,8540449,4,1,3
6267181,7424918,1,6,-5
6267181,7424918,8,10,-2
4808164,6887235,2,2,0
4808164,6887235,6,10,-4
5623180,7447298,3,8,-5
6303984,7692286,7,10,-3
6358161,7399239,2,1,1
6358161,7399239,3,4,-1
6382309,6896039,1,8,-7
6382309,6896039,3,13,-10
6382309,6896039,4,1,3
6382309,6896039,7,5,2
6382309,6896039,9,2,7
5379057,8712441,8,11,-3
5569244,7972265,3,5,-2
4246364,5373030,1,10,-9
4246364,5373030,6,8,-2
5241497,7369440,4,9,-5
5391496,5578491,1,3,-2
5391496,5578491,2,6,-4
5391496,5578491,3,1,2
5391496,5578491,4,2,2
5391496,5578491,5,13,-8
5391496,5578491,6,4,2
5391496,5578491,7,5,2
5391496,5578491,8,7,1
5391496,5578491,9,9,0
5391496,5578491,10,10,0
5391496,5578491,11,12,-1
6238134,6923594,1,1,0
6238134,6923594,2,2,0
6238134,6923594,3,6,-3
4438817,7314559,11,5,6
4852498,6527241,3,4,-1
5011549,7875910,9,1,8
4820398,7033477,1,4,-3
4820398,7033477,2,1,1
4820398,7033477,6,3,3
4820398,7033477,13,12,1
4029542,5273621,1,11,-10
4029542,5273621,6,10,-4
4029542,5273621,12,3,9
6424444,8577224,3,1,2
6424444,8577224,4,9,-5
6424444,8577224,6,2,4
6551365,7442036,6,2,4
6551365,7442036,12,1,11
4856289,5209077,1,11,-10
4856289,5209077,6,3,3
4941229,5303446,1,1,0
4941229,5303446,2,2,0
7651527,8128689,1,8,-7
7651527,8128689,13,7,6
4827159,5099148,2,6,-4
4827159,5099148,3,8,-5
4827159,5099148,9,1,8
5488962,8627828,5,1,4
4606084,5023965,2,2,0
5293554,7847433,1,2,-1
4629015,8684959,1,3,-2
4629015,8684959,4,8,-4
4629015,8684959,10,7,3
5485039,7902643,6,6,0
5485039,7902643,9,5,4
5485039,7902643,12,3,9
5485039,7902643,13,8,5
6856556,7126857,1,2,-1
6856556,7126857,2,4,-2
6856556,7126857,3,1,2
6856556,7126857,4,3,1
6856556,7126857,5,5,0
6856556,7126857,6,6,0
6856556,7126857,7,12,-5
6856556,7126857,8,9,-1
6856556,7126857,10,7,3
6856556,7126857,13,8,5
5562979,6875389,6,2,4
6670648,8167463,1,4,-3
6670648,8167463,3,5,-2
6670648,8167463,13,6,7
6321520,7230180,1,1,0
6321520,7230180,4,9,-5
7080288,7895493,2,6,-4
7080288,7895493,3,10,-7
7080288,7895493,5,3,2
7080288,7895493,8,4,4
7080288,7895493,9,13,-4
4445699,8500135,4,1,3
4445699,8500135,10,9,1
4445699,8500135,11,10,1
4445699,8500135,13,7,6
7033813,7919096,3,2,1
6065120,6353839,7,12,-5
6138158,7590685,6,8,-2
7160273,7722584,11,2,9
6567398,7292687,2,4,-2
6898457,7813889,1,13,-12
6898457,7813889,2,1,1
6898457,7813889,3,5,-2
4958901,5106376,1,4,-3
4958901,5106376,3,1,2
5078877,5342511,1,1,0
5078877,5342511,2,4,-2
5078877,5342511,3,13,-10
5078877,5342511,4,2,2
5078877,5342511,5,3,2
5078877,5342511,7,5,2
5078877,5342511,8,8,0
5078877,5342511,11,10,1
5078877,5342511,12,11,1
5235887,6503009,1,1,0
5235887,6503009,2,4,-2
5235887,6503009,4,7,-3
5235887,6503009,9,2,7
4056307,4538895,1,3,-2
6554709,8491378,1,1,0
5215099,6272377,2,1,1
5215099,6272377,4,2,2
7002557,8266529,8,1,7
5372043,7637162,2,6,-4
7625245,7731535,8,5,3
4723129,6231152,1,2,-1
4723129,6231152,4,5,-1
4723129,6231152,9,8,1
4723129,6231152,10,10,0
4453834,5600281,4,5,-1
4453834,5600281,5,2,3
4453834,5600281,13,10,3
4937844,7471740,1,11,-10
4937844,7471740,3,10,-7
4937844,7471740,8,2,6
4464156,7036717,4,1,3
4464156,7036717,10,4,6
5585902,8260172,9,2,7
7258715,8657937,2,1,1
5505024,6134840,1,5,-4
5505024,6134840,7,1,6
5505024,6134840,12,8,4
5214730,6339470,7,1,6
7419741,8507152,2,7,-5
7419741,8507152,3,12,-9
3949132,4297260,2,2,0
3949132,4297260,7,1,6
5651491,7988028,8,7,1
5651491,7988028,11,9,2
6437832,8125389,6,4,2
4985153,5234593,3,5,-2
4985153,5234593,7,1,6
3940844,8721630,11,2,9
6653615,8749633,5,9,-4
6653615,8749633,6,6,0
4458738,7832037,1,1,0
4458738,7832037,5,12,-7
6249076,7857066,2,10,-8
6249076,7857066,4,13,-9
6249076,7857066,5,5,0
6306555,8470511,5,9,-4
5228045,5576980,1,3,-2
5228045,5576980,2,5,-3
5228045,5576980,10,1,9
4385617,4625689,1,10,-9
4385617,4625689,2,1,1
4385617,4625689,5,12,-7
4385617,4625689,9,3,6
5187708,5579308,5,6,-1
5253851,6264179,7,3,4
5253851,6264179,8,4,4
5385959,7670627,13,8,5
4501781,6416211,10,8,2
6217145,7222941,1,1,0
6217145,7222941,2,3,-1
6217145,7222941,9,7,2
7650341,8639876,7,12,-5
5587623,8282985,3,5,-2
5587623,8282985,12,6,6
5653928,8484833,5,8,-3
5653928,8484833,8,6,2
7278832,7815423,2,1,1
7278832,7815423,3,6,-3
7278832,7815423,6,5,1
7278832,7815423,10,9,1
7278832,7815423,13,3,10
5132914,6125894,3,9,-6
5102346,6413110,1,10,-9
6207736,8278376,8,8,0
3978834,4122810,1,4,-3
3978834,4122810,2,6,-4
3978834,4122810,5,9,-4
3978834,4122810,12,8,4
4996083,7543947,5,6,-1
6242929,7436194,2,1,1
5305805,7690473,6,10,-4
5305805,7690473,8,11,-3
5201564,6612552,1,3,-2
5201564,6612552,5,9,-4
6282548,8612846,1,3,-2
6282548,8612846,2,4,-2
6282548,8612846,8,10,-2
5648197,7081941,5,1,4
5648197,7081941,10,6,4
3972851,4093598,3,1,2
3972851,4093598,4,7,-3
3972851,4093598,9,13,-4
4639415,4745048,1,7,-6
4639415,4745048,2,4,-2
4639415,4745048,3,2,1
4639415,4745048,4,3,1
4639415,4745048,6,5,1
4639415,4745048,13,8,5
4006854,4217984,2,2,0
4633253,4912474,1,8,-7
4633253,4912474,3,12,-9
4633253,4912474,12,10,2
7016970,8139487,6,10,-4
7016970,8139487,11,8,3
5401774,6555547,5,8,-3
5401774,6555547,8,5,3
5401774,6555547,12,7,5
6155770,8651795,4,5,-1
6155770,8651795,6,6,0
6155770,8651795,8,7,1
6155770,8651795,9,4,5
7332135,7998443,6,1,5
6214991,8268878,10,12,-2
4384954,8211310,3,1,2
4384954,8211310,6,6,0
4384954,8211310,8,3,5
5603608,6497556,1,1,0
5603608,6497556,9,4,5
5603608,6497556,12,13,-1
4871928,5247207,4,1,3
4871928,5247207,12,12,0
7084558,8324791,1,8,-7
7084558,8324791,2,5,-3
7084558,8324791,3,2,1
7084558,8324791,4,12,-8
7084558,8324791,7,4,3
7084558,8324791,8,1,7
7084558,8324791,11,13,-2
7979976,8630690,1,1,0
7979976,8630690,2,5,-3
7979976,8630690,13,10,3
6385895,8627592,1,1,0
6385895,8627592,2,2,0
6334399,7178470,1,3,-2
6334399,7178470,2,4,-2
4330299,4678757,2,2,0
4330299,4678757,7,8,-1
4003228,7730751,11,1,10
6297243,7645750,8,5,3
6297243,7645750,13,8,5
6423260,8537326,5,7,-2
6423260,8537326,7,1,6
6423260,8537326,10,2,8
4798888,6302209,11,10,1
4536440,5238474,1,7,-6
4633542,8156600,2,9,-7
6648355,8162337,5,4,1
6648355,8162337,6,9,-3
6648355,8162337,8,13,-5
6648355,8162337,10,8,2
5044759,5318358,2,3,-1
5044759,5318358,3,12,-9
5044759,5318358,7,5,2
6434741,8713529,2,5,-3
6434741,8713529,5,8,-3
6434741,8713529,8,7,1
6434741,8713529,9,12,-3
6881571,7361488,6,10,-4
6881571,7361488,11,3,8
6233265,6929867,2,4,-2
4252344,6345747,1,1,0
5188635,6156031,13,4,9
6383188,7621950,1,3,-2
5590285,7627669,2,2,0
5590285,7627669,5,12,-7
4674127,8567660,3,2,1
6162276,7074253,3,6,-3
5105243,7534683,5,5,0
5105243,7534683,6,11,-5
5105243,7534683,9,8,1
5105243,7534683,10,13,-3
4748110,5202264,4,8,-4
4748110,5202264,6,4,2
4748110,5202264,9,3,6
7227955,7720228,1,2,-1
7227955,7720228,3,4,-1
7227955,7720228,5,9,-4
7227955,7720228,8,6,2
4830014,8190224,4,1,3
4642425,5056132,5,2,3
4642425,5056132,11,5,6
5423872,8457747,5,4,1
5132694,7369810,5,13,-8
5132694,7369810,6,3,3
5132694,7369810,12,12,0
6657173,8568404,5,5,0
4939943,8047060,2,2,0
4939943,8047060,6,5,1
5067282,5649849,3,4,-1
5644810,7080421,8,9,-1
4752206,6136254,1,6,-5
4752206,6136254,4,2,2
4752206,6136254,5,3,2
4752206,6136254,8,7,1
4752206,6136254,10,12,-2
4752206,6136254,11,4,7
4900880,5192838,1,2,-1
4900880,5192838,2,1,1
4900880,5192838,3,4,-1
4723956,7074216,2,1,1
4723956,7074216,5,5,0
5584779,8612247,4,13,-9
4155032,5027052,2,10,-8
4155032,5027052,8,4,4
6957275,8280978,4,6,-2
7072958,8510760,6,7,-1
4076134,5359746,1,1,0
4076134,5359746,7,12,-5
5067713,6517435,2,2,0
5067713,6517435,7,10,-3
4828146,8261950,2,4,-2
4458795,5016740,1,9,-8
4458795,5016740,5,4,1
7761724,7990746,1,3,-2
7761724,7990746,2,2,0
7761724,7990746,4,5,-1
4884094,7755320,3,4,-1
6398575,8634901,9,9,0
8213900,8332912,7,4,3
8213900,8332912,12,8,4
6333045,8263613,11,2,9
4290880,8277637,2,3,-1
4290880,8277637,8,6,2
4290880,8277637,12,1,11
4290880,8277637,13,2,11
7481281,8408336,5,1,4
4428588,8020638,1,1,0
4428588,8020638,2,13,-11
4428588,8020638,4,6,-2
4428588,8020638,8,11,-3
5093033,5478616,1,7,-6
5093033,5478616,5,10,-5
4715373,5578042,1,1,0
4715373,5578042,7,11,-4
4715373,5578042,12,9,3
5209374,7128236,1,1,0
5209374,7128236,2,2,0
5209374,7128236,3,3,0
4702496,5194486,2,2,0
5381712,6539830,4,3,1
5381712,6539830,5,2,3
3942858,7048402,1,7,-6
3942858,7048402,2,4,-2
3942858,7048402,3,1,2
6139555,8211125,3,10,-7
6139555,8211125,13,8,5
7429003,7631817,1,1,0
7429003,7631817,3,6,-3
7429003,7631817,4,2,2
7429003,7631817,5,3,2
7429003,7631817,6,4,2
7429003,7631817,8,5,3
7429003,7631817,12,7,5
4598430,4689836,2,5,-3
6562728,7132372,1,1,0
6562728,7132372,4,3,1
6562728,7132372,5,4,1
6562728,7132372,6,5,1
6562728,7132372,8,6,2
6562728,7132372,9,10,-1
6562728,7132372,12,2,10
5190727,5639425,6,9,-3
6104334,6496180,4,7,-3
5222212,6304895,2,9,-7
4218582,7152162,1,10,-9
6209095,8117117,11,8,3
6209095,8117117,13,1,12
4622916,7386250,1,1,0
4622916,7386250,7,3,4
5572320,7092084,2,1,1
5572320,7092084,3,2,1
4365359,5004476,12,5,7
4629278,4695106,3,1,2
4629278,4695106,4,2,2
4560820,5160500,3,3,0
5626193,7640987,1,1,0
5626193,7640987,2,6,-4
5133856,8597189,6,1,5
5007416,7662117,5,2,3
5007416,7662117,7,1,6
4423417,4625411,3,12,-9
4423417,4625411,13,1,12
6451871,8089029,13,8,5
6535568,7260512,3,4,-1
6535568,7260512,6,1,5
6356261,7528802,1,2,-1
6356261,7528802,2,1,1
6356261,7528802,4,6,-2
6356261,7528802,9,11,-2
6356261,7528802,10,4,6
6356261,7528802,12,5,7
4032750,6403932,4,1,3
4032750,6403932,6,2,4
4809783,7963330,2,1,1
4809783,7963330,8,9,-1
6605260,6955791,1,8,-7
6605260,6955791,2,13,-11
5332892,6220514,7,8,-1
4226348,4372512,1,5,-4
4226348,4372512,2,1,1
4226348,4372512,10,13,-3
7530091,8286209,13,11,2
4634127,5620402,1,1,0
4886751,7285402,3,3,0
4886751,7285402,4,2,2
4886751,7285402,10,12,-2
5499146,7298919,1,1,0
7139136,8337034,2,2,0
7139136,8337034,3,1,2
7139136,8337034,12,11,1
4985645,5126595,2,3,-1
4985645,5126595,3,1,2
4985645,5126595,7,5,2
4985645,5126595,9,6,3
4985645,5126595,10,9,1
4985645,5126595,13,2,11
4088414,7708317,1,1,0
4088414,7708317,3,7,-4
4088414,7708317,4,9,-5
4088414,7708317,5,2,3
4849799,6555852,1,4,-3
4849799,6555852,5,5,0
4849799,6555852,11,3,8
4849799,6555852,13,7,6
4033735,4680041,1,5,-4
4033735,4680041,3,3,0
4033735,4680041,6,8,-2
4033735,4680041,13,1,12
6266522,8706069,3,6,-3
6266522,8706069,8,5,3
6067409,6415428,4,2,2
4447678,4640382,8,9,-1
6285999,7716225,1,3,-2
6285999,7716225,2,1,1
6285999,7716225,7,11,-4
6285999,7716225,12,2,10
6304855,8554639,1,9,-8
6304855,8554639,12,2,10
6304855,8554639,13,3,10
4363270,4817525,5,2,3
4961659,7905670,1,10,-9
4961659,7905670,2,6,-4
5500118,6296766,1,2,-1
5500118,6296766,4,3,1
4617813,6230529,1,2,-1
4617813,6230529,2,3,-1
4617813,6230529,5,6,-1
4617813,6230529,8,5,3
4617813,6230529,10,13,-3
8121126,8594090,5,5,0
4530366,7731422,2,9,-7
4394670,7794060,1,1,0
4014771,5342885,6,7,-1
6525398,7671443,1,1,0
6525398,7671443,4,7,-3
4625075,5228562,1,11,-10
4625075,5228562,8,2,6
4384484,4571991,3,13,-10
4384484,4571991,4,1,3
4384484,4571991,5,9,-4
4384484,4571991,9,6,3
4384484,4571991,11,12,-1
6317268,8287129,1,2,-1
7519969,8332812,3,3,0
7519969,8332812,4,11,-7
5180751,7141182,3,2,1
5180751,7141182,9,6,3
6062903,7227758,1,3,-2
6062903,7227758,4,13,-9
7058571,7953604,6,1,5
6419869,8328546,1,2,-1
6419869,8328546,5,6,-1
5433915,7431978,8,4,4
5433915,7431978,11,1,10
6325700,8260450,1,5,-4
6325700,8260450,9,1,8
6325700,8260450,13,11,2
4212051,4445165,2,4,-2
4212051,4445165,13,5,8
6303231,6528172,1,1,0
6303231,6528172,2,2,0
6303231,6528172,3,3,0
6303231,6528172,4,4,0
6303231,6528172,5,5,0
6303231,6528172,6,6,0
6303231,6528172,7,7,0
6303231,6528172,8,9,-1
6303231,6528172,9,11,-2
6303231,6528172,10,12,-2
5320529,8425524,10,6,4
5212784,6990563,2,11,-9
5212784,6990563,3,1,2
5212784,6990563,4,5,-1
6432846,7125813,10,8,2
6432846,7125813,12,13,-1
3940311,4716008,3,6,-3
5629384,8562965,3,3,0
6203613,7141278,7,2,5
5564618,7241975,2,2,0
5564618,7241975,3,1,2
5564618,7241975,11,3,8
5564618,7241975,12,4,8
6565211,6840626,2,2,0
6565211,6840626,4,3,1
6565211,6840626,6,6,0
6290108,7971755,3,1,2
6290108,7971755,4,9,-5
5366801,8187984,1,11,-10
5366801,8187984,5,3,2
5366801,8187984,6,12,-6
5500650,7760677,8,7,1
6086387,7121843,4,1,3
5605868,6641893,2,1,1
6876648,8363797,1,3,-2
6876648,8363797,8,5,3
6909394,7880654,1,5,-4
6909394,7880654,2,3,-1
6909394,7880654,3,8,-5
6909394,7880654,4,13,-9
6909394,7880654,11,7,4
5375076,8576564,4,3,1
5375076,8576564,9,11,-2
4392554,7984793,2,3,-1
4392554,7984793,4,1,3
4280825,7563312,3,10,-7
4280825,7563312,4,4,0
4280825,7563312,7,3,4
8225180,8456919,3,3,0
8225180,8456919,13,7,6
6169307,7339820,2,6,-4
6169307,7339820,5,1,4
6169307,7339820,9,2,7
6169307,7339820,11,5,6
5567179,6273741,2,5,-3
5567179,6273741,5,10,-5
5567179,6273741,11,6,5
7012882,7848356,2,2,0
7012882,7848356,5,4,1
7012882,7848356,6,5,1
6287202,8052519,2,9,-7
6287202,8052519,3,5,-2
4941483,7070763,4,2,2
4941483,7070763,8,11,-3
4524658,4698952,1,1,0
4524658,4698952,2,2,0
5485559,8082517,10,6,4
5048860,6347802,2,9,-7
5048860,6347802,3,1,2
5048860,6347802,8,2,6
5048860,6347802,11,10,1
5048860,6347802,12,5,7
5499126,6900866,3,13,-10
6459787,7783513,1,3,-2
6459787,7783513,13,7,6
6635575,8629068,1,2,-1
6635575,8629068,4,4,0
6635575,8629068,9,3,6
6521428,7981604,2,3,-1
6337561,7808215,8,3,5
6337561,7808215,9,10,-1
5624090,7389947,2,1,1
6170095,7146659,2,5,-3
6251061,7988614,4,8,-4
6251061,7988614,10,4,6
5411189,6467659,1,1,0
5411189,6467659,2,3,-1
5411189,6467659,3,2,1
5411189,6467659,5,6,-1
5411189,6467659,12,11,1
6601580,8282966,1,2,-1
6601580,8282966,9,1,8
6957861,8033612,1,3,-2
6957861,8033612,8,6,2
6957861,8033612,9,2,7
4848307,8375930,3,7,-4
4993784,5303994,3,9,-6
4993784,5303994,4,5,-1
6227689,7973263,3,1,2
5279957,5466595,2,2,0
6603118,8436535,8,9,-1
6603118,8436535,12,4,8
6930977,7656782,1,1,0
6930977,7656782,2,2,0
6930977,7656782,3,3,0
6930977,7656782,4,4,0
6930977,7656782,5,5,0
6930977,7656782,6,6,0
6930977,7656782,7,7,0
6930977,7656782,8,8,0
6930977,7656782,9,9,0
6930977,7656782,10,10,0
6930977,7656782,11,11,0
6930977,7656782,12,12,0
6930977,7656782,13,13,0
6915066,7362953,1,1,0
6915066,7362953,2,2,0
6915066,7362953,3,3,0
6915066,7362953,4,6,-2
6915066,7362953,5,7,-2
6915066,7362953,6,8,-2
6915066,7362953,7,9,-2
6915066,7362953,8,10,-2
6915066,7362953,9,11,-2
6915066,7362953,10,12,-2
6915066,7362953,11,4,7
6915066,7362953,12,13,-1
6915066,7362953,13,5,8
8054765,8612707,2,2,0
8054765,8612707,6,1,5
5555933,6837419,2,1,1
5555933,6837419,11,9,2
4842937,6319610,3,7,-4
4842937,6319610,4,1,3
4842937,6319610,5,10,-5
6554859,8314927,2,1,1
6554859,8314927,4,2,2
6554859,8314927,9,3,6
6554859,8314927,12,7,5
7080221,7809905,1,1,0
7080221,7809905,4,4,0
5116046,5467980,10,1,9
5116046,5467980,13,2,11
7311993,7785740,6,10,-4
6040619,6461950,2,4,-2
6040619,6461950,6,1,5
6040619,6461950,13,3,10
5009963,7732314,4,10,-6
5217013,8352010,13,1,12
6069117,7673686,2,4,-2
6069117,7673686,4,5,-1
6069117,7673686,7,6,1
6080044,7090559,1,4,-3
6080044,7090559,4,8,-4
6124962,6493126,1,1,0
6124962,6493126,2,2,0
6124962,6493126,3,8,-5
6124962,6493126,4,4,0
6124962,6493126,5,7,-2
6124962,6493126,7,3,4
6124962,6493126,8,10,-2
6124962,6493126,9,11,-2
6124962,6493126,10,12,-2
6124962,6493126,11,5,6
6124962,6493126,12,13,-1
5455724,6297926,2,1,1
5455724,6297926,4,6,-2
5455724,6297926,6,8,-2
5455724,6297926,7,7,0
5455724,6297926,11,3,8
4744365,5403347,2,5,-3
4744365,5403347,6,4,2
5636246,7123670,1,2,-1
5636246,7123670,7,9,-2
5309743,5410898,9,5,4
4790923,5292405,1,3,-2
4790923,5292405,2,1,1
4790923,5292405,8,2,6
5527279,6464645,3,10,-7
5527279,6464645,5,3,2
5527279,6464645,11,12,-1
5229276,6884611,3,2,1
5229276,6884611,4,11,-7
4816380,5272026,2,2,0
5177388,7602095,3,1,2
6373611,7313326,1,4,-3
6373611,7313326,4,1,3
6373611,7313326,5,2,3
7090660,8057440,1,2,-1
7090660,8057440,5,6,-1
7090660,8057440,13,3,10
6441805,8207939,1,10,-9
6441805,8207939,13,6,7
5489769,7637430,2,8,-6
5489769,7637430,9,10,-1
5489769,7637430,10,1,9
4548355,6308702,1,4,-3
4548355,6308702,2,5,-3
5104109,5324021,2,2,0
5104109,5324021,4,1,3
5104109,5324021,10,10,0
5212752,6447172,7,13,-6
5212752,6447172,8,9,-1
4670504,6900274,1,2,-1
4670504,6900274,3,3,0
4670504,6900274,5,4,1
5379561,8186119,3,3,0
5379561,8186119,6,6,0
5379561,8186119,11,11,0
5379561,8186119,12,13,-1
6199079,7752535,13,4,9
5311422,7249011,1,1,0
5311422,7249011,2,3,-1
4902898,5430292,4,4,0
4817058,5568615,8,6,2
6338889,7240352,3,1,2
6338889,7240352,4,4,0
6338889,7240352,6,12,-6
6338889,7240352,11,7,4
6349597,8342025,10,4,6
6073248,7974183,5,3,2
6073248,7974183,6,5,1
4020870,5305986,1,12,-11
6065543,8540026,1,3,-2
7066866,8550964,13,7,6
6511062,6908082,10,8,2
4929240,7108702,7,1,6
4929240,7108702,9,3,6
7357673,7589979,1,1,0
7357673,7589979,3,4,-1
4315508,4964860,1,1,0
4315508,4964860,5,2,3
6181559,7327573,1,10,-9
6181559,7327573,5,13,-8
4374709,8262894,1,1,0
4374709,8262894,10,2,8
4634334,4865508,5,5,0
4634334,4865508,6,7,-1
5395504,6162611,5,1,4
4937026,6348591,5,6,-1
4153565,5097041,2,1,1
7965100,8269522,8,4,4
4377761,4641209,9,1,8
7159061,7411972,4,4,0
7159061,7411972,7,3,4
7159061,7411972,11,6,5
4259170,4994168,1,13,-12
4259170,4994168,2,9,-7
4259170,4994168,8,1,7
7257199,7639633,11,11,0
6068135,8413823,4,1,3
6147996,8155011,1,2,-1
6147996,8155011,10,8,2
6475232,8501217,3,1,2
5065830,7683272,1,4,-3
5065830,7683272,3,8,-5
6341419,7322101,2,7,-5
6341419,7322101,3,9,-6
6352247,8714943,1,3,-2
6352247,8714943,4,10,-6
5636640,7727168,10,7,3
6548440,8007663,9,3,6
7525697,8199372,1,1,0
7525697,8199372,2,3,-1
7525697,8199372,3,7,-4
7525697,8199372,5,4,1
7525697,8199372,8,6,2
7525697,8199372,9,11,-2
7525697,8199372,13,12,1
6575095,7050196,1,7,-6
6575095,7050196,2,4,-2
5579542,7334272,1,11,-10
5579542,7334272,3,13,-10
5579542,7334272,4,1,3
5579542,7334272,7,2,5
4435690,6377144,1,3,-2
8192915,8541529,1,1,0
8192915,8541529,2,2,0
8192915,8541529,3,3,0
8192915,8541529,4,4,0
8192915,8541529,5,5,0
8192915,8541529,6,6,0
8192915,8541529,7,7,0
8192915,8541529,8,8,0
8192915,8541529,9,9,0
8192915,8541529,10,10,0
8192915,8541529,11,11,0
8192915,8541529,12,12,0
8192915,8541529,13,13,0
4240143,8291173,3,3,0
6446867,7120179,1,1,0
6446867,7120179,3,4,-1
6471576,8506366,1,4,-3
6471576,8506366,6,3,3
4810564,5243393,9,3,6
5034613,8208504,1,1,0
5034613,8208504,11,2,9
6577360,8102478,1,1,0
6577360,8102478,3,4,-1
6577360,8102478,4,2,2
6577360,8102478,5,8,-3
6577360,8102478,7,11,-4
4041861,4674213,2,5,-3
5300896,8731410,2,2,0
6237074,7047394,1,1,0
6237074,7047394,3,4,-1
7012291,8173356,2,11,-9
7012291,8173356,4,3,1
7012291,8173356,6,2,4
7012291,8173356,8,6,2
7012291,8173356,13,8,5
5549004,8520064,6,13,-7
4635624,7227050,1,6,-5
4635624,7227050,5,9,-4
4635624,7227050,11,10,1
7220203,8157687,1,2,-1
7220203,8157687,2,1,1
7220203,8157687,5,7,-2
7220203,8157687,7,10,-3
7220203,8157687,10,12,-2
5631862,7683456,1,9,-8
6262210,7803961,2,7,-5
6262210,7803961,3,4,-1
6321082,6504517,2,13,-11
6321082,6504517,6,8,-2
4751464,5581186,1,1,0
4751464,5581186,2,8,-6
4751464,5581186,5,10,-5
7246104,7634471,2,1,1
7246104,7634471,5,12,-7
7246104,7634471,10,4,6
5214811,8690256,9,4,5
5214811,8690256,10,10,0
4065118,7879149,2,1,1
5353275,8198524,5,4,1
7132491,8273516,3,6,-3
6101385,7627285,5,9,-4
7077544,7728231,3,3,0
7077544,7728231,6,2,4
7077544,7728231,11,12,-1
5550709,7234644,7,2,5
4573076,6961088,2,4,-2
4573076,6961088,4,7,-3
4573076,6961088,7,5,2
5647440,7717189,3,10,-7
5647440,7717189,8,2,6
5647440,7717189,9,1,8
5647440,7717189,13,8,5
5013144,7056116,7,7,0
4399011,8476609,10,1,9
4530914,6608000,3,8,-5
4530914,6608000,4,6,-2
4530914,6608000,5,13,-8
4530914,6608000,12,11,1
6627550,7033978,1,1,0
6627550,7033978,2,2,0
6627550,7033978,3,3,0
6627550,7033978,4,4,0
6627550,7033978,5,5,0
6627550,7033978,6,6,0
6627550,7033978,7,7,0
6627550,7033978,8,8,0
6627550,7033978,9,9,0
6627550,7033978,10,10,0
6627550,7033978,11,11,0
6627550,7033978,12,12,0
6627550,7033978,13,13,0
4016867,7895767,10,6,4
4766872,5408976,2,3,-1
4766872,5408976,6,11,-5
4766872,5408976,8,6,2
4597866,6558539,1,2,-1
4597866,6558539,4,3,1
4597866,6558539,8,6,2
4795880,8289512,3,6,-3
5555993,6626314,2,5,-3
5390205,5452315,1,1,0
5390205,5452315,2,5,-3
5390205,5452315,3,6,-3
5390205,5452315,4,2,2
5390205,5452315,7,4,3
5390205,5452315,9,10,-1
5390205,5452315,10,8,2
5390205,5452315,11,13,-2
5390205,5452315,13,12,1
7270576,8480426,4,2,2
6314093,7209655,8,5,3
6442151,8488706,2,1,1
5175705,7031212,5,5,0
6669220,8220679,2,3,-1
6669220,8220679,3,2,1
6669220,8220679,8,6,2
6166705,8537552,3,12,-9
6166705,8537552,12,3,9
4531493,5447031,8,5,3
4531493,5447031,11,4,7
4844575,8290320,5,11,-6
4844575,8290320,7,1,6
4844575,8290320,8,13,-5
4416993,6645374,1,7,-6
4416993,6645374,2,10,-8
4416993,6645374,4,2,2
5488289,7477095,1,1,0
5488289,7477095,4,7,-3
5488289,7477095,5,4,1
4369579,4566195,4,3,1
4369579,4566195,6,5,1
4369579,4566195,9,4,5
7220016,8075156,2,4,-2
3963076,7032666,7,1,6
3963076,7032666,8,3,5
3963076,7032666,12,5,7
5287876,6196246,2,2,0
5287876,6196246,3,7,-4
4508173,7758019,1,8,-7
4508173,7758019,2,5,-3
4508173,7758019,4,12,-8
4508173,7758019,7,7,0
4508173,7758019,13,6,7
5649190,6944644,4,2,2
6494979,7582270,10,13,-3
5208749,5408411,2,6,-4
5208749,5408411,11,7,4
5208749,5408411,12,1,11
4352197,5166968,1,1,0
4352197,5166968,2,3,-1
4352197,5166968,3,2,1
4352197,5166968,13,9,4
5486653,6880240,1,1,0
7031773,8260421,5,2,3
7031773,8260421,6,6,0
7031773,8260421,8,4,4
7031773,8260421,12,5,7
6317005,7719529,1,7,-6
6317005,7719529,2,3,-1
6317005,7719529,6,10,-4
6317005,7719529,8,2,6
6835469,7291406,1,1,0
6835469,7291406,6,7,-1
5173695,6263420,2,9,-7
5173695,6263420,9,1,8
4676655,5344232,9,1,8
5428683,6053406,6,3,3
5428683,6053406,8,10,-2
5428683,6053406,11,8,3
3956610,4091258,1,1,0
3956610,4091258,3,3,0
6080136,6402718,1,1,0
6080136,6402718,2,2,0
6080136,6402718,4,7,-3
6080136,6402718,6,8,-2
4461736,4755020,10,3,7
7197584,8707061,2,7,-5
7392340,8429351,2,6,-4
6143017,8460319,1,12,-11
6143017,8460319,3,11,-8
5371906,6510562,2,5,-3
5371906,6510562,5,1,4
5371906,6510562,6,8,-2
5371906,6510562,11,2,9
4976852,8540873,1,1,0
3969688,4744090,1,1,0
3969688,4744090,2,8,-6
3969688,4744090,12,4,8
4031352,6189487,1,11,-10
4031352,6189487,3,2,1
4031352,6189487,5,8,-3
5251560,7426898,1,4,-3
4313780,4707202,1,1,0
4313780,4707202,13,9,4
4450221,4612247,6,4,2
7165249,7480895,2,1,1
7165249,7480895,8,5,3
7165249,7480895,11,12,-1
4401274,4881688,1,13,-12
4401274,4881688,2,1,1
4401274,4881688,11,2,9
5493552,7072288,1,5,-4
5493552,7072288,2,3,-1
5493552,7072288,5,6,-1
5493552,7072288,9,8,1
5493552,7072288,12,1,11
5428132,7053187,6,4,2
4639771,4959790,1,2,-1
4639771,4959790,4,1,3
5413367,7556108,4,1,3
5413367,7556108,11,2,9
5413367,7556108,12,6,6
4231578,6290235,1,1,0
4770169,7942150,9,13,-4
5578931,8159793,3,12,-9
5578931,8159793,6,1,5
4428171,7080874,8,12,-4
4432377,4800898,1,6,-5
4432377,4800898,3,8,-5
5107834,6484057,1,7,-6
5107834,6484057,2,5,-3
5107834,6484057,7,2,5
5107834,6484057,11,3,8
4909803,5318555,2,4,-2
4909803,5318555,6,1,5
6094347,6487074,1,5,-4
6094347,6487074,7,8,-1
6846481,8361780,4,1,3
6201474,7660812,1,1,0
6201474,7660812,8,8,0
6201474,7660812,11,5,6
5385854,6449186,6,2,4
5385854,6449186,9,3,6
5649033,6473196,2,1,1
5649033,6473196,3,7,-4
5649033,6473196,5,3,2
4754109,5105058,1,7,-6
4754109,5105058,5,10,-5
4754109,5105058,6,1,5
4754109,5105058,11,8,3
4754109,5105058,13,3,10
7529029,8388150,4,7,-3
7529029,8388150,6,6,0
7529029,8388150,8,5,3
7529029,8388150,12,11,1
4010934,6086240,4,9,-5
4010934,6086240,8,4,4
5333840,6319458,3,8,-5
5333840,6319458,5,3,2
5333840,6319458,6,4,2
5333840,6319458,11,7,4
4122096,4569925,2,7,-5
4122096,4569925,3,2,1
4122096,4569925,13,10,3
4099275,7472957,1,2,-1
4099275,7472957,7,4,3
5624560,8146662,1,7,-6
5624560,8146662,5,2,3
4833559,5430584,1,5,-4
4833559,5430584,6,3,3
4833559,5430584,7,9,-2
4342161,6877254,6,4,2
4342161,6877254,7,5,2
7549738,8070266,1,2,-1
5263165,7133845,12,9,3
4954587,7521488,1,4,-3
5156997,7291558,10,10,0
5156997,7291558,12,6,6
4447673,7848264,5,4,1
4890297,7466966,4,1,3
7873964,8737417,2,13,-11
7873964,8737417,6,2,4
7930183,8571874,3,1,2
7930183,8571874,4,9,-5
7930183,8571874,7,5,2
7930183,8571874,12,12,0
4791340,4932069,2,2,0
4892592,8138413,7,6,1
4892592,8138413,11,2,9
4892592,8138413,13,10,3
4641253,7864248,6,1,5
4641253,7864248,9,11,-2
5449544,8646214,1,4,-3
5449544,8646214,2,3,-1
5449544,8646214,4,10,-6
5449544,8646214,6,6,0
5449544,8646214,8,5,3
5449544,8646214,9,11,-2
6614486,7656433,4,2,2
6614486,7656433,9,8,1
6614486,7656433,12,3,9
5312249,7144250,3,4,-1
5312249,7144250,4,5,-1
5312249,7144250,6,2,4
4544027,4984629,2,7,-5
4544027,4984629,4,4,0
4544027,4984629,10,1,9
6420030,6511733,5,6,-1
6522875,6959189,13,6,7
4142607,7156202,1,1,0
4142607,7156202,2,8,-6
4142607,7156202,6,9,-3
4142607,7156202,7,10,-3
4142607,7156202,13,13,0
7095838,7848734,1,7,-6
5262944,7639145,2,1,1
5262944,7639145,13,9,4
6233629,7149868,10,8,2
6622140,7600017,13,5,8
6210791,7090894,1,1,0
6210791,7090894,2,13,-11
6210791,7090894,13,5,8
6209664,7971662,1,3,-2
6209664,7971662,5,6,-1
6209664,7971662,6,1,5
6625582,8055563,13,2,11
7356548,8731724,12,12,0
7356548,8731724,13,5,8
4175290,5422840,3,3,0
4175290,5422840,5,13,-8
4175290,5422840,10,2,8
6511598,8216329,3,3,0
6511598,8216329,5,1,4
7327138,8594960,3,7,-4
7327138,8594960,4,10,-6
5393624,6549287,10,6,4
4458066,6635453,1,1,0
4458066,6635453,5,8,-3
4458066,6635453,6,2,4
4458066,6635453,7,11,-4
8048791,8569156,2,4,-2
8048791,8569156,6,10,-4
8048791,8569156,7,7,0
4414560,5208471,2,3,-1
4414560,5208471,7,4,3
4414560,5208471,9,9,0
5486234,8166652,11,3,8
4972306,8733982,5,2,3
6428172,8070332,7,11,-4
4790204,7137499,1,1,0
4790204,7137499,2,10,-8
4790204,7137499,3,2,1
4790204,7137499,6,3,3
4790204,7137499,9,11,-2
5352351,8557104,1,5,-4
5352351,8557104,6,4,2
5352351,8557104,10,6,4
4046288,6499900,2,5,-3
4046288,6499900,10,4,6
5487378,7080643,2,9,-7
5487378,7080643,3,6,-3
5487378,7080643,8,3,5
4265310,7198107,1,4,-3
4265310,7198107,3,5,-2
5261663,6435978,1,9,-8
5261663,6435978,4,4,0
5261663,6435978,8,5,3
5261663,6435978,9,3,6
6052695,7644113,1,11,-10
6052695,7644113,11,2,9
6340369,8227246,1,1,0
6340369,8227246,11,8,3
3959924,4991341,1,1,0
3959924,4991341,6,5,1
6472991,8112138,2,2,0
6472991,8112138,6,10,-4
4141968,4522806,1,7,-6
4141968,4522806,4,1,3
4015081,4841147,1,4,-3
4015081,4841147,2,1,1
4015081,4841147,6,7,-1
7353291,8219665,10,2,8
6315097,7175013,3,1,2
6315097,7175013,7,13,-6
5040709,8191844,5,2,3
7141051,8162948,1,2,-1
4009347,6639920,5,13,-8
4009347,6639920,12,1,11
6424263,8031054,1,7,-6
6424263,8031054,2,3,-1
6424263,8031054,9,1,8
4057443,8066421,1,2,-1
4057443,8066421,3,9,-6
4057443,8066421,5,5,0
5525464,6355419,1,6,-5
5525464,6355419,2,1,1
5525464,6355419,4,3,1
7032799,8210411,4,8,-4
3993945,5008627,7,9,-2
3993945,5008627,9,6,3
3993945,5008627,11,5,6
6089468,7614872,1,8,-7
6089468,7614872,2,7,-5
7310402,8421781,1,4,-3
7310402,8421781,3,10,-7
7310402,8421781,13,7,6
6508564,8485711,1,2,-1
6508564,8485711,2,1,1
6508564,8485711,5,3,2
6508564,8485711,7,10,-3
6508564,8485711,9,5,4
6508564,8485711,10,12,-2
7216694,7674093,1,6,-5
7216694,7674093,2,4,-2
4786277,6148233,2,1,1
7578267,8443769,2,10,-8
7578267,8443769,3,1,2
7578267,8443769,4,2,2
7578267,8443769,9,4,5
7578267,8443769,12,8,4
4962484,8049281,3,2,1
5021995,6862599,5,10,-5
6201450,7847648,1,3,-2
6201450,7847648,2,2,0
4674181,6516234,12,7,5
6483741,7701756,1,1,0
4671762,4997014,1,1,0
4671762,4997014,5,12,-7
6880267,7757410,1,5,-4
4179858,7716899,1,3,-2
4179858,7716899,10,6,4
5276860,7315924,8,2,6
6328165,8357292,12,7,5
6103308,8685118,13,12,1
3939932,4026374,1,4,-3
3939932,4026374,5,7,-2
7480179,7885119,1,1,0
7480179,7885119,2,2,0
7480179,7885119,3,3,0
7480179,7885119,4,4,0
7480179,7885119,5,5,0
7480179,7885119,6,6,0
7480179,7885119,7,7,0
7480179,7885119,8,8,0
7480179,7885119,9,9,0
7480179,7885119,10,10,0
7480179,7885119,11,11,0
7480179,7885119,12,12,0
7480179,7885119,13,13,0
7612773,8172757,4,5,-1
7612773,8172757,8,9,-1
6560032,8363208,4,1,3
7455688,8435261,3,2,1
7455688,8435261,10,12,-2
5569477,7115288,1,5,-4
5569477,7115288,2,4,-2
5569477,7115288,4,2,2
5102198,6880894,1,2,-1
5102198,6880894,5,9,-4
4710172,8092489,11,5,6
4683954,7938181,3,2,1
4683954,7938181,12,5,7
6069939,7062544,4,1,3
4143814,4601281,9,2,7
4143814,4601281,10,5,5
7002619,7557824,2,4,-2
7002619,7557824,12,3,9
4520300,6144198,12,3,9
5522881,8747453,2,1,1
5522881,8747453,3,6,-3
4714108,8464530,3,8,-5
4714108,8464530,9,6,3
5270227,6365476,3,6,-3
5270227,6365476,7,9,-2
4073152,4311274,1,8,-7
4073152,4311274,2,3,-1
4183425,4811614,1,3,-2
4183425,4811614,2,2,0
4183425,4811614,9,8,1
4183425,4811614,13,4,9
7128459,7876397,1,12,-11
7128459,7876397,2,1,1
7128459,7876397,4,3,1
7128459,7876397,8,4,4
6259913,7136620,1,1,0
7276585,8562991,7,10,-3
7276585,8562991,9,5,4
7276585,8562991,10,7,3
5174179,6371493,7,3,4
6488715,8449603,6,8,-2
6488715,8449603,13,9,4
4753458,5131691,8,7,1
8503530,8705895,5,5,0
8503530,8705895,7,4,3
8503530,8705895,9,1,8
8282554,8444562,4,6,-2
8282554,8444562,10,4,6
6446114,8447821,2,10,-8
6446114,8447821,4,1,3
6446114,8447821,6,11,-5
6446114,8447821,7,9,-2
6446114,8447821,13,4,9
5404021,8043033,1,1,0
5404021,8043033,4,4,0
5591197,7655032,1,2,-1
5591197,7655032,9,9,0
7751367,8680963,5,4,1
4013148,6238017,2,11,-9
4013148,6238017,3,1,2
6313596,7039501,6,4,2
6313596,7039501,10,2,8
6309300,7666081,1,1,0
6309300,7666081,5,13,-8
6309300,7666081,6,2,4
4254763,6306085,2,10,-8
4254763,6306085,11,6,5
4093026,7866386,13,3,10
6200218,8142271,1,11,-10
6200218,8142271,2,2,0
6200218,8142271,9,6,3
4400504,5268474,2,1,1
4400504,5268474,3,6,-3
4938108,7237464,2,4,-2
4938108,7237464,12,5,7
4674509,5350410,4,5,-1
7470923,7675770,1,4,-3
7470923,7675770,2,2,0
7470923,7675770,3,1,2
6665454,7009623,4,13,-9
6665454,7009623,9,12,-3
6665454,7009623,11,10,1
7736427,8282719,2,1,1
7736427,8282719,6,3,3
7736427,8282719,10,12,-2
7736427,8282719,12,6,6
4206608,6933627,6,2,4
4206608,6933627,12,12,0
6488680,7156843,1,3,-2
6488680,7156843,3,5,-2
6488680,7156843,10,13,-3
6134264,6545533,1,13,-12
6134264,6545533,2,3,-1
6134264,6545533,4,5,-1
6134264,6545533,7,8,-1
5129388,8083772,4,3,1
4104495,4532390,2,7,-5
4104495,4532390,8,4,4
7770775,8205781,10,7,3
4988119,5236675,1,9,-8
5280219,6894245,1,1,0
5280219,6894245,2,7,-5
5280219,6894245,9,13,-4
6118784,6671262,6,3,3
7598683,8106602,2,11,-9
7598683,8106602,5,1,4
7598683,8106602,10,9,1
3971988,8305990,11,7,4
7219572,7293480,1,1,0
7219572,7293480,2,3,-1
6369192,7160492,4,5,-1
5031227,7847987,3,1,2
5031227,7847987,9,4,5
5031227,7847987,10,6,4
7369490,7706341,1,5,-4
7369490,7706341,13,2,11
4963486,6509179,1,1,0
4963486,6509179,6,3,3
4273387,4640555,1,1,0
4273387,4640555,7,4,3
4273387,4640555,12,9,3
5036930,5637936,1,3,-2
5036930,5637936,2,6,-4
5036930,5637936,8,10,-2
6444604,8742042,1,10,-9
6444604,8742042,2,6,-4
6444604,8742042,3,13,-10
5232549,6181060,2,4,-2
5232549,6181060,12,11,1
5581498,8077535,7,3,4
7381263,8505629,1,9,-8
7381263,8505629,3,2,1
7381263,8505629,5,10,-5
7381263,8505629,9,1,8
4168687,4541395,1,1,0
4168687,4541395,5,5,0
4168687,4541395,8,3,5
4168687,4541395,10,4,6
4678037,8056638,2,4,-2
4126619,5573854,2,12,-10
5417956,8722091,7,10,-3
6378344,6516641,2,1,1
6378344,6516641,3,2,1
6378344,6516641,7,5,2
6363651,7658032,1,3,-2
6363651,7658032,6,4,2
6175752,8306598,1,1,0
6175752,8306598,2,2,0
6175752,8306598,3,3,0
6175752,8306598,4,4,0
6175752,8306598,5,5,0
6175752,8306598,6,6,0
6175752,8306598,7,7,0
6175752,8306598,8,8,0
6175752,8306598,9,9,0
6175752,8306598,10,10,0
6175752,8306598,11,11,0
6175752,8306598,12,12,0
6175752,8306598,13,13,0
4923843,5178768,7,2,5
4923843,5178768,13,3,10
6457142,7822844,3,9,-6
5615585,8328217,6,9,-3
4977503,5636920,3,5,-2
4977503,5636920,4,4,0
5001169,6296667,3,7,-4
6185663,7849060,2,6,-4
6185663,7849060,5,11,-6
6185663,7849060,7,10,-3
4409364,5230935,5,13,-8
4409364,5230935,7,7,0
7120223,7661161,6,3,3
4523296,8267721,4,9,-5
4188447,4780100,8,11,-3
6225841,6380779,6,3,3
5109246,6139204,7,2,5
4559951,6136258,4,5,-1
6124787,8266465,3,12,-9
6124787,8266465,4,5,-1
6124787,8266465,5,10,-5
5121020,5329199,1,9,-8
5121020,5329199,11,11,0
4941120,6934728,10,1,9
5596347,6088019,8,4,4
5443456,6582455,1,5,-4
5443456,6582455,2,11,-9
5443456,6582455,7,4,3
7295050,7696795,1,4,-3
7295050,7696795,2,1,1
7295050,7696795,5,12,-7
7291673,8580290,1,1,0
5648387,7705177,4,4,0
4159700,6918358,3,7,-4
4159700,6918358,6,12,-6
4159700,6918358,9,1,8
5620414,7717685,7,10,-3
5620414,7717685,8,5,3
5161381,7337616,2,1,1
5161381,7337616,3,7,-4
5161381,7337616,9,3,6
5161381,7337616,13,2,11
4710811,6212663,3,1,2
4710811,6212663,8,4,4
7461696,8141637,5,6,-1
7461696,8141637,7,10,-3
6901751,7877988,1,6,-5
6901751,7877988,5,2,3
6901751,7877988,6,7,-1
6573463,7294799,1,2,-1
4128337,4409475,10,3,7
4693338,7033412,3,11,-8
4695377,5342519,2,1,1
4809938,6954942,3,2,1
4809938,6954942,4,3,1
6616547,8182364,1,2,-1
6616547,8182364,2,1,1
4572543,6550810,1,1,0
4572543,6550810,3,2,1
4572543,6550810,7,5,2
4890760,7374528,6,2,4
6146632,6521776,1,3,-2
6146632,6521776,7,9,-2
5591179,8241204,5,6,-1
5591179,8241204,11,12,-1
5208855,7146254,10,9,1
6148387,7434263,7,5,2
6148387,7434263,11,12,-1
5549476,7905725,5,3,2
7297977,8525304,3,2,1
7297977,8525304,8,4,4
6092466,8196497,1,1,0
6195063,7209091,2,1,1
6195063,7209091,7,3,4
6195063,7209091,13,7,6
5391171,8574235,9,8,1
7182497,7837370,3,12,-9
7182497,7837370,7,1,6
7267858,8110286,1,13,-12
7267858,8110286,7,11,-4
7267858,8110286,10,12,-2
4156751,7041365,7,8,-1
4248352,5582302,8,3,5
6531831,7719206,2,1,1
4402415,4620638,5,3,2
4402415,4620638,8,2,6
6360597,7983876,3,1,2
6360597,7983876,5,8,-3
6360597,7983876,10,12,-2
6308978,6626443,1,1,0
6263456,8191074,1,1,0
6263456,8191074,5,5,0
6263456,8191074,12,4,8
4609267,4887886,1,2,-1
5424517,6960748,1,13,-12
5424517,6960748,12,11,1
5273533,7717884,3,4,-1
5384776,5479477,5,4,1
4465168,5035312,1,1,0
4465168,5035312,2,3,-1
4465168,5035312,3,7,-4
4465168,5035312,5,2,3
7110355,7613201,2,4,-2
7110355,7613201,7,5,2
5136139,7138601,1,2,-1
5136139,7138601,2,1,1
5136139,7138601,6,10,-4
4828758,5011250,1,2,-1
4828758,5011250,2,8,-6
5501059,8091273,1,1,0
5501059,8091273,7,5,2
5501059,8091273,8,8,0
5501059,8091273,9,13,-4
6063597,7276583,2,11,-9
6063597,7276583,7,3,4
6063597,7276583,13,12,1
6130781,8736961,8,10,-2
6130781,8736961,9,1,8
6130781,8736961,13,5,8
5194345,6268091,6,3,3
5194345,6268091,12,6,6
6480182,7079305,12,1,11
6087953,8004392,1,4,-3
6087953,8004392,2,6,-4
6087953,8004392,9,8,1
4872083,6252756,1,5,-4
4872083,6252756,4,7,-3
4609322,5156520,1,12,-11
4609322,5156520,3,4,-1
4609322,5156520,4,2,2
4609322,5156520,8,1,7
4609322,5156520,11,7,4
6591051,8731361,7,11,-4
6077760,7095659,8,8,0
6077760,7095659,9,10,-1
4681864,6495724,2,6,-4
4681864,6495724,3,13,-10
4681864,6495724,4,2,2
4681864,6495724,6,9,-3
4519017,5249105,1,4,-3
4519017,5249105,2,11,-9
4519017,5249105,4,3,1
4519017,5249105,11,2,9
6324235,7929718,1,11,-10
6324235,7929718,6,7,-1
5636906,6402253,3,1,2
6527767,8632533,9,5,4
4047568,4550781,2,8,-6
4047568,4550781,3,1,2
4047568,4550781,4,10,-6
4047568,4550781,5,2,3
4047568,4550781,11,5,6
4047568,4550781,12,13,-1
6177836,8259641,8,3,5
4914379,5648974,1,2,-1
4914379,5648974,7,5,2
6154899,7654974,1,1,0
6154899,7654974,4,11,-7
4691627,4875601,7,9,-2
7242119,8508085,4,1,3
7242119,8508085,7,9,-2
7242119,8508085,9,2,7
7242119,8508085,10,11,-1
4465423,4705179,1,1,0
4465423,4705179,4,5,-1
4465423,4705179,7,9,-2
4465423,4705179,9,6,3
6471527,7661970,1,7,-6
5106366,6632214,1,8,-7
5106366,6632214,3,7,-4
5137470,8563861,1,1,0
5137470,8563861,2,2,0
5137470,8563861,4,6,-2
5137470,8563861,10,13,-3
4753222,8641602,6,1,5
4334539,7992758,11,6,5
4552157,4896671,3,1,2
4552157,4896671,4,2,2
4395235,7632100,7,3,4
5145684,7053109,9,9,0
6649531,8703397,4,2,2
4563928,6986300,1,1,0
4563928,6986300,3,2,1
4563928,6986300,6,13,-7
4563928,6986300,9,3,6
4177618,7263810,2,2,0
4177618,7263810,3,12,-9
4177618,7263810,5,5,0
4177618,7263810,12,11,1
7365828,7580112,2,11,-9
7365828,7580112,6,13,-7
7365828,7580112,7,7,0
5549829,8323499,1,4,-3
4143458,4370802,1,1,0
4143458,4370802,2,3,-1
4143458,4370802,4,6,-2
4143458,4370802,5,5,0
4143458,4370802,6,2,4
4143458,4370802,7,7,0
6223669,7191724,2,2,0
4381748,4485794,5,3,2
5410706,6408334,1,12,-11
5410706,6408334,2,2,0
5410706,6408334,7,3,4
5410706,6408334,9,1,8
5332511,7203977,7,4,3
5332511,7203977,8,8,0
4355092,4743533,7,10,-3
4355092,4743533,11,12,-1
5643060,7210985,1,1,0
5643060,7210985,6,4,2
6067178,6545779,3,12,-9
6067178,6545779,4,13,-9
6067178,6545779,10,2,8
6915170,7823767,4,1,3
7225188,8326819,5,3,2
6547256,7827797,4,6,-2
7273499,8579985,1,5,-4
7273499,8579985,8,1,7
4154341,4492417,1,12,-11
4154341,4492417,2,2,0
4154341,4492417,12,10,2
4154341,4492417,13,11,2
6526161,8083152,4,3,1
6129675,8682407,5,9,-4
4494141,4620313,3,1,2
4494141,4620313,10,3,7
5421423,6883624,4,4,0
5421423,6883624,6,6,0
5421423,6883624,10,1,9
6406442,7104966,3,2,1
5577506,8231535,2,6,-4
5577506,8231535,5,5,0
5577506,8231535,6,7,-1
5577506,8231535,9,4,5
7239684,8238517,7,4,3
4172993,7268533,10,1,9
4454461,7084591,3,2,1
4454461,7084591,4,3,1
4454461,7084591,6,1,5
6069386,7115958,1,1,0
6069386,7115958,5,9,-4
6069386,7115958,11,5,6
4818173,5142930,2,9,-7
6339819,8620881,2,10,-8
7580260,8279596,1,3,-2
7580260,8279596,3,1,2
7580260,8279596,5,7,-2
7580260,8279596,11,6,5
6539087,7062025,2,7,-5
6539087,7062025,4,2,2
6539087,7062025,5,8,-3
6664478,7901227,3,8,-5
6664478,7901227,5,11,-6
6398185,6986364,3,6,-3
6398185,6986364,4,1,3
6398185,6986364,8,9,-1
5373368,5570464,1,1,0
5373368,5570464,6,3,3
5373368,5570464,10,10,0
7134703,7597375,1,1,0
7134703,7597375,2,3,-1
7134703,7597375,6,2,4
7134703,7597375,11,4,7
7134703,7597375,13,7,6
7899671,8352261,4,3,1
5547740,6653170,8,2,6
5597579,8679159,2,1,1
4076129,4305514,1,1,0
4076129,4305514,2,2,0
4076129,4305514,3,3,0
4076129,4305514,4,12,-8
4076129,4305514,9,5,4
4076129,4305514,10,11,-1
4689528,4849680,2,6,-4
3942235,4203187,3,8,-5
3942235,4203187,5,7,-2
3942235,4203187,6,2,4
5359391,7557938,2,13,-11
5359391,7557938,5,5,0
5280594,5559990,2,3,-1
5280594,5559990,13,7,6
6845908,7661146,1,3,-2
6845908,7661146,6,5,1
5526353,7085261,1,5,-4
5526353,7085261,11,4,7
4870557,5574631,5,5,0
4870557,5574631,11,7,4
4924589,6078057,11,11,0
6480733,7392084,11,10,1
6480733,7392084,12,5,7
7348439,7563817,1,1,0
7348439,7563817,2,5,-3
7348439,7563817,3,2,1
7348439,7563817,4,3,1
7348439,7563817,5,7,-2
7348439,7563817,6,11,-5
7348439,7563817,7,12,-5
7348439,7563817,8,13,-5
4081355,4428829,2,1,1
7337842,8586512,1,1,0
7337842,8586512,2,7,-5
7337842,8586512,6,6,0
7337842,8586512,12,10,2
5550358,8446884,9,9,0
4451171,5246306,1,2,-1
4451171,5246306,7,13,-6
4231372,8556890,2,1,1
4694407,8639053,1,13,-12
4694407,8639053,6,1,5
5167890,6613203,5,6,-1
5632267,8326416,2,7,-5
7960313,8011317,1,1,0
7960313,8011317,12,6,6
4814533,6908543,1,4,-3
4814533,6908543,9,9,0
6166708,7659859,5,3,2
6166708,7659859,7,5,2
4100010,4643790,13,8,5
6190289,7448986,2,2,0
6215682,7016192,8,6,2
5156029,6434981,2,2,0
4485971,6077362,4,3,1
4697994,7207782,8,3,5
4697994,7207782,9,4,5
4697994,7207782,13,2,11
5087566,7723097,1,2,-1
5087566,7723097,5,8,-3
5568390,5640297,11,11,0
4862037,8614640,6,1,5
4862037,8614640,12,5,7
4874100,7789249,6,7,-1
6538129,7411068,2,2,0
6538129,7411068,3,4,-1
6538129,7411068,4,5,-1
6538129,7411068,5,8,-3
6538129,7411068,6,9,-3
6538129,7411068,9,11,-2
7202120,8741721,1,5,-4
7202120,8741721,3,2,1
7202120,8741721,5,8,-3
7202120,8741721,8,9,-1
6155771,6843395,10,13,-3
5226321,7293460,1,3,-2
5226321,7293460,11,7,4
4722937,8574610,9,8,1
5550564,6664950,2,2,0
5550564,6664950,3,5,-2
7280721,7925172,1,2,-1
7280721,7925172,9,12,-3
5414445,6281881,1,10,-9
5414445,6281881,2,6,-4
5414445,6281881,4,7,-3
4112345,4240083,5,2,3
4112345,4240083,7,5,2
6093172,8260558,12,1,11
5643817,7135707,1,2,-1
5643817,7135707,4,1,3
5643817,7135707,8,6,2
5615604,6526873,2,1,1
5615604,6526873,4,2,2
7536350,8527409,3,2,1
7536350,8527409,5,7,-2
4776679,6934092,5,1,4
4776679,6934092,7,8,-1
4047645,7832395,9,3,6
4047645,7832395,11,12,-1
6170745,7099850,1,11,-10
6170745,7099850,2,6,-4
6170745,7099850,3,3,0
4333224,7615809,3,1,2
5389958,7985286,1,3,-2
5389958,7985286,13,7,6
5434397,6068192,1,5,-4
5434397,6068192,11,1,10
7191391,8428484,12,3,9
6080287,6946054,4,5,-1
6080287,6946054,5,13,-8
5645617,6852414,1,1,0
5645617,6852414,3,12,-9
5645617,6852414,8,3,5
7012482,8195118,4,2,2
6149063,7588190,4,8,-4
6461331,7789859,5,2,3
6249453,7532504,1,10,-9
6249453,7532504,2,5,-3
6249453,7532504,10,6,4
7297236,8722924,5,1,4
4042673,8741010,1,5,-4
6496218,7623098,5,6,-1
5006909,6449186,5,2,3
5006909,6449186,9,7,2
6980851,8591430,7,5,2
5227612,5563400,2,1,1
6965956,7418545,2,2,0
4746988,5097363,1,2,-1
4746988,5097363,13,5,8
4945394,8729628,1,3,-2
4945394,8729628,3,6,-3
4945394,8729628,4,2,2
4641315,4989215,4,1,3
7968486,8259434,1,3,-2
7968486,8259434,2,7,-5
7968486,8259434,3,1,2
7077402,7797829,2,1,1
7077402,7797829,4,2,2
7077402,7797829,6,9,-3
4679404,6857285,8,3,5
7619886,8155520,4,2,2
4795232,5056884,11,2,9
7170439,8487794,9,12,-3
7170439,8487794,12,8,4
4494230,6907041,1,1,0
4494230,6907041,4,3,1
6134535,7813995,1,3,-2
6134535,7813995,13,6,7
4992397,7309674,3,3,0
4992397,7309674,5,1,4
4074718,6122549,4,13,-9
6502992,6857189,2,1,1
6502992,6857189,3,2,1
6502992,6857189,6,5,1
6502992,6857189,7,3,4
6654833,7266626,1,3,-2
6654833,7266626,3,2,1
6654833,7266626,5,4,1
6654833,7266626,7,5,2
4135243,4445223,1,7,-6
4135243,4445223,7,5,2
4135243,4445223,8,8,0
6246453,7088402,5,8,-3
6671526,7706896,11,7,4
6077163,7722459,3,5,-2
6077163,7722459,4,4,0
5624187,6099162,11,3,8
4364778,6451644,1,1,0
4917830,5059353,1,1,0
4917572,7616440,1,2,-1
4917572,7616440,3,5,-2
6355153,7084064,3,4,-1
6355153,7084064,11,7,4
4369735,4688519,3,5,-2
4369735,4688519,5,9,-4
7126470,7650135,7,12,-5
6219706,6996058,2,12,-10
6219706,6996058,6,8,-2
6244809,8041459,1,13,-12
6244809,8041459,7,3,4
6183064,6515253,3,1,2
6183064,6515253,12,2,10
3950453,5051485,2,7,-5
3950453,5051485,13,10,3
5100402,7718212,2,4,-2
4915760,5354602,4,12,-8
4915760,5354602,8,5,3
4915760,5354602,13,9,4
4604961,5007482,1,6,-5
5395116,5582550,1,1,0
6269504,7191483,6,1,5
6066325,8338375,2,12,-10
4765192,5107711,2,2,0
4765192,5107711,6,3,3
4833886,6883322,4,3,1
4833886,6883322,7,6,1
4833886,6883322,8,10,-2
4833886,6883322,10,8,2
4833886,6883322,11,4,7
4833886,6883322,12,1,11
6295475,7058454,2,3,-1
6295475,7058454,3,5,-2
6295475,7058454,8,2,6
6295475,7058454,11,8,3
4427848,4716583,2,4,-2
4427848,4716583,3,12,-9
4427848,4716583,7,10,-3
6362732,7705718,4,2,2
4956359,5151418,1,1,0
4956359,5151418,2,3,-1
4956359,5151418,3,12,-9
4956359,5151418,4,6,-2
4956359,5151418,7,2,5
4956359,5151418,11,5,6
7625710,8257707,8,9,-1
7625710,8257707,9,3,6
7625710,8257707,11,10,1
7625710,8257707,12,12,0
6132645,7857999,1,4,-3
6132645,7857999,5,1,4
6132645,7857999,6,11,-5
6132645,7857999,7,10,-3
6132645,7857999,10,6,4
6517526,8691216,7,13,-6
6270015,8640466,2,3,-1
4902340,5059239,3,4,-1
4902340,5059239,4,3,1
6661113,7988320,5,2,3
5377428,6067726,1,7,-6
5377428,6067726,4,1,3
5377428,6067726,10,4,6
6360027,8160390,2,10,-8
6360027,8160390,7,1,6
4549349,8424607,1,3,-2
4549349,8424607,2,1,1
4549349,8424607,5,7,-2
4751819,8282790,11,7,4
4249388,6301904,1,1,0
6086591,8608777,3,5,-2
6086591,8608777,5,3,2
6086591,8608777,6,6,0
6086591,8608777,7,4,3
4488927,4684419,3,9,-6
4488927,4684419,4,6,-2
4143297,7611393,1,4,-3
4532395,6468677,4,1,3
4532395,6468677,12,3,9
5198957,6671149,5,4,1
6331179,7419499,3,6,-3
6331179,7419499,7,5,2
4681279,6570627,3,10,-7
4681279,6570627,10,5,5
5420525,7161379,8,4,4
5139486,6179826,1,9,-8
7072475,7818078,4,4,0
7072475,7818078,11,13,-2
6149787,8287820,1,6,-5
3979274,6975893,4,12,-8
3979274,6975893,9,8,1
7193433,8001511,9,12,-3
7611518,8262704,8,13,-5
7611518,8262704,13,5,8
5652888,6970869,3,12,-9
6409733,8037591,8,3,5
6448772,7053743,1,2,-1
6448772,7053743,5,13,-8
7562707,8414569,9,13,-4
7131583,8595508,11,13,-2
4697149,5081992,8,6,2
4697149,5081992,10,10,0
5015247,6447512,1,7,-6
5015247,6447512,2,11,-9
5015247,6447512,4,5,-1
5015247,6447512,5,4,1
5015247,6447512,8,6,2
5015247,6447512,9,10,-1
4874803,5068356,2,7,-5
4874803,5068356,4,8,-4
4874803,5068356,7,12,-5
4874803,5068356,12,6,6
4296501,4636210,1,1,0
4296501,4636210,3,5,-2
4296501,4636210,4,2,2
4296501,4636210,5,7,-2
6865685,7913246,3,10,-7
5178620,8396548,9,10,-1
5178620,8396548,13,2,11
6094598,7778703,3,6,-3
8068470,8687642,6,6,0
8068470,8687642,7,5,2
8068470,8687642,8,7,1
8068470,8687642,12,12,0
5524826,7066150,1,5,-4
5524826,7066150,2,1,1
5524826,7066150,3,3,0
5524826,7066150,5,2,3
5524826,7066150,6,6,0
5524826,7066150,10,9,1
5524826,7066150,13,4,9
5499395,6317002,4,10,-6
5499395,6317002,8,1,7
5481489,7003540,7,5,2
6371636,8106347,11,2,9
5313514,8054990,1,1,0
5313514,8054990,7,2,5
7304634,8034209,3,10,-7
6412004,6628775,3,5,-2
5103871,6846588,10,9,1
4436140,6655445,9,9,0
6550240,7072758,8,1,7
6550240,7072758,13,2,11
5007209,8393933,2,1,1
5007209,8393933,3,4,-1
5007209,8393933,5,5,0
5007209,8393933,12,12,0
4196632,6505516,2,1,1
4196632,6505516,3,6,-3
4196632,6505516,9,4,5
4206401,5237307,2,3,-1
6646316,8358816,4,4,0
6646316,8358816,13,7,6
5325403,6937677,4,11,-7
6857009,7694228,1,13,-12
6857009,7694228,11,8,3
7055602,7703513,6,3,3
7055602,7703513,9,12,-3
6514895,7042316,1,2,-1
6514895,7042316,3,7,-4
6879265,8255229,5,12,-7
6879265,8255229,11,4,7
4228419,7307547,2,1,1
4228419,7307547,10,4,6
5255675,6634360,12,9,3
7236832,8676332,5,1,4
7236832,8676332,7,2,5
5610625,8040588,2,2,0
6372868,8557935,1,1,0
6298167,6546143,4,12,-8
6298167,6546143,7,9,-2
7047227,8423422,1,1,0
4267113,4332732,1,1,0
4267113,4332732,4,5,-1
4267113,4332732,12,7,5
4267113,4332732,13,4,9
5179720,5625672,12,4,8
5460940,6376195,4,2,2
4816923,4945238,11,1,10
7590193,8019036,1,2,-1
7590193,8019036,2,7,-5
7590193,8019036,4,8,-4
7590193,8019036,5,1,4
7590193,8019036,10,12,-2
4428994,5489331,6,2,4
4428994,5489331,8,4,4
5069828,6822113,6,9,-3
5069828,6822113,8,4,4
5069828,6822113,9,5,4
4754500,5029343,13,9,4
5242633,7067444,1,3,-2
5242633,7067444,11,13,-2
6414733,7311228,1,1,0
6414733,7311228,2,2,0
6414733,7311228,10,11,-1
7957606,8687912,1,3,-2
7957606,8687912,2,1,1
7957606,8687912,3,9,-6
7957606,8687912,5,12,-7
6291763,7622667,8,4,4
7400586,7680250,2,1,1
5045552,7754887,5,11,-6
5502077,8557280,1,5,-4
5502077,8557280,2,13,-11
5502077,8557280,6,7,-1
5502077,8557280,9,4,5
6628302,7424678,2,9,-7
4215193,4558331,11,13,-2
4219126,4803136,10,9,1
4252262,5094383,1,8,-7
4252262,5094383,2,4,-2
4252262,5094383,4,7,-3
4252262,5094383,12,5,7
4599530,4758758,10,8,2
5026916,6495696,1,4,-3
5026916,6495696,9,2,7
5026916,6495696,10,5,5
4059238,4826091,5,4,1
6539308,7852259,3,13,-10
7029935,8362681,2,9,-7
7029935,8362681,9,10,-1
4501141,6405591,1,1,0
4501141,6405591,4,9,-5
4501141,6405591,10,7,3
4635928,6146315,1,1,0
4635928,6146315,3,9,-6
4609855,5631531,13,10,3
6248401,8187723,1,3,-2
6248401,8187723,11,1,10
6399520,8017470,5,3,2
6399520,8017470,6,8,-2
6399520,8017470,11,2,9
4012141,6308891,3,2,1
6401401,7451571,1,1,0
6488984,7465358,7,5,2
5365426,8226543,6,3,3
5063207,5219851,1,1,0
5063207,5219851,2,2,0
5063207,5219851,3,8,-5
5063207,5219851,4,4,0
5063207,5219851,5,11,-6
5063207,5219851,6,12,-6
5063207,5219851,8,5,3
5063207,5219851,10,7,3
5063207,5219851,12,10,2
4194146,4677363,1,2,-1
4194146,4677363,2,1,1
4194146,4677363,4,4,0
4194146,4677363,9,7,2
4194146,4677363,10,3,7
4273793,4744997,3,1,2
4273793,4744997,6,6,0
4273793,4744997,7,2,5
5233607,6343084,5,1,4
7212868,8055354,1,6,-5
7212868,8055354,4,1,3
7212868,8055354,7,8,-1
7212868,8055354,10,3,7
7212868,8055354,13,4,9
5454244,6539757,3,6,-3
5454244,6539757,10,10,0
5154483,7322716,3,3,0
5154483,7322716,4,1,3
4879557,7663510,2,6,-4
4879557,7663510,4,4,0
4867283,7182184,2,1,1
4867283,7182184,11,2,9
4867283,7182184,12,3,9
6073332,7169239,3,1,2
6320495,8152633,6,2,4
6320495,8152633,11,1,10
4421660,4945121,4,7,-3
4421660,4945121,7,4,3
4845533,7087919,4,2,2
7653884,8541879,10,4,6
4443551,8025792,2,1,1
4924944,6513603,1,2,-1
4924944,6513603,4,13,-9
4401280,8262861,2,2,0
4401280,8262861,3,1,2
6096224,8021618,3,4,-1
5138862,5271259,1,7,-6
5138862,5271259,7,10,-3
4038568,6496047,1,2,-1
4038568,6496047,5,5,0
4038568,6496047,9,1,8
7870643,8251431,1,12,-11
4152499,5294234,6,9,-3
3983273,4524492,3,1,2
3983273,4524492,5,10,-5
7710767,8050079,1,4,-3
7710767,8050079,2,6,-4
7710767,8050079,11,10,1
7426128,8750019,2,5,-3
7426128,8750019,7,4,3
5416342,7405094,4,2,2
5416342,7405094,7,1,6
6679584,7686440,11,10,1
4849812,7054494,13,1,12
5177796,7831885,2,1,1
5177796,7831885,7,11,-4
6988574,8186940,6,12,-6
6988574,8186940,12,9,3
7128756,8545547,4,12,-8
7128756,8545547,7,8,-1
7128756,8545547,9,9,0
5225538,8415455,11,11,0
5074683,5347122,8,11,-3
4849682,7839121,1,2,-1
4849682,7839121,2,3,-1
4849682,7839121,10,13,-3
7885264,8499051,3,3,0
5092718,7600952,1,1,0
5092718,7600952,2,5,-3
5092718,7600952,6,3,3
4453516,4811713,1,1,0
4453516,4811713,5,10,-5
4453516,4811713,9,6,3
4453516,4811713,11,3,8
4453516,4811713,12,5,7
8328334,8733893,5,11,-6
4674246,7555871,8,1,7
4674246,7555871,11,3,8
4566620,5647526,1,8,-7
4566620,5647526,2,1,1
4566620,5647526,3,9,-6
4566620,5647526,4,2,2
4566620,5647526,5,10,-5
6233847,7854075,2,1,1
6233847,7854075,9,7,2
6380999,8360878,2,4,-2
6380999,8360878,12,7,5
6066158,7459080,10,2,8
4538230,8265810,9,5,4
7584338,8290915,2,4,-2
7584338,8290915,6,6,0
4815246,5261189,4,3,1
4815246,5261189,13,4,9
4423941,5225941,13,3,10
6412863,8683666,3,3,0
6037663,6555457,2,1,1
6037663,6555457,5,8,-3
6212660,8719528,4,2,2
5021111,6149755,2,4,-2
6648496,7102172,1,1,0
6648496,7102172,5,12,-7
5021679,7761274,6,10,-4
5021679,7761274,7,4,3
5065786,8006523,1,1,0
4754252,4952901,1,1,0
4754252,4952901,2,2,0
4754252,4952901,3,11,-8
4754252,4952901,4,4,0
4754252,4952901,5,10,-5
4754252,4952901,6,6,0
4754252,4952901,10,3,7
6399177,7755038,4,5,-1
6399177,7755038,11,2,9
6945560,7988190,1,1,0
6945560,7988190,5,12,-7
6945560,7988190,7,9,-2
6945560,7988190,10,4,6
5114706,8029772,5,11,-6
5114706,8029772,12,1,11
6428293,7722339,6,9,-3
6985051,8575820,2,8,-6
5485221,7818763,1,3,-2
7732542,8268944,1,5,-4
7732542,8268944,5,3,2
7732542,8268944,6,7,-1
7732542,8268944,7,8,-1
7732542,8268944,8,1,7
7732542,8268944,11,12,-1
7732542,8268944,12,4,8
4931231,8691121,5,10,-5
4931231,8691121,6,8,-2
7169144,8663214,11,11,0
6568087,7150102,1,7,-6
6568087,7150102,3,2,1
6568087,7150102,4,1,3
4665262,5171919,2,6,-4
4665262,5171919,3,7,-4
5571576,8414747,3,5,-2
5571576,8414747,6,4,2
5571576,8414747,9,7,2
7831427,8352245,5,4,1
7831427,8352245,13,13,0
5248249,7968626,4,3,1
5248249,7968626,6,9,-3
6256407,7391897,2,6,-4
6256407,7391897,4,1,3
6256407,7391897,10,2,8
4922268,5255009,4,5,-1
4922268,5255009,6,1,5
4922268,5255009,8,7,1
4922268,5255009,12,9,3
7209473,8260252,9,10,-1
7209473,8260252,12,12,0
5601034,7695172,3,3,0
5601034,7695172,9,5,4
5601034,7695172,10,9,1
5307964,6883688,2,9,-7
5307964,6883688,3,3,0
5307964,6883688,6,12,-6
5574845,7111115,11,3,8
7308712,8266699,1,2,-1
7308712,8266699,2,1,1
6513139,7865802,3,5,-2
6513139,7865802,7,8,-1
5404128,7292027,2,13,-11
5404128,7292027,3,3,0
3979949,4317373,1,2,-1
6416089,8469410,1,1,0
6519573,8738457,7,10,-3
5504747,6356530,9,10,-1
7415297,8731646,1,4,-3
5594507,7639804,7,13,-6
5594507,7639804,9,5,4
4878144,8664961,4,5,-1
4448532,8204297,1,2,-1
6199106,7831241,2,7,-5
6199106,7831241,3,12,-9
6199106,7831241,4,5,-1
4829570,8428273,3,1,2
4829570,8428273,13,2,11
4228818,4664017,2,5,-3
4228818,4664017,5,1,4
4228818,4664017,6,9,-3
4228818,4664017,9,12,-3
4228818,4664017,11,2,9
4457473,5204796,7,1,6
6258757,7687440,2,6,-4
6258757,7687440,7,2,5
5313943,6283988,10,3,7
5173637,6254318,1,1,0
6344620,8263889,7,4,3
6330659,7415596,13,10,3
6504571,7673229,1,5,-4
6331905,7058730,6,3,3
4370628,7733191,4,1,3
4370628,7733191,13,3,10
4871743,5641774,12,11,1
6150727,8338829,1,12,-11
6150727,8338829,7,2,5
4817358,8430983,1,1,0
4817358,8430983,2,5,-3
4817358,8430983,10,12,-2
6473748,7080085,11,9,2
4309198,8252074,1,5,-4
5416492,7528786,10,3,7
5274642,7088713,2,1,1
4918555,5135818,1,3,-2
4918555,5135818,7,6,1
4918555,5135818,12,4,8
6759984,8576125,10,2,8
5640324,7653471,2,3,-1
5640324,7653471,9,5,4
4772530,8669302,11,11,0
5335932,7658412,5,11,-6
5335932,7658412,13,1,12
7079982,8036788,12,3,9
4449551,8505579,2,3,-1
6079437,7694934,1,1,0
6079437,7694934,2,4,-2
7743033,7900015,5,5,0
7743033,7900015,8,10,-2
4102698,4501723,1,1,0
4916329,5070251,1,1,0
4916329,5070251,4,9,-5
4916329,5070251,8,7,1
5377991,6547245,1,13,-12
5377991,6547245,3,1,2
5377991,6547245,6,7,-1
7044066,8092127,1,2,-1
7044066,8092127,8,13,-5
5162082,7419731,3,11,-8
4625994,4852905,1,1,0
4625994,4852905,3,3,0
4625994,4852905,4,5,-1
4625994,4852905,5,4,1
4625994,4852905,6,12,-6
5132107,5656258,12,1,11
4366574,4709382,1,2,-1
4366574,4709382,3,7,-4
4366574,4709382,9,3,6
7065429,8141599,3,8,-5
8504713,8655986,4,1,3
5656298,8629151,4,13,-9
5656298,8629151,7,12,-5
5656298,8629151,8,4,4
5141252,5419587,5,10,-5
6233684,7073199,2,2,0
6233684,7073199,5,13,-8
6233684,7073199,10,3,7
4320504,7668095,2,8,-6
6842229,8657597,1,5,-4
6842229,8657597,2,1,1
6842229,8657597,4,6,-2
4209013,4888004,5,3,2
7412411,7751801,6,9,-3
6186072,8568541,10,6,4
6264203,7617963,5,4,1
6264203,7617963,6,9,-3
6264203,7617963,7,11,-4
6264203,7617963,9,2,7
4813907,6482064,2,1,1
6980970,8413896,2,8,-6
6980970,8413896,3,1,2
6980970,8413896,9,7,2
6980970,8413896,10,12,-2
5593526,8283570,4,2,2
5593526,8283570,11,4,7
5593526,8283570,12,6,6
7430514,8010390,1,2,-1
7430514,8010390,2,1,1
7430514,8010390,10,11,-1
4768886,5332316,3,5,-2
4768886,5332316,6,2,4
4987694,7954272,6,1,5
4056492,4383062,2,12,-10
4056492,4383062,4,13,-9
6404762,7792909,1,6,-5
5450512,6597825,2,5,-3
5450512,6597825,4,10,-6
5450512,6597825,11,1,10
4838857,8025658,1,3,-2
4838857,8025658,10,13,-3
5209756,6616669,1,7,-6
4024301,4719089,1,9,-8
4024301,4719089,2,3,-1
4024301,4719089,6,1,5
4024301,4719089,13,4,9
6560273,7236515,1,1,0
6560273,7236515,3,3,0
6560273,7236515,7,2,5
6560273,7236515,10,5,5
7167747,8265737,1,2,-1
7167747,8265737,4,6,-2
7016845,8423635,2,5,-3
7016845,8423635,9,2,7
5055252,6477816,4,2,2
4388572,7847494,1,9,-8
4388572,7847494,2,1,1
4388572,7847494,5,11,-6
8103025,8624386,5,4,1
8103025,8624386,12,6,6
4565125,7950325,2,6,-4
6171246,7727154,4,2,2
6171246,7727154,5,5,0
6171246,7727154,6,6,0
5112460,7381317,2,1,1
6947939,7886031,2,1,1
6947939,7886031,7,2,5
6947939,7886031,10,3,7
6125421,8717828,2,1,1
6125421,8717828,8,3,5
7598659,8004161,1,1,0
7598659,8004161,3,3,0
6461189,7959455,1,1,0
4276658,7779859,7,4,3
4405450,5449437,1,8,-7
4405450,5449437,4,3,1
4405450,5449437,13,2,11
7784020,8381160,6,7,-1
4325228,5477703,2,9,-7
4325228,5477703,3,1,2
4325228,5477703,5,5,0
4187481,8272893,1,2,-1
4187481,8272893,7,5,2
6442564,7870492,3,13,-10
4996127,7001702,1,1,0
4952554,6301774,1,3,-2
4952554,6301774,2,6,-4
4952554,6301774,11,1,10
7226480,8585767,3,1,2
5428784,8099670,4,4,0
4629967,5140253,1,8,-7
4629967,5140253,6,2,4
4629967,5140253,7,3,4
4629967,5140253,8,1,7
5291883,7463927,8,5,3
4220360,6331020,4,4,0
5484437,7651502,2,7,-5
5484437,7651502,3,10,-7
5484437,7651502,11,1,10
6136472,7482097,4,5,-1
6136472,7482097,5,8,-3
6136472,7482097,7,9,-2
6136472,7482097,8,2,6
6136472,7482097,9,13,-4
4678529,6895659,12,2,10
5159835,7444191,7,11,-4
5159835,7444191,13,9,4
5571170,7862609,5,1,4
5430329,7999379,7,5,2
5430329,7999379,10,12,-2
5430329,7999379,12,9,3
4786005,6903654,1,1,0
4786005,6903654,5,10,-5
4786005,6903654,10,5,5
7693341,8325248,2,2,0
6348932,8250603,9,1,8
6433998,7054143,9,7,2
6633300,7385612,1,8,-7
6633300,7385612,3,9,-6
6633300,7385612,6,12,-6
6633300,7385612,7,13,-6
6633300,7385612,12,7,5
4600321,5281037,5,5,0
4600321,5281037,6,2,4
6198460,6885343,1,2,-1
6909983,7436194,1,1,0
4571179,5399087,1,3,-2
4571179,5399087,3,1,2
4571179,5399087,8,8,0
4571179,5399087,9,4,5
4906701,8592541,9,13,-4
6292980,7124472,4,12,-8
6292980,7124472,6,1,5
6184049,7632093,7,2,5
6972011,8187240,2,1,1
6972011,8187240,10,13,-3
7229870,7696048,1,1,0
7229870,7696048,2,6,-4
6149283,8579470,1,2,-1
7222681,8570833,1,4,-3
7222681,8570833,3,3,0
7222681,8570833,6,6,0
6196936,6548193,11,2,9
7055556,7225798,2,8,-6
7055556,7225798,9,7,2
7055556,7225798,10,2,8
5243414,5594558,1,1,0
5243414,5594558,4,10,-6
5243414,5594558,13,6,7
6463839,8302521,1,2,-1
6463839,8302521,4,9,-5
6463839,8302521,13,7,6
6093156,8641643,9,1,8
6415307,7739354,2,1,1
6415307,7739354,3,2,1
6957596,7267205,6,1,5
6957596,7267205,9,2,7
6957596,7267205,10,12,-2
4019347,4156353,1,1,0
4019347,4156353,2,9,-7
4019347,4156353,4,3,1
4019347,4156353,5,6,-1
4019347,4156353,11,7,4
5168270,8059109,3,1,2
6278442,8064946,3,1,2
5063586,6081578,4,1,3
5063586,6081578,7,3,4
5063586,6081578,11,6,5
6171374,7404434,2,1,1
6171374,7404434,6,4,2
4691183,7357085,5,11,-6
4691183,7357085,11,12,-1
6969651,7720514,1,1,0
5069359,6164453,5,5,0
5069359,6164453,6,3,3
5069359,6164453,10,7,3
5069359,6164453,13,1,12
4786966,7859562,1,4,-3
4786966,7859562,3,1,2
5086850,8281859,1,3,-2
5086850,8281859,9,7,2
3942935,7959429,13,5,8
4697281,5337345,10,3,7
6124641,7651725,3,10,-7
6124641,7651725,7,4,3
4434439,8411202,2,6,-4
4434439,8411202,5,8,-3
4434439,8411202,6,2,4
4434439,8411202,12,7,5
5584835,8690898,1,1,0
5584835,8690898,5,6,-1
4757360,7670646,8,4,4
4757360,7670646,11,6,5
6190026,8061861,1,1,0
6190026,8061861,6,2,4
6312334,8100753,3,3,0
7224756,8412967,1,1,0
7224756,8412967,11,2,9
6977033,8641880,3,4,-1
6977033,8641880,4,9,-5
4818880,5218205,4,7,-3
4818880,5218205,11,10,1
6394596,8356815,13,7,6
5008751,5420640,1,3,-2
5008751,5420640,4,7,-3
5369720,6404962,2,5,-3
5369720,6404962,4,3,1
7355994,8588844,1,2,-1
7355994,8588844,4,5,-1
7355994,8588844,6,12,-6
7355994,8588844,7,13,-6
7355994,8588844,9,6,3
7355994,8588844,10,8,2
5047130,8500962,1,1,0
5047130,8500962,3,2,1
5504873,8326915,1,5,-4
5433529,8096782,12,7,5
5640542,7293199,3,7,-4
5640542,7293199,9,1,8
7421594,8350522,1,11,-10
7421594,8350522,3,12,-9
7421594,8350522,4,3,1
7220959,7638744,1,5,-4
7220959,7638744,2,1,1
7220959,7638744,3,12,-9
6261123,7244148,3,1,2
6261123,7244148,11,4,7
4091852,7066331,4,8,-4
6235365,8361615,8,10,-2
6235365,8361615,9,11,-2
5186170,7340299,2,3,-1
5186170,7340299,10,1,9
7340100,7734062,4,7,-3
7340100,7734062,7,3,4
4623826,7486489,1,2,-1
4623826,7486489,4,1,3
4623826,7486489,7,7,0
5265762,6240981,3,13,-10
5265762,6240981,7,4,3
6101272,7317843,3,3,0
6101272,7317843,11,6,5
6141754,8161286,5,13,-8
4378779,4674467,2,1,1
4378779,4674467,3,5,-2
4412631,7401032,6,5,1
4008418,4943761,1,4,-3
7375887,8259393,5,1,4
7375887,8259393,6,6,0
7375887,8259393,8,2,6
6373304,6873214,1,12,-11
6373304,6873214,2,13,-11
6373304,6873214,3,2,1
8386574,8700756,6,11,-5
8386574,8700756,10,8,2
5205555,6913532,4,2,2
5205555,6913532,5,4,1
4839738,5282026,5,7,-2
4839738,5282026,8,1,7
5631190,6849524,5,8,-3
5631190,6849524,8,5,3
5631190,6849524,13,2,11
6441558,8212466,1,2,-1
6441558,8212466,2,1,1
6441558,8212466,12,7,5
6353733,7422709,1,4,-3
6353733,7422709,2,7,-5
6353733,7422709,4,13,-9
4314995,7863033,1,1,0
4369119,8003584,9,2,7
4369119,8003584,13,6,7
4243249,6648282,8,3,5
4552879,8507519,3,10,-7
4552879,8507519,6,7,-1
4552879,8507519,8,9,-1
4552879,8507519,10,6,4
5348544,6443929,2,1,1
5348544,6443929,3,2,1
5348544,6443929,7,8,-1
5348544,6443929,8,4,4
7012807,7934539,2,1,1
7012807,7934539,5,4,1
7012807,7934539,12,2,10
7093780,8616470,4,5,-1
7105868,8207025,1,6,-5
7105868,8207025,3,2,1
6485723,7795022,1,4,-3
6485723,7795022,2,2,0
6485723,7795022,4,6,-2
6485723,7795022,7,11,-4
6485723,7795022,11,10,1
6485723,7795022,12,13,-1
5605401,6203207,5,6,-1
5605401,6203207,11,2,9
5605401,6203207,12,3,9
5605401,6203207,13,4,9
5065557,5252154,12,8,4
4293334,4355137,2,4,-2
4293334,4355137,4,6,-2
4293334,4355137,5,13,-8
3996102,4142936,7,1,6
4795248,8333470,3,5,-2
4795248,8333470,4,10,-6
5018130,5301055,3,7,-4
5018130,5301055,11,4,7
4573681,7607976,4,11,-7
4717346,5603629,6,4,2
5410328,8599108,1,1,0
5410328,8599108,2,2,0
5410328,8599108,3,5,-2
5600897,6513263,2,2,0
6857065,7225363,6,12,-6
6429852,7710393,12,2,10
6429852,7710393,13,1,12
4209052,4635695,4,1,3
4209052,4635695,5,13,-8
4209052,4635695,8,5,3
5481665,7761800,7,2,5
5481665,7761800,13,5,8
4851994,7693790,8,6,2
5396093,7049196,8,4,4
4946156,7942833,2,9,-7
4946156,7942833,4,5,-1
4256980,5151780,1,11,-10
4256980,5151780,2,13,-11
4256980,5151780,3,7,-4
6091951,7580999,3,4,-1
6091951,7580999,8,12,-4
6377287,8332782,1,2,-1
7462321,7805213,1,2,-1
5108723,5262139,2,5,-3
5108723,5262139,11,7,4
4142869,5151107,1,13,-12
4142869,5151107,4,3,1
4142869,5151107,7,11,-4
4822207,5228237,4,10,-6
4822207,5228237,8,2,6
4176251,4763012,3,1,2
5235598,6519472,1,3,-2
5235598,6519472,2,1,1
5235598,6519472,3,4,-1
5235598,6519472,9,10,-1
3989635,8470760,1,4,-3
3989635,8470760,2,2,0
4385864,5344160,3,12,-9
4385864,5344160,4,1,3
4838813,8313353,4,7,-3
6837827,8337212,10,11,-1
7047473,8171362,2,8,-6
7047473,8171362,10,7,3
7047473,8171362,12,5,7
4163249,4661987,3,6,-3
4163249,4661987,12,12,0
5190538,6096065,12,4,8
5502636,8560382,2,4,-2
5630049,7840728,2,1,1
5630049,7840728,3,2,1
4746478,5129728,1,2,-1
4746478,5129728,12,3,9
4701500,7144743,7,1,6
7762999,8409221,3,1,2
4698625,5598524,12,4,8
4421380,5103325,1,12,-11
4421380,5103325,13,10,3
4887604,5365567,12,1,11
5455863,6360091,1,8,-7
5455863,6360091,6,3,3
6223202,7418719,3,11,-8
6223202,7418719,8,7,1
6223202,7418719,9,8,1
6140144,6455927,2,9,-7
6140144,6455927,3,3,0
5307955,7422369,7,7,0
7168005,7814385,3,1,2
7168005,7814385,5,5,0
7168005,7814385,6,2,4
4097128,5089810,4,4,0
4097128,5089810,6,2,4
5448807,6663283,1,1,0
5448807,6663283,2,11,-9
5448807,6663283,6,5,1
7042029,8729528,1,8,-7
7042029,8729528,11,1,10
7042029,8729528,13,9,4
4644047,5373030,1,8,-7
4644047,5373030,4,11,-7
4372587,8573655,7,1,6
4286082,5419956,5,4,1
4286082,5419956,7,12,-5
4188512,4710596,2,1,1
4188512,4710596,3,2,1
4188512,4710596,4,9,-5
4188512,4710596,9,3,6
5491797,8207998,4,2,2
5491797,8207998,11,1,10
6454778,7878970,13,10,3
5403094,8568031,1,11,-10
5403094,8568031,4,1,3
5403094,8568031,6,3,3
6454414,8610814,1,10,-9
6454414,8610814,2,5,-3
6454414,8610814,4,1,3
6454414,8610814,5,9,-4
7200943,8689454,1,11,-10
7200943,8689454,4,1,3
7200943,8689454,9,13,-4
5599744,6548393,3,7,-4
4007479,4132856,3,3,0
4705812,8110232,7,10,-3
6081790,7668363,1,13,-12
6081790,7668363,10,11,-1
4436850,8434553,3,4,-1
4436850,8434553,8,5,3
6891192,8592271,3,7,-4
4074162,8546993,1,1,0
4074162,8546993,12,12,0
5367109,8101832,4,4,0
5367109,8101832,6,9,-3
5367109,8101832,7,6,1
4922220,6087914,2,4,-2
4922220,6087914,4,1,3
4457699,5125829,3,2,1
4457699,5125829,10,5,5
6264476,7101194,3,13,-10
6264476,7101194,10,4,6
6398783,8109934,1,8,-7
6398783,8109934,2,4,-2
6398783,8109934,3,9,-6
6398783,8109934,7,13,-6
6398783,8109934,8,10,-2
5218180,6194682,2,6,-4
5218180,6194682,3,10,-7
5218180,6194682,4,2,2
5397725,7301804,10,3,7
4949084,6160276,2,3,-1
4949084,6160276,6,4,2
4949084,6160276,8,1,7
6670542,8173526,4,3,1
6670542,8173526,11,9,2
4181835,8264361,4,10,-6
4181835,8264361,5,2,3
4181835,8264361,6,9,-3
5060671,7011820,5,3,2
5060671,7011820,8,5,3
5060671,7011820,10,9,1
5156315,8453914,8,5,3
4432856,7303660,2,8,-6
4432856,7303660,8,12,-4
4432856,7303660,13,2,11
7673826,8517294,1,3,-2
7673826,8517294,3,9,-6
5514878,6949291,2,4,-2
5514878,6949291,7,2,5
6277398,8420600,6,1,5
6277398,8420600,13,11,2
4668242,6331193,3,1,2
4485389,4605941,1,1,0
4485389,4605941,2,2,0
4485389,4605941,3,3,0
4485389,4605941,4,4,0
4485389,4605941,5,5,0
4485389,4605941,6,6,0
4485389,4605941,7,7,0
4485389,4605941,8,8,0
4485389,4605941,9,9,0
4485389,4605941,10,10,0
4485389,4605941,11,11,0
4485389,4605941,12,12,0
4485389,4605941,13,13,0
5383876,7462178,2,2,0
5383876,7462178,3,6,-3
5383876,7462178,5,1,4
5383876,7462178,6,11,-5
5383876,7462178,8,9,-1
5631474,6989743,2,1,1
8234710,8572742,1,4,-3
7335697,7812098,2,12,-10
4126418,4639135,2,1,1
5383468,8200308,4,4,0
6297103,7923381,2,11,-9
6297103,7923381,4,2,2
5478520,7192268,1,4,-3
5478520,7192268,2,3,-1
5478520,7192268,4,10,-6
5144619,6333918,3,4,-1
5144619,6333918,8,3,5
7294025,8016621,1,7,-6
7294025,8016621,2,2,0
7294025,8016621,4,5,-1
6864880,7503493,5,12,-7
6864880,7503493,8,4,4
4223420,7591333,2,1,1
4223420,7591333,7,4,3
6467846,7533933,1,6,-5
4135715,4744567,3,6,-3
4135715,4744567,7,2,5
4906085,7274501,1,3,-2
4906085,7274501,8,8,0
4906085,7274501,9,2,7
5053047,7547313,3,2,1
7499305,8753967,1,2,-1
7499305,8753967,9,8,1
7499305,8753967,13,4,9
6780799,8232422,10,7,3
6196970,7587287,6,4,2
4915688,6182698,8,1,7
5250263,6454945,2,4,-2
6146538,6645400,4,6,-2
6494728,7462046,2,2,0
5114119,6193215,1,9,-8
5114119,6193215,4,2,2
4216341,7390927,1,7,-6
4216341,7390927,5,1,4
4906235,5344404,2,1,1
4906235,5344404,4,5,-1
6293632,6450588,1,1,0
6293632,6450588,2,2,0
6293632,6450588,3,3,0
6293632,6450588,4,4,0
6293632,6450588,5,5,0
6293632,6450588,6,6,0
6293632,6450588,7,7,0
6293632,6450588,8,8,0
6293632,6450588,9,9,0
6293632,6450588,10,10,0
6293632,6450588,11,11,0
6293632,6450588,12,12,0
6293632,6450588,13,13,0
5632432,7690547,2,3,-1
5632432,7690547,10,5,5
6141654,6356883,5,2,3
6141654,6356883,6,4,2
6141654,6356883,7,3,4
6141654,6356883,11,5,6
6141654,6356883,12,6,6
7424651,8621307,1,1,0
7424651,8621307,2,3,-1
7424651,8621307,4,12,-8
7424651,8621307,5,8,-3
7499097,7911525,1,1,0
7499097,7911525,2,3,-1
6989032,7815648,10,9,1
6933655,7571865,1,2,-1
6486401,7749451,4,4,0
6486401,7749451,5,2,3
4563110,7435038,1,3,-2
4794426,4853745,1,11,-10
4794426,4853745,2,7,-5
4794426,4853745,3,4,-1
4794426,4853745,6,6,0
4794426,4853745,11,8,3
4794426,4853745,12,13,-1
4169579,4662610,1,4,-3
4169579,4662610,6,6,0
5384853,6185300,1,13,-12
6253396,7103927,1,1,0
6253396,7103927,2,12,-10
7289314,8279585,2,4,-2
7289314,8279585,5,9,-4
4324221,4421092,1,7,-6
4324221,4421092,2,1,1
4324221,4421092,4,4,0
7414973,8266431,6,11,-5
6445077,7112876,1,13,-12
6445077,7112876,4,9,-5
6445077,7112876,7,7,0
6453428,7412563,2,1,1
6453428,7412563,5,4,1
5206996,6182730,1,6,-5
4768806,7651117,2,10,-8
4768806,7651117,3,1,2
4768806,7651117,7,6,1
5378757,6242528,1,2,-1
4996642,7590636,1,3,-2
4996642,7590636,9,8,1
4070864,6332737,4,12,-8
4775917,5062567,1,1,0
5205819,7637892,1,1,0
5205819,7637892,8,4,4
7115940,8288232,1,3,-2
7115940,8288232,9,10,-1
7115940,8288232,10,13,-3
7115940,8288232,11,9,2
7115940,8288232,12,11,1
5571028,8480430,6,13,-7
5571028,8480430,8,6,2
7220385,8663922,8,6,2
7220385,8663922,10,4,6
7556440,8090230,3,2,1
7556440,8090230,12,6,6
4115496,5114659,4,7,-3
4115496,5114659,10,11,-1
6620633,8741667,3,3,0
6620633,8741667,6,11,-5
6620633,8741667,7,8,-1
4381188,5269821,3,2,1
3943401,4266162,4,6,-2
3943401,4266162,5,1,4
3943401,4266162,8,2,6
4170479,4348474,1,11,-10
4170479,4348474,2,5,-3
4170479,4348474,4,8,-4
4271843,4880013,1,12,-11
4271843,4880013,2,2,0
4271843,4880013,11,9,2
6381520,6629672,3,1,2
4118890,7065921,1,2,-1
4118890,7065921,2,6,-4
6392872,6947281,3,10,-7
6392872,6947281,7,8,-1
6392872,6947281,13,11,2
6361551,8039591,2,4,-2
6361551,8039591,4,7,-3
4922435,7703636,2,1,1
4892067,5103779,1,7,-6
5562550,6246917,1,2,-1
5562550,6246917,6,3,3
5526298,6594050,3,5,-2
5526298,6594050,10,10,0
5526298,6594050,12,2,10
4707884,6481729,3,7,-4
6934908,8719693,2,2,0
6934908,8719693,4,7,-3
5398662,6467463,1,1,0
5398662,6467463,2,2,0
5398662,6467463,4,10,-6
5398662,6467463,5,9,-4
5398662,6467463,7,7,0
5398662,6467463,8,4,4
5522844,8361113,1,3,-2
5522844,8361113,10,9,1
4269055,8323778,1,8,-7
4269055,8323778,13,6,7
3938096,4079453,1,3,-2
3938096,4079453,7,11,-4
6229249,7057331,2,2,0
5175416,6892187,1,3,-2
5175416,6892187,5,8,-3
5175416,6892187,7,2,5
5175416,6892187,11,12,-1
5023041,6099771,4,10,-6
5023041,6099771,7,1,6
5041156,5266554,3,2,1
5041156,5266554,4,8,-4
4998137,5374046,5,4,1
7694495,7975457,1,1,0
7694495,7975457,2,2,0
7694495,7975457,3,3,0
7694495,7975457,4,4,0
7694495,7975457,5,5,0
7694495,7975457,6,6,0
7694495,7975457,7,7,0
7694495,7975457,8,8,0
7694495,7975457,9,9,0
7694495,7975457,10,10,0
7694495,7975457,11,11,0
7694495,7975457,12,12,0
7694495,7975457,13,13,0
6128630,7162601,1,1,0
6128630,7162601,3,5,-2
6128630,7162601,5,8,-3
4266961,4453963,2,5,-3
4266961,4453963,7,4,3
4266961,4453963,12,7,5
7135030,8430898,1,2,-1
7135030,8430898,4,1,3
7135030,8430898,7,8,-1
7135030,8430898,10,6,4
3998080,7634930,1,4,-3
3998080,7634930,11,2,9
3998080,7634930,13,10,3
4573454,8016861,1,6,-5
5118217,7121764,1,1,0
5118217,7121764,3,2,1
7461538,7645153,8,10,-2
7461538,7645153,10,7,3
7234748,8091940,8,2,6
7234748,8091940,9,11,-2
7234748,8091940,12,13,-1
7794076,8267508,1,4,-3
7794076,8267508,3,12,-9
7794076,8267508,5,1,4
7794076,8267508,6,2,4
7794076,8267508,8,8,0
7794076,8267508,10,3,7
7794076,8267508,13,11,2
7299490,8583039,2,7,-5
7299490,8583039,7,13,-6
7299490,8583039,8,8,0
5632011,8272060,5,9,-4
5359229,6647716,2,11,-9
5359229,6647716,6,6,0
6662105,7698061,2,1,1
6314027,7230853,1,1,0
6314027,7230853,2,5,-3
6314027,7230853,3,8,-5
6314027,7230853,4,4,0
6314027,7230853,6,13,-7
6314027,7230853,7,3,4
6314027,7230853,8,2,6
5287469,8001320,6,1,5
4271696,7404441,5,11,-6
5201651,6877461,3,2,1
5201651,6877461,9,5,4
6167189,7606465,3,5,-2
6167189,7606465,6,12,-6
6167189,7606465,10,2,8
6338735,8211170,11,6,5
7365920,8508860,1,1,0
7365920,8508860,4,9,-5
7365920,8508860,6,5,1
7365920,8508860,7,4,3
7365920,8508860,8,2,6
4869736,7906080,2,4,-2
4020394,7103486,2,1,1
4667287,5404562,3,2,1
4667287,5404562,5,5,0
7156258,7757688,5,8,-3
7156258,7757688,11,5,6
7394519,8640956,7,2,5
7581182,7694048,9,2,7
6604003,8057481,10,1,9
6516661,7506541,1,2,-1
6516661,7506541,9,5,4
6516661,7506541,12,6,6
7232997,8536526,1,9,-8
7232997,8536526,2,10,-8
7232997,8536526,3,11,-8
5277692,6322491,8,3,5
7086044,7401330,2,7,-5
4459809,4848086,3,2,1
4459809,4848086,13,4,9
6899723,7125542,2,12,-10
6899723,7125542,5,1,4
6899723,7125542,7,9,-2
6899723,7125542,8,6,2
5217013,8352004,2,4,-2
5217013,8352004,13,1,12
5619995,8170095,6,2,4
5478552,7160550,1,1,0
6434121,6912273,1,1,0
6434121,6912273,2,11,-9
6434121,6912273,5,8,-3
6172884,6465987,1,2,-1
6172884,6465987,13,7,6
4943533,7247301,1,9,-8
4943533,7247301,2,3,-1
4943533,7247301,3,2,1
4943533,7247301,10,10,0
4044241,8259839,4,8,-4
5033647,8556123,3,11,-8
5033647,8556123,6,4,2
5033647,8556123,9,2,7
4897455,7053164,7,6,1
6226618,7302058,1,13,-12
6226618,7302058,2,4,-2
6226618,7302058,3,7,-4
6192886,7096867,1,5,-4
6192886,7096867,4,6,-2
6300938,7489979,5,6,-1
5249044,7526449,3,10,-7
7065562,8095563,3,1,2
4801756,4866199,6,4,2
5105407,5483511,1,4,-3
5105407,5483511,2,1,1
5105407,5483511,5,2,3
6203598,8147785,1,1,0
6203598,8147785,2,4,-2
5518585,7837831,5,10,-5
5518585,7837831,8,7,1
4071241,7641601,1,5,-4
4071241,7641601,5,1,4
6461870,8005623,7,5,2
6556282,7564031,5,1,4
6217620,7635447,2,1,1
5160491,8476133,4,1,3
5160491,8476133,8,12,-4
6647123,8094847,3,7,-4
6647123,8094847,10,11,-1
5594631,7640455,1,5,-4
5594631,7640455,7,6,1
4986822,8070736,1,6,-5
4745365,6492836,5,4,1
5236170,7758113,2,2,0
5236170,7758113,4,1,3
5236170,7758113,6,6,0
4012063,7431353,1,3,-2
4012063,7431353,6,13,-7
4012063,7431353,11,11,0
4996899,5301607,1,2,-1
4996899,5301607,3,1,2
4996899,5301607,4,11,-7
4996899,5301607,6,7,-1
4902377,8263496,1,6,-5
4902377,8263496,2,7,-5
6420850,7142951,2,3,-1
6420850,7142951,3,4,-1
6420850,7142951,12,13,-1
4999023,6878246,4,9,-5
6272043,7683424,12,10,2
4564475,6638557,1,4,-3
4564475,6638557,10,11,-1
4219391,4504366,6,2,4
4219391,4504366,9,13,-4
4272888,7526996,1,3,-2
4272888,7526996,6,7,-1
6137302,7898281,1,1,0
4001263,4698444,2,4,-2
5381368,7072237,6,1,5
5511572,7051745,1,1,0
5511572,7051745,2,5,-3
5511572,7051745,4,4,0
5511572,7051745,8,2,6
5511572,7051745,9,12,-3
5511572,7051745,10,9,1
4935412,5321017,1,2,-1
4935412,5321017,3,4,-1
4935412,5321017,5,5,0
4315502,5645578,2,2,0
6259108,7657067,1,1,0
6259108,7657067,2,3,-1
4746120,4979743,1,5,-4
4746120,4979743,4,3,1
4746120,4979743,7,1,6
4341031,7353631,6,2,4
6290034,6873890,1,2,-1
6290034,6873890,12,8,4
6235092,7128777,1,2,-1
6235092,7128777,3,3,0
6235092,7128777,4,5,-1
6235092,7128777,8,9,-1
6235092,7128777,11,13,-2
6235092,7128777,12,7,5
6215709,8261141,8,12,-4
5619247,7668435,1,4,-3
6157356,7283111,1,4,-3
6157356,7283111,13,12,1
4023204,7381450,3,1,2
6302224,7942218,1,7,-6
4370221,4851107,2,1,1
4370221,4851107,3,5,-2
4370221,4851107,10,11,-1
3949501,4682794,2,1,1
3949501,4682794,3,13,-10
6861155,7881091,2,1,1
6861155,7881091,10,11,-1
4566939,4767049,6,5,1
4566939,4767049,7,4,3
4678457,4790805,1,1,0
4678457,4790805,2,2,0
4678457,4790805,3,3,0
4678457,4790805,4,4,0
4678457,4790805,5,5,0
4678457,4790805,6,6,0
4678457,4790805,7,7,0
4678457,4790805,8,8,0
4678457,4790805,9,9,0
4678457,4790805,10,10,0
4678457,4790805,11,11,0
4678457,4790805,12,12,0
4678457,4790805,13,13,0
7449162,7758826,8,2,6
4037163,4127813,2,2,0
5127404,7769452,5,7,-2
5127404,7769452,8,3,5
5338119,6116561,1,2,-1
5338119,6116561,4,1,3
7546462,8612577,6,10,-4
7546462,8612577,13,7,6
5636066,8363315,1,1,0
5636066,8363315,5,13,-8
5636066,8363315,8,2,6
5636066,8363315,11,12,-1
4953552,8257259,7,6,1
5200511,5548071,2,1,1
5200511,5548071,3,3,0
5200511,5548071,4,6,-2
5200511,5548071,5,12,-7
5552419,6465508,1,6,-5
5552419,6465508,6,7,-1
5552419,6465508,7,2,5
5552419,6465508,12,12,0
6578891,6874515,1,1,0
6578891,6874515,3,3,0
6578891,6874515,8,5,3
6230160,8065600,4,9,-5
4572436,5293856,1,2,-1
4572436,5293856,2,1,1
6879192,8229387,1,3,-2
6879192,8229387,2,4,-2
6879192,8229387,5,10,-5
5283760,6448631,2,12,-10
6366272,6941543,12,7,5
5481853,7392916,5,1,4
5481853,7392916,7,11,-4
4926255,7966640,2,8,-6
4926255,7966640,6,11,-5
4926255,7966640,8,3,5
4926255,7966640,10,4,6
6242291,7485586,1,2,-1
6242291,7485586,3,1,2
6242291,7485586,4,3,1
6242291,7485586,5,4,1
6671545,8280506,1,11,-10
6671545,8280506,2,10,-8
6099567,8652191,3,5,-2
5327068,8675328,1,1,0
5327068,8675328,3,9,-6
7225455,8687777,13,13,0
7661922,7928595,5,6,-1
7661922,7928595,8,12,-4
7661922,7928595,10,7,3
7661922,7928595,11,13,-2
6272700,6419212,3,3,0
6272700,6419212,5,1,4
6272700,6419212,10,5,5
5567634,7598144,1,1,0
6075580,8358396,2,2,0
6075580,8358396,7,3,4
6075580,8358396,10,4,6
6075580,8358396,11,5,6
4611581,8353909,1,3,-2
4611581,8353909,2,1,1
7403423,8582364,4,1,3
7403423,8582364,8,2,6
7403423,8582364,11,3,8
7403423,8582364,12,6,6
7403423,8582364,13,8,5
4879791,5188030,5,1,4
5627406,6576539,6,9,-3
6997555,7731365,6,5,1
6997555,7731365,8,13,-5
6997555,7731365,10,8,2
3984016,5004398,6,12,-6
3984016,5004398,7,4,3
3984016,5004398,13,5,8
4521755,6148221,3,4,-1
4305536,5597132,1,4,-3
4856503,6447512,8,1,7
4371945,6885971,6,3,3
4400123,7665941,1,7,-6
4400123,7665941,4,9,-5
5193853,6438231,8,3,5
6224681,7115186,2,8,-6
6224681,7115186,3,10,-7
6224681,7115186,5,7,-2
6224681,7115186,9,3,6
7668738,8265963,2,6,-4
7668738,8265963,4,1,3
4393492,6839343,1,2,-1
5061821,5397860,1,2,-1
5061821,5397860,3,12,-9
5061821,5397860,8,5,3
4246900,7858055,4,2,2
7297059,7713124,3,2,1
6629672,8019544,2,8,-6
6629672,8019544,6,6,0
6629672,8019544,8,11,-3
6629672,8019544,12,4,8
6629672,8019544,13,2,11
4717920,7671803,1,2,-1
4853361,5061536,4,5,-1
4853361,5061536,5,12,-7
4853361,5061536,11,13,-2
4853361,5061536,13,8,5
5140315,6163269,2,10,-8
5140315,6163269,6,5,1
5140315,6163269,12,2,10
6343065,7248562,1,1,0
6343065,7248562,2,2,0
6343065,7248562,3,3,0
6343065,7248562,4,4,0
6343065,7248562,5,5,0
6343065,7248562,6,6,0
6343065,7248562,7,7,0
6343065,7248562,8,8,0
6343065,7248562,9,9,0
6343065,7248562,10,10,0
6343065,7248562,11,11,0
6343065,7248562,12,12,0
6343065,7248562,13,13,0
4930621,7150352,3,9,-6
4316249,6418340,2,9,-7
4344725,5122017,1,1,0
4344725,5122017,5,2,3
4344725,5122017,11,9,2
4344725,5122017,13,11,2
6196930,8348783,1,1,0
6196930,8348783,2,2,0
6196930,8348783,5,13,-8
6617339,7585877,9,12,-3
4721613,7128927,1,6,-5
6133102,7750389,7,11,-4
5049270,8413694,3,7,-4
4818370,7597147,11,4,7
6278401,8130137,1,5,-4
6278401,8130137,5,7,-2
6209892,8292750,4,4,0
6209892,8292750,6,6,0
6209892,8292750,7,8,-1
6209892,8292750,8,11,-3
6209892,8292750,11,9,2
4720572,6121284,7,5,2
4720572,6121284,10,10,0
4720572,6121284,12,13,-1
5592620,6330545,1,1,0
6451052,7101391,4,1,3
7047414,8601286,1,8,-7
7047414,8601286,2,3,-1
7047414,8601286,8,2,6
7047414,8601286,9,7,2
7047414,8601286,10,1,9
5003658,5185902,4,6,-2
5003658,5185902,9,13,-4
7509154,8676286,1,9,-8
7509154,8676286,3,1,2
7509154,8676286,6,11,-5
7509154,8676286,8,8,0
6255149,7172934,1,9,-8
6255149,7172934,2,1,1
6255149,7172934,8,4,4
4498984,5203038,1,1,0
4498984,5203038,2,2,0
4498984,5203038,3,3,0
4498984,5203038,8,8,0
5295152,5564075,1,5,-4
5295152,5564075,4,9,-5
5295152,5564075,5,7,-2
6397313,8199604,3,2,1
6397313,8199604,10,1,9
6397313,8199604,13,11,2
7617820,8555868,1,1,0
7617820,8555868,2,4,-2
7617820,8555868,3,8,-5
7617820,8555868,4,2,2
5148777,5294351,5,4,1
5148777,5294351,9,1,8
5148777,5294351,10,2,8
4107909,4334400,1,3,-2
4107909,4334400,3,1,2
4107909,4334400,9,7,2
4107909,4334400,10,4,6
4327701,6135099,5,2,3
6298446,8566737,5,13,-8
6298446,8566737,6,9,-3
7545254,8659388,3,7,-4
5171318,8679528,10,12,-2
6947612,7775436,1,4,-3
5392422,5628019,1,5,-4
5392422,5628019,7,12,-5
5392422,5628019,10,1,9
5636846,8506431,1,1,0
5636846,8506431,3,2,1
5636846,8506431,5,3,2
5636846,8506431,6,13,-7
5636846,8506431,7,5,2
6304194,7628359,1,2,-1
6644028,8205459,8,4,4
6644028,8205459,11,5,6
6644028,8205459,12,7,5
7582617,8071566,1,8,-7
7582617,8071566,3,4,-1
7582617,8071566,5,2,3
7582617,8071566,6,10,-4
7582617,8071566,7,7,0
5638920,7677361,1,1,0
5638920,7677361,7,6,1
5638920,7677361,10,13,-3
6183248,8708697,1,4,-3
4442276,8222357,2,1,1
4442276,8222357,7,3,4
4442276,8222357,11,9,2
6130453,6916727,9,8,1
5586937,8221209,1,1,0
5586937,8221209,10,3,7
5203768,6119036,1,1,0
5203768,6119036,5,7,-2
5203768,6119036,6,13,-7
5089992,6181636,3,4,-1
5089992,6181636,4,2,2
5089992,6181636,7,3,4
5089992,6181636,10,6,4
5566691,8534300,2,1,1
5566691,8534300,5,5,0
6477639,7721071,2,2,0
6477639,7721071,4,9,-5
6477639,7721071,5,4,1
4550375,4700290,3,4,-1
4550375,4700290,5,7,-2
4550375,4700290,7,8,-1
4776853,8574826,2,5,-3
4776853,8574826,9,6,3
4776853,8574826,10,2,8
6502139,6868452,12,2,10
4397257,7121224,2,1,1
4397257,7121224,3,2,1
5188629,6132413,10,13,-3
5056388,6604443,1,5,-4
6250040,8042598,3,1,2
6546503,7158426,1,6,-5
5149331,8409160,3,5,-2
5149331,8409160,10,6,4
5149331,8409160,13,8,5
7339650,8446563,1,9,-8
6192675,7845161,5,2,3
6192675,7845161,6,12,-6
6192675,7845161,10,1,9
4066149,7143877,9,2,7
4997435,6565530,6,3,3
4302277,4747905,1,1,0
4302277,4747905,2,5,-3
4302277,4747905,3,6,-3
6173345,7545664,2,1,1
6173345,7545664,3,13,-10
5031091,8683083,2,2,0
5587038,7700465,1,2,-1
5587038,7700465,4,1,3
5587038,7700465,7,7,0
4486826,4747038,12,5,7
4560311,4984945,1,5,-4
4560311,4984945,2,3,-1
4560311,4984945,3,10,-7
4560311,4984945,6,9,-3
4560311,4984945,8,8,0
6506625,7109576,5,11,-6
6506625,7109576,7,7,0
6506625,7109576,8,9,-1
6506625,7109576,10,1,9
6506625,7109576,11,2,9
7144793,8715412,1,4,-3
7144793,8715412,3,1,2
7144793,8715412,7,3,4
7144793,8715412,13,13,0
4432667,5221160,2,4,-2
4432667,5221160,10,8,2
4432667,5221160,11,11,0
5370864,6579513,3,5,-2
5311908,7314554,5,2,3
5311908,7314554,13,6,7
7432104,8278106,2,9,-7
7432104,8278106,3,3,0
7432104,8278106,5,4,1
7432104,8278106,6,12,-6
5603349,6460566,3,13,-10
5603349,6460566,10,7,3
4951686,7714217,2,3,-1
4381904,5319932,1,6,-5
4381904,5319932,6,8,-2
4381904,5319932,8,5,3
4381904,5319932,12,12,0
4115277,6093230,2,1,1
4697004,7323200,2,1,1
5096287,7111996,1,1,0
5096287,7111996,4,6,-2
5110721,8354221,12,9,3
5319536,8120204,2,6,-4
5319536,8120204,3,1,2
5319536,8120204,5,12,-7
5319536,8120204,10,8,2
6491694,8287538,3,4,-1
3970318,4749333,1,1,0
4263747,6481158,1,1,0
4263747,6481158,6,7,-1
5600263,6480954,2,6,-4
5600263,6480954,4,5,-1
5600263,6480954,6,4,2
4177387,4280060,3,12,-9
4177387,4280060,4,2,2
6667738,8723832,7,5,2
6667738,8723832,11,1,10
6667738,8723832,13,6,7
6451991,8188060,1,1,0
4031405,8251535,5,10,-5
6279550,7201121,3,1,2
6279550,7201121,9,9,0
4249327,7891906,13,1,12
5196928,7108687,1,3,-2
5196928,7108687,7,9,-2
5652432,7678214,2,13,-11
5652432,7678214,12,7,5
4318442,7987903,2,1,1
4318442,7987903,9,8,1
6147332,7971931,2,2,0
4464261,6395074,2,4,-2
4941763,7048241,5,5,0
4941763,7048241,11,4,7
6278434,7689058,1,8,-7
6278434,7689058,4,12,-8
6666930,7294214,2,5,-3
4053845,7560716,6,8,-2
6920562,8010966,4,12,-8
6920562,8010966,5,5,0
6183512,7892255,3,7,-4
6183512,7892255,5,10,-5
5078142,7981120,10,9,1
6237937,6481743,5,11,-6
6237937,6481743,7,9,-2
6237937,6481743,10,2,8
5059808,8227180,1,6,-5
5059808,8227180,3,4,-1
5059808,8227180,5,2,3
4284758,8460758,2,2,0
4284758,8460758,3,4,-1
4284758,8460758,7,7,0
5418833,7608836,2,10,-8
5297265,5432917,5,2,3
5297265,5432917,6,1,5
7159177,7239347,4,2,2
6401706,7954484,1,1,0
5249266,5493646,4,5,-1
6280400,7470371,8,8,0
4169111,5243116,1,8,-7
4169111,5243116,3,7,-4
4169111,5243116,4,9,-5
4169111,5243116,7,4,3
4169111,5243116,8,10,-2
4917008,6594975,1,1,0
4917008,6594975,9,10,-1
4344591,4804571,2,6,-4
4344591,4804571,3,4,-1
4519792,7462170,1,5,-4
4519792,7462170,11,11,0
4986018,6076514,11,3,8
7654078,7908859,6,10,-4
7654078,7908859,8,11,-3
7654078,7908859,12,2,10
6367412,8629068,2,6,-4
4534386,6230757,1,2,-1
4534386,6230757,2,8,-6
4534386,6230757,3,10,-7
4108076,5347933,1,1,0
4108076,5347933,2,9,-7
4108076,5347933,3,7,-4
4108076,5347933,5,13,-8
4311170,4457341,3,4,-1
4311170,4457341,6,10,-4
4311170,4457341,7,11,-4
4311170,4457341,8,3,5
4311170,4457341,9,12,-3
4891348,6528452,9,10,-1
4891348,6528452,12,5,7
4658085,7217873,3,2,1
4397793,7431270,3,8,-5
4397793,7431270,7,3,4
7122023,8480387,8,1,7
4163452,8114475,7,4,3
7170647,8355578,5,6,-1
7423903,8362535,4,10,-6
7423903,8362535,6,4,2
7423903,8362535,11,3,8
7423903,8362535,13,9,4
4915167,6523608,1,3,-2
4915167,6523608,4,7,-3
4915167,6523608,5,1,4
4915167,6523608,11,6,5
6321012,8432539,1,2,-1
6321012,8432539,3,6,-3
6329279,6635967,1,1,0
6329279,6635967,2,7,-5
6329279,6635967,4,9,-5
6329279,6635967,5,3,2
6329279,6635967,7,10,-3
6329279,6635967,9,5,4
6329279,6635967,10,8,2
5104136,7547028,1,1,0
5104136,7547028,2,7,-5
5104136,7547028,3,4,-1
5104136,7547028,4,10,-6
8006458,8146303,2,11,-9
6221605,8097416,5,10,-5
7385385,8451608,2,1,1
7284244,7961594,4,10,-6
5595040,8438808,10,2,8
7634119,8460302,8,8,0
7634119,8460302,9,10,-1
6308151,7698228,8,12,-4
6308151,7698228,10,13,-3
5634012,7356688,9,8,1
5296240,8709459,8,10,-2
4542376,5129055,6,3,3
4761047,7703967,2,1,1
4761047,7703967,5,3,2
4761047,7703967,6,2,4
4544989,7849591,1,6,-5
4544989,7849591,2,1,1
4544989,7849591,3,4,-1
4544989,7849591,9,2,7
4544989,7849591,12,13,-1
4383634,7980443,2,7,-5
5349655,6202176,2,3,-1
5349655,6202176,8,11,-3
4597219,8418400,4,3,1
4597219,8418400,5,8,-3
4597219,8418400,10,4,6
4565693,4757099,1,1,0
4565693,4757099,12,9,3
5393878,8084437,1,13,-12
7708872,8272844,1,7,-6
7708872,8272844,7,3,4
3945980,6462128,9,3,6
3945980,6462128,13,5,8
6273233,6641215,2,1,1
6273233,6641215,3,3,0
6273233,6641215,5,2,3
6273233,6641215,10,9,1
6273233,6641215,12,12,0
5414949,5644862,11,7,4
4023930,4181699,1,4,-3
4023930,4181699,2,9,-7
4023930,4181699,4,7,-3
5328955,8535705,5,3,2
6655813,7722208,1,1,0
4863911,7148350,2,7,-5
6417828,7348953,1,2,-1
6417828,7348953,2,3,-1
6479892,7885168,1,5,-4
6479892,7885168,10,10,0
4538807,5242356,2,5,-3
7130957,8533406,3,1,2
7130957,8533406,6,7,-1
7130957,8533406,10,3,7
4556219,7645197,2,1,1
4556219,7645197,5,3,2
4556219,7645197,7,2,5
6064933,6205687,13,10,3
4877030,5242399,10,3,7
4128420,4377797,2,3,-1
6182068,8694511,1,3,-2
6182068,8694511,9,1,8
5356546,6340659,1,3,-2
5356546,6340659,3,7,-4
5356546,6340659,4,5,-1
6972355,8115066,2,2,0
6972355,8115066,4,4,0
6972355,8115066,5,8,-3
6972355,8115066,6,10,-4
6972355,8115066,10,11,-1
6972355,8115066,11,3,8
6428026,7607667,3,3,0
5599193,7029288,2,3,-1
5599193,7029288,3,2,1
7241631,8053255,1,4,-3
7241631,8053255,3,3,0
7241631,8053255,4,2,2
7241631,8053255,5,1,4
7241631,8053255,6,9,-3
6145017,8745351,6,3,3
6924663,7932742,2,7,-5
4442990,7481247,5,1,4
4442990,7481247,8,13,-5
6580448,7312766,8,2,6
4763946,6890017,1,2,-1
4763946,6890017,12,13,-1
5298800,7215891,8,6,2
5189764,7552573,1,2,-1
5189764,7552573,7,5,2
6360327,8645740,12,7,5
7139610,8521284,1,2,-1
7139610,8521284,5,11,-6
6274905,8013391,1,1,0
6274905,8013391,8,4,4
4263346,6460784,3,2,1
6066149,7459080,9,1,8
6066149,7459080,11,8,3
4606340,8464715,7,2,5
6505233,7464139,2,7,-5
6505233,7464139,9,3,6
6929067,7866385,1,1,0
6929067,7866385,2,3,-1
6929067,7866385,8,9,-1
6481976,7611335,2,7,-5
6481976,7611335,4,5,-1
6481976,7611335,12,10,2
4296840,6439954,2,1,1
4296840,6439954,3,3,0
4296840,6439954,10,11,-1
4868857,7532705,1,6,-5
4868857,7532705,9,13,-4
7161797,8351187,2,1,1
7161797,8351187,4,6,-2
7161797,8351187,8,3,5
7914280,8161725,5,5,0
4772263,7083068,3,6,-3
6269555,7681333,9,3,6
6292551,6633760,2,1,1
6292551,6633760,3,11,-8
6292551,6633760,8,9,-1
6231442,7963845,1,9,-8
6231442,7963845,2,7,-5
6231442,7963845,4,8,-4
6231442,7963845,8,1,7
5250071,6123714,9,5,4
5250071,6123714,12,1,11
5354356,5630862,1,1,0
5354356,5630862,2,2,0
5354356,5630862,3,3,0
5354356,5630862,4,4,0
5354356,5630862,5,5,0
5354356,5630862,6,6,0
5354356,5630862,7,8,-1
5354356,5630862,8,7,1
5354356,5630862,9,9,0
5354356,5630862,10,10,0
5354356,5630862,11,11,0
5354356,5630862,12,12,0
5354356,5630862,13,13,0
3997351,4141738,1,1,0
3997351,4141738,3,6,-3
3997351,4141738,10,9,1
3997351,4141738,13,2,11
6508914,7934751,2,1,1
4308892,4463628,5,2,3
4308892,4463628,10,6,4
5014111,7094676,5,10,-5
8408439,8602288,1,3,-2
8408439,8602288,4,8,-4
4937398,7332635,5,12,-7
7479897,8688369,1,2,-1
7479897,8688369,2,5,-3
7041077,8486000,1,6,-5
7041077,8486000,9,5,4
5293551,6985345,4,2,2
7669660,8136599,1,1,0
7669660,8136599,13,10,3
5007112,7739750,3,7,-4
5007112,7739750,5,13,-8
5007112,7739750,7,9,-2
3932101,6450232,1,2,-1
3932101,6450232,3,3,0
5596625,8199733,1,1,0
5596625,8199733,9,3,6
5596625,8199733,12,11,1
5563526,8396914,5,7,-2
5617688,6263632,1,2,-1
7345996,8458328,8,13,-5
6440144,8568444,7,3,4
6440144,8568444,12,2,10
7103848,8352449,8,1,7
7103848,8352449,10,10,0
6178349,8560076,8,9,-1
4561544,4805769,4,2,2
4561544,4805769,9,12,-3
6466419,7265947,2,2,0
6466419,7265947,6,4,2
6466419,7265947,13,3,10
4457763,5268007,5,1,4
4457763,5268007,6,5,1
4634015,7874709,9,10,-1
4635627,6927223,2,5,-3
5311385,6025977,1,5,-4
5311385,6025977,4,6,-2
5311385,6025977,5,1,4
5121435,6448719,5,11,-6
5121435,6448719,11,8,3
6428577,6923832,6,7,-1
6428577,6923832,13,5,8
7718178,8105605,1,1,0
7718178,8105605,2,2,0
7718178,8105605,3,3,0
7718178,8105605,4,4,0
7718178,8105605,5,11,-6
7718178,8105605,6,5,1
7718178,8105605,7,6,1
7718178,8105605,8,7,1
7718178,8105605,9,8,1
7718178,8105605,10,9,1
7718178,8105605,11,10,1
7718178,8105605,12,12,0
7718178,8105605,13,13,0
7351145,8251803,3,3,0
5626386,7331635,1,1,0
5626386,7331635,2,5,-3
5626386,7331635,6,7,-1
5626386,7331635,7,6,1
6181121,6528837,5,10,-5
6225944,7689200,4,6,-2
6225944,7689200,5,8,-3
6225944,7689200,13,3,10
6089027,6360546,1,3,-2
6089027,6360546,2,2,0
6089027,6360546,3,6,-3
6089027,6360546,4,5,-1
6089027,6360546,6,1,5
7238999,8389331,12,10,2
4548653,4841611,1,4,-3
5121070,7606542,5,4,1
4667686,8285398,1,4,-3
4667686,8285398,2,1,1
4667686,8285398,3,3,0
4667686,8285398,4,2,2
5417826,6558477,3,4,-1
5417826,6558477,10,8,2
6631072,8461721,13,10,3
4722870,8043377,5,8,-3
6955349,7992858,1,1,0
6955349,7992858,11,2,9
4824422,5195241,2,5,-3
4824422,5195241,5,2,3
4824422,5195241,6,7,-1
4824422,5195241,12,1,11
6083467,7601670,1,12,-11
6083467,7601670,5,7,-2
6083467,7601670,7,2,5
7504673,7838905,2,1,1
7504673,7838905,5,2,3
7504673,7838905,11,3,8
4309137,6846313,1,1,0
4935279,6316074,12,9,3
4946467,7144412,1,2,-1
5306460,6966766,4,7,-3
5216878,8393158,1,3,-2
5584315,6581626,2,1,1
5584315,6581626,3,3,0
5584315,6581626,10,6,4
5584315,6581626,11,10,1
4751801,6568877,10,12,-2
7351762,7459497,1,1,0
7351762,7459497,2,2,0
7351762,7459497,3,3,0
7351762,7459497,4,4,0
7351762,7459497,5,5,0
7351762,7459497,6,6,0
7351762,7459497,7,7,0
7351762,7459497,8,8,0
7351762,7459497,9,9,0
7351762,7459497,10,10,0
7351762,7459497,11,11,0
7351762,7459497,12,12,0
7351762,7459497,13,13,0
7261690,8233958,1,5,-4
7261690,8233958,6,1,5
7261690,8233958,12,6,6
7566899,8530991,7,3,4
5435400,7096982,2,1,1
5435400,7096982,5,10,-5
4396165,5284247,1,1,0
4396165,5284247,3,2,1
4396165,5284247,7,6,1
4396165,5284247,8,3,5
4396165,5284247,12,13,-1
5201324,8641644,3,2,1
5201324,8641644,8,1,7
4752724,5254918,5,3,2
4752724,5254918,7,1,6
4752724,5254918,8,13,-5
6089980,7749069,3,1,2
6089980,7749069,4,11,-7
6089980,7749069,7,4,3
6202060,7308269,9,6,3
7417129,8222381,1,1,0
7417129,8222381,2,8,-6
7417129,8222381,3,13,-10
7417129,8222381,4,4,0
7417129,8222381,7,7,0
6226642,7330908,13,9,4
7101226,7749026,2,13,-11
4230184,4804485,1,4,-3
4230184,4804485,2,3,-1
6977435,8207610,2,2,0
4713234,7135048,1,8,-7
5237535,8261159,11,7,4
4431547,4707271,1,7,-6
4431547,4707271,3,11,-8
4431547,4707271,4,5,-1
4431547,4707271,9,3,6
4431547,4707271,11,12,-1
4793631,5186492,1,1,0
4793631,5186492,4,7,-3
6243559,7593658,1,3,-2
5020544,7702399,2,8,-6
5020544,7702399,6,7,-1
4874620,6455084,2,7,-5
4874620,6455084,3,12,-9
4874620,6455084,7,10,-3
4874620,6455084,8,2,6
4874620,6455084,9,6,3
6153209,6515029,1,9,-8
6153209,6515029,3,12,-9
6153209,6515029,13,6,7
4269663,4457805,7,6,1
6625494,8577478,1,4,-3
4537387,5241985,1,9,-8
8174949,8564897,2,4,-2
8174949,8564897,4,8,-4
7003347,7403818,1,1,0
7003347,7403818,2,4,-2
7003347,7403818,4,2,2
7003347,7403818,5,3,2
7003347,7403818,7,7,0
7003347,7403818,8,8,0
7003347,7403818,10,5,5
7003347,7403818,13,9,4
5342047,8357033,1,6,-5
5342047,8357033,5,4,1
5342047,8357033,7,3,4
5375854,8157267,1,4,-3
5375854,8157267,4,2,2
5375854,8157267,8,1,7
5375854,8157267,12,11,1
5083246,7318654,10,5,5
4214369,8046930,2,1,1
6098179,7623542,8,8,0
8192592,8426242,2,5,-3
8192592,8426242,4,6,-2
8192592,8426242,7,10,-3
8192592,8426242,11,2,9
7417191,7783442,1,1,0
7417191,7783442,4,4,0
7029639,8282715,3,2,1
7029639,8282715,5,11,-6
7029639,8282715,9,7,2
6534232,7166404,1,9,-8
6534232,7166404,2,4,-2
6534232,7166404,3,5,-2
6534232,7166404,5,12,-7
4571661,5572057,2,13,-11
4571661,5572057,7,2,5
4571661,5572057,11,1,10
6859807,7225180,5,1,4
5512071,8220548,5,1,4
5203100,6381879,6,12,-6
5203100,6381879,7,2,5
5203100,6381879,12,11,1
6939496,8101100,7,5,2
5452676,6415731,1,2,-1
5452676,6415731,8,5,3
5452676,6415731,10,3,7
5311874,6230055,5,2,3
7680298,8548270,9,1,8
4790400,5429009,13,5,8
6930906,7173843,1,5,-4
6930906,7173843,3,4,-1
6930906,7173843,4,8,-4
6930906,7173843,5,9,-4
6930906,7173843,6,3,3
6930906,7173843,7,6,1
6930906,7173843,8,2,6
6930906,7173843,13,1,12
5176966,5407756,2,7,-5
5176966,5407756,5,10,-5
6455653,8647711,1,5,-4
6455653,8647711,7,8,-1
6150856,7761076,11,3,8
5488223,6428227,3,1,2
6497443,7370898,1,3,-2
6497443,7370898,2,6,-4
6497443,7370898,6,5,1
6497443,7370898,9,1,8
5408679,8126392,1,2,-1
5408679,8126392,5,1,4
6269174,7075567,12,5,7
7150003,8365163,4,7,-3
7150003,8365163,5,12,-7
7150003,8365163,11,10,1
6495086,8632330,4,6,-2
6495086,8632330,7,1,6
6495086,8632330,8,13,-5
6479370,8049262,1,7,-6
6479370,8049262,2,2,0
6479370,8049262,3,3,0
6479370,8049262,9,6,3
5395165,7090318,4,2,2
5395165,7090318,6,3,3
5005734,8707659,10,3,7
5080463,6507441,9,3,6
7588767,8221769,1,1,0
7588767,8221769,2,2,0
7588767,8221769,3,7,-4
7588767,8221769,5,4,1
7588767,8221769,6,5,1
7588767,8221769,7,6,1
7588767,8221769,8,13,-5
7588767,8221769,10,9,1
7588767,8221769,11,10,1
7588767,8221769,12,11,1
7588767,8221769,13,12,1
4412896,4761456,3,9,-6
5632007,8448215,2,10,-8
7038370,7812516,2,1,1
7038370,7812516,4,2,2
7038370,7812516,5,3,2
4320191,7682992,1,1,0
4320191,7682992,6,9,-3
6295471,8280509,2,4,-2
6295471,8280509,3,2,1
6295471,8280509,12,7,5
6326964,7184051,2,2,0
6326964,7184051,7,3,4
5175476,5594304,6,8,-2
5175476,5594304,13,2,11
4075069,8361287,2,2,0
4075069,8361287,5,1,4
4075069,8361287,13,7,6
4433954,5289928,8,8,0
8415885,8723423,1,1,0
6495824,8648296,2,2,0
6495824,8648296,5,1,4
4085265,5491230,2,7,-5
4085265,5491230,4,11,-7
4085265,5491230,12,6,6
6640334,7793054,3,3,0
6640334,7793054,5,2,3
6640334,7793054,8,6,2
6571392,7765575,4,10,-6
4256281,4596370,2,6,-4
4256281,4596370,4,13,-9
4256281,4596370,6,1,5
4256281,4596370,7,2,5
6734636,8502811,12,2,10
6477447,7822500,4,1,3
6200257,6582353,3,3,0
6200257,6582353,10,5,5
4367904,7188691,9,13,-4
4986735,7097169,1,2,-1
4986735,7097169,2,9,-7
5579522,7805719,3,1,2
6181013,7704873,3,2,1
3970151,4120604,4,2,2
3970151,4120604,10,10,0
3970151,4120604,13,7,6
6263436,8589372,1,2,-1
6495140,8574587,2,4,-2
6443841,8341065,1,2,-1
5006346,6368626,2,1,1
5006346,6368626,7,2,5
6364767,6884165,5,1,4
6364767,6884165,7,13,-6
6364767,6884165,8,4,4
5581968,7748183,2,2,0
5581968,7748183,8,3,5
4754545,7059036,2,3,-1
4754545,7059036,3,10,-7
7238367,8703181,1,1,0
7238367,8703181,2,7,-5
7238367,8703181,11,6,5
6194722,7420201,8,9,-1
6194722,7420201,11,13,-2
5105881,5226485,10,7,3
4391032,4502894,1,1,0
4391032,4502894,7,13,-6
4391032,4502894,13,11,2
4308047,4957534,10,7,3
3972721,6379648,3,1,2
4011282,5346974,2,2,0
4011282,5346974,3,3,0
5402776,8001969,1,1,0
5402776,8001969,5,4,1
5402776,8001969,7,13,-6
3935895,6626229,2,2,0
3935895,6626229,4,9,-5
7769754,8380695,1,1,0
7769754,8380695,2,4,-2
7769754,8380695,3,3,0
7769754,8380695,4,8,-4
7769754,8380695,5,7,-2
7769754,8380695,6,13,-7
7769754,8380695,7,9,-2
7769754,8380695,9,10,-1
7769754,8380695,11,11,0
6554470,7622903,2,7,-5
6554470,7622903,3,13,-10
6554470,7622903,9,3,6
5304735,6219238,1,6,-5
5304735,6219238,3,1,2
5304735,6219238,7,2,5
5304735,6219238,10,13,-3
6251303,8425803,1,1,0
6934249,8724554,2,4,-2
4312512,4387904,5,6,-1
4312512,4387904,6,12,-6
4312512,4387904,9,5,4
5509073,8352373,2,8,-6
4417034,5219945,4,5,-1
6626926,8058771,2,2,0
6626926,8058771,4,1,3
6626926,8058771,11,7,4
5417609,6089431,6,6,0
5417609,6089431,12,9,3
4373664,7085626,8,6,2
4373664,7085626,9,1,8
6499633,7318540,1,2,-1
6499633,7318540,2,6,-4
6499633,7318540,12,7,5
4112157,6519018,1,4,-3
4112157,6519018,7,2,5
4112157,6519018,9,5,4
6400755,8130640,3,5,-2
4723606,7360600,3,2,1
4723606,7360600,6,1,5
4723606,7360600,7,6,1
4723606,7360600,8,7,1
4723606,7360600,13,4,9
4935334,6358672,1,1,0
4935334,6358672,3,2,1
6546268,7134999,1,1,0
6546268,7134999,7,2,5
6546268,7134999,10,6,4
5261363,6938537,1,1,0
5261363,6938537,7,2,5
5261363,6938537,13,13,0
6916128,7894855,2,11,-9
4458066,7691316,11,3,8
4843272,6876121,1,1,0
4843272,6876121,3,6,-3
4843272,6876121,4,7,-3
4843272,6876121,9,4,5
6868641,7850148,1,2,-1
5079887,5371983,7,4,3
4144978,8262112,3,10,-7
4144978,8262112,4,1,3
5633199,6162729,7,2,5
5633199,6162729,12,1,11
6291094,7459228,1,12,-11
6291094,7459228,3,7,-4
6291094,7459228,9,2,7
6291094,7459228,12,9,3
4843976,8701569,1,2,-1
5640371,7460435,4,1,3
5616218,8563424,12,7,5
7077041,8261647,4,4,0
7077041,8261647,5,1,4
5432006,6500509,10,7,3
5432006,6500509,12,3,9
4014201,4621421,8,2,6
4014201,4621421,10,5,5
4014201,4621421,11,6,5
4014201,4621421,12,12,0
4989604,7150710,1,10,-9
4989604,7150710,2,1,1
6125714,6598494,1,2,-1
6125714,6598494,2,7,-5
6896058,7700525,1,3,-2
6896058,7700525,9,13,-4
4076475,7704069,1,4,-3
4076475,7704069,12,3,9
4313448,7146225,5,5,0
4313448,7146225,11,8,3
5388059,8073528,2,1,1
5388059,8073528,6,10,-4
5388059,8073528,8,6,2
6990470,8332325,3,4,-1
6990470,8332325,4,1,3
6990470,8332325,7,10,-3
6382422,7748527,3,2,1
5391911,6304483,13,13,0
4154946,4342691,2,11,-9
5520685,6652522,8,13,-5
5520685,6652522,12,1,11
5201044,7237147,2,2,0
4568917,7106234,4,10,-6
4568917,7106234,5,8,-3
6270876,6524982,2,1,1
6270876,6524982,6,4,2
6270876,6524982,7,7,0
6270876,6524982,12,5,7
6654847,7145799,2,6,-4
6654847,7145799,4,1,3
6654847,7145799,5,4,1
6654847,7145799,8,7,1
6654847,7145799,9,8,1
4957637,8048321,6,6,0
4957637,8048321,7,4,3
4832688,5624669,6,4,2
4832688,5624669,10,5,5
5343406,8159265,2,9,-7
5343406,8159265,3,2,1
5343406,8159265,5,3,2
6271823,7733554,11,11,0
5358230,7472905,1,3,-2
5358230,7472905,6,10,-4
4274172,7913343,1,1,0
4274172,7913343,11,3,8
5603711,7135020,8,5,3
3955822,5245860,1,1,0
3955822,5245860,5,3,2
6287872,6465778,3,3,0
6287872,6465778,8,12,-4
6287872,6465778,9,13,-4
6287872,6465778,10,4,6
6287872,6465778,12,2,10
6432744,7719102,5,2,3
6432744,7719102,6,6,0
5620904,6206996,1,3,-2
5620904,6206996,2,9,-7
5620904,6206996,6,6,0
6300656,7790562,1,9,-8
6300656,7790562,5,2,3
6300656,7790562,11,5,6
6080408,7867982,1,2,-1
6080408,7867982,2,3,-1
6080408,7867982,3,7,-4
6080408,7867982,13,11,2
3961870,4909714,3,1,2
3961870,4909714,9,3,6
6167446,8266269,1,1,0
6167446,8266269,4,5,-1
6167446,8266269,11,7,4
5343309,6975429,3,5,-2
5343309,6975429,6,6,0
5097841,6300778,10,10,0
7042857,8693405,6,6,0
5066098,6482510,13,10,3
4139423,4863484,6,1,5
4139423,4863484,10,12,-2
4139423,4863484,11,6,5
6974415,8337433,7,1,6
6974415,8337433,13,13,0
7294334,7840263,5,2,3
6645162,8277379,1,9,-8
6645162,8277379,12,2,10
5483455,6072421,1,3,-2
5483455,6072421,3,13,-10
4361546,4721619,6,12,-6
6157243,7760558,2,3,-1
6175358,8099536,9,9,0
4355245,4494017,3,2,1
4355245,4494017,5,7,-2
4776706,6068400,3,7,-4
4776706,6068400,4,2,2
4776706,6068400,10,3,7
5300682,7491843,2,1,1
5300682,7491843,6,3,3
5091175,8337824,11,4,7
5091175,8337824,13,7,6
6122193,6429081,10,5,5
4225884,5144663,4,8,-4
4985652,5136194,1,1,0
4985652,5136194,2,2,0
4985652,5136194,6,5,1
4985652,5136194,10,3,7
4985652,5136194,11,10,1
4799768,8608327,12,7,5
4799768,8608327,13,4,9
5644768,6925644,11,10,1
7599983,8260266,5,9,-4
7599983,8260266,10,6,4
4459560,4806879,2,3,-1
4459560,4806879,8,1,7
4459560,4806879,10,2,8
4949323,7401250,2,10,-8
4212000,4599605,8,1,7
5356261,7896648,8,7,1
5356261,7896648,10,13,-3
5390627,6098570,1,1,0
5390627,6098570,2,2,0
5390627,6098570,10,9,1
5390627,6098570,11,5,6
6219786,8650610,3,9,-6
6219786,8650610,5,8,-3
7226819,8148259,11,8,3
6235235,8574327,4,7,-3
6235235,8574327,6,9,-3
6235235,8574327,8,4,4
6235235,8574327,9,6,3
6090403,7597913,4,7,-3
6975492,7907371,1,2,-1
6975492,7907371,2,3,-1
6975492,7907371,3,10,-7
6975492,7907371,4,12,-8
6975492,7907371,6,1,5
6975492,7907371,7,11,-4
6975492,7907371,12,8,4
4022654,7297225,1,1,0
4022654,7297225,4,2,2
4425246,6629402,8,7,1
4262714,4341246,5,3,2
4262714,4341246,8,1,7
5310962,8525014,2,2,0
5310962,8525014,3,13,-10
6240544,7653899,2,5,-3
6240544,7653899,3,1,2
6240544,7653899,7,4,3
4416628,5100319,5,12,-7
4416628,5100319,9,10,-1
6868667,7677028,3,8,-5
5525357,8226916,1,1,0
5525357,8226916,2,2,0
5562698,8216269,13,9,4
4167711,4546330,1,7,-6
4167711,4546330,8,11,-3
4167711,4546330,12,13,-1
4543818,8621838,6,3,3
4928776,5368111,2,4,-2
4928776,5368111,12,12,0
6108087,6950196,5,10,-5
6108087,6950196,13,7,6
4827233,6353526,11,1,10
4843482,5307173,2,9,-7
4843482,5307173,4,1,3
4843482,5307173,6,7,-1
5568540,8537987,1,1,0
5131388,7388459,8,13,-5
5131388,7388459,13,2,11
6198390,8031650,8,1,7
5231903,6539825,1,2,-1
5231903,6539825,2,5,-3
5231903,6539825,3,4,-1
7078963,7759881,10,13,-3
6330376,6434289,7,1,6
6330376,6434289,11,8,3
6233658,7707363,3,13,-10
5272175,6555537,7,9,-2
4240641,7382713,3,1,2
4240641,7382713,13,3,10
4721311,6210107,1,1,0
7175663,7854768,2,3,-1
7175663,7854768,3,1,2
7175663,7854768,4,7,-3
7175663,7854768,7,5,2
7175663,7854768,9,12,-3
7175663,7854768,10,2,8
7175663,7854768,13,8,5
6341257,6629041,4,6,-2
5201408,6504119,13,11,2
6435365,7341047,1,3,-2
6435365,7341047,3,1,2
6435365,7341047,4,13,-9
6435365,7341047,7,6,1
7353251,8370433,10,2,8
7353251,8370433,12,12,0
6527175,7666082,3,1,2
6527175,7666082,12,10,2
5295620,7703211,7,3,4
5295620,7703211,9,2,7
5477422,7686489,4,1,3
5477422,7686489,10,9,1
5477422,7686489,13,4,9
6292181,8037264,13,4,9
4635258,7269492,5,10,-5
4980665,7715441,6,7,-1
5110754,6469923,4,10,-6
5110754,6469923,8,1,7
5110754,6469923,10,8,2
4066791,6177118,1,2,-1
4066791,6177118,3,7,-4
4066791,6177118,10,1,9
6506189,7113831,1,1,0
6506189,7113831,2,5,-3
6506189,7113831,4,6,-2
4420542,5078912,1,1,0
4420542,5078912,2,12,-10
4420542,5078912,3,9,-6
4452057,5339252,6,12,-6
6384868,7068329,5,1,4
5515312,7139187,3,8,-5
4855636,7105992,7,10,-3
4855636,7105992,11,6,5
4142401,7500380,4,2,2
5575781,8264342,6,4,2
6070093,6478744,11,2,9
4908713,7665109,2,3,-1
5065346,6252590,1,6,-5
5065346,6252590,3,7,-4
5198415,7087554,3,2,1
5198415,7087554,5,1,4
5198415,7087554,6,3,3
5521744,8095310,1,1,0
5521744,8095310,6,2,4
5521744,8095310,8,7,1
4327674,6076488,9,2,7
6339236,8260203,11,12,-1
4544090,8231039,1,3,-2
4544090,8231039,7,5,2
4544090,8231039,13,9,4
5359800,6216351,2,9,-7
5359800,6216351,6,4,2
4398544,4703761,1,2,-1
4398544,4703761,5,7,-2
4398544,4703761,6,5,1
4201006,6493984,1,4,-3
4201006,6493984,3,3,0
4055175,8706180,1,13,-12
4792753,5027343,9,11,-2
4792753,5027343,12,10,2
4809697,7729765,9,11,-2
5423002,7039687,3,3,0
5423002,7039687,4,1,3
6418004,8708260,9,10,-1
6428477,8506486,1,5,-4
6428477,8506486,13,4,9
4334028,5030575,12,5,7
6271101,7176525,1,1,0
6271101,7176525,2,2,0
6271101,7176525,3,3,0
6271101,7176525,4,4,0
6271101,7176525,5,6,-1
6271101,7176525,6,7,-1
6271101,7176525,7,5,2
6271101,7176525,8,8,0
6271101,7176525,9,9,0
6271101,7176525,10,10,0
6271101,7176525,11,11,0
6271101,7176525,12,12,0
6271101,7176525,13,13,0
5413131,7296583,1,2,-1
3984841,7626557,3,7,-4
3984841,7626557,6,5,1
6631497,7805433,2,2,0
6631497,7805433,6,12,-6
5230023,8098423,1,12,-11
5230023,8098423,9,5,4
7299314,8700844,13,5,8
6176825,7981092,6,3,3
6155267,6893397,7,8,-1
6155267,6893397,12,5,7
6955948,7795728,1,1,0
6955948,7795728,4,12,-8
3973552,4223664,12,2,10
6178621,8413322,8,1,7
6178621,8413322,11,4,7
6498220,8153068,2,2,0
6498220,8153068,4,9,-5
6498220,8153068,13,6,7
5499143,7751132,1,2,-1
5499143,7751132,5,1,4
5499143,7751132,7,12,-5
4388259,4824898,3,13,-10
4284507,4322232,1,12,-11
4284507,4322232,2,2,0
4284507,4322232,3,13,-10
4284507,4322232,5,5,0
6139594,7368487,5,6,-1
6139594,7368487,12,12,0
5273500,6368243,3,13,-10
6654371,6963576,1,9,-8
4701597,5582754,2,9,-7
4701597,5582754,8,13,-5
4701597,5582754,12,5,7
4298994,4404694,1,2,-1
4298994,4404694,6,6,0
4298994,4404694,8,8,0
4298994,4404694,12,10,2
4641649,8221408,9,8,1
4641649,8221408,10,4,6
4641649,8221408,12,2,10
6457135,7596708,2,1,1
4412124,7559368,9,7,2
6752922,8394642,13,5,8
4813693,6572133,2,3,-1
4813693,6572133,3,2,1
4813693,6572133,8,7,1
4813693,6572133,9,6,3
4863758,6086946,4,3,1
4551705,7379000,3,2,1
5190568,7066795,4,4,0
5295714,6527299,1,1,0
5295714,6527299,3,2,1
5295714,6527299,5,4,1
5295714,6527299,8,7,1
6222762,7701779,3,4,-1
4449392,5417101,4,1,3
4449392,5417101,10,4,6
6520807,7658652,2,12,-10
6520807,7658652,5,1,4
5654548,7279686,7,3,4
7067865,8198619,2,2,0
7067865,8198619,7,10,-3
6173918,7684516,10,1,9
4223257,4449084,3,7,-4
5580755,6627186,2,3,-1
6535586,8078678,1,5,-4
6535586,8078678,12,13,-1
6649946,8663502,3,3,0
6649946,8663502,4,1,3
6649946,8663502,6,4,2
6480551,8532698,7,5,2
5619555,7006616,1,2,-1
5619555,7006616,2,11,-9
5619555,7006616,3,3,0
5619555,7006616,4,5,-1
4746970,5216493,7,7,0
5304302,6602411,2,9,-7
5304302,6602411,6,3,3
5304302,6602411,8,1,7
5592415,7982263,8,10,-2
5592415,7982263,12,5,7
5280477,7133940,10,7,3
4923830,7615184,1,6,-5
7198387,8262253,5,1,4
4267021,7815776,4,8,-4
4267021,7815776,12,4,8
6399707,7896397,8,12,-4
7050326,8223531,2,13,-11
7050326,8223531,3,1,2
7050326,8223531,4,3,1
7050326,8223531,6,2,4
5627412,7089430,13,11,2
4177256,4851231,1,3,-2
4177256,4851231,6,5,1
4008698,4138982,1,2,-1
6651108,7574663,2,8,-6
6651108,7574663,6,2,4
5067784,8331752,3,5,-2
5067784,8331752,10,12,-2
5067784,8331752,11,9,2
7180091,7825002,1,1,0
7180091,7825002,8,3,5
7180091,7825002,10,2,8
7180091,7825002,12,4,8
6449829,8362867,3,7,-4
6240360,7660418,4,7,-3
4442681,8359874,1,8,-7
6152937,7357807,1,4,-3
4279808,5077337,6,11,-5
5341068,5619106,6,2,4
5341068,5619106,7,4,3
6992687,8266244,3,1,2
6992687,8266244,7,4,3
6919508,8216881,4,3,1
4374713,4670115,5,2,3
4374713,4670115,7,9,-2
4374713,4670115,9,5,4
4684356,5209700,1,12,-11
4684356,5209700,3,4,-1
4684356,5209700,6,1,5
4684356,5209700,8,13,-5
4684356,5209700,10,6,4
4684356,5209700,13,3,10
6611516,7774468,5,4,1
6911127,8277624,3,8,-5
6911127,8277624,4,1,3
6911127,8277624,9,7,2
6565874,8147865,12,6,6
5181498,6328025,1,8,-7
5181498,6328025,3,10,-7
5181498,6328025,7,1,6
5181498,6328025,8,3,5
5574142,8137695,9,10,-1
5114437,7419519,1,13,-12
5114437,7419519,6,3,3
4199935,6564555,2,4,-2
4199935,6564555,6,12,-6
4199935,6564555,7,13,-6
4188106,4712899,1,2,-1
4188106,4712899,5,3,2
7172600,8034085,6,5,1
6610091,7074238,9,5,4
6610091,7074238,12,2,10
4561436,8500723,1,3,-2
4561436,8500723,11,10,1
5381405,7058966,5,10,-5
6510350,7456736,8,5,3
6510350,7456736,11,2,9
6510350,7456736,12,4,8
7402071,7559786,1,2,-1
7402071,7559786,2,6,-4
7402071,7559786,9,1,8
4684896,5635841,1,1,0
4684896,5635841,2,5,-3
5339330,6895217,5,12,-7
5339330,6895217,12,10,2
4739762,5571173,1,2,-1
4739762,5571173,3,6,-3
4809697,6957100,5,11,-6
5395885,7316811,2,3,-1
5395885,7316811,9,2,7
4235710,6659283,9,8,1
4235710,6659283,12,12,0
4364212,7594331,3,5,-2
5100408,6602258,2,4,-2
5100408,6602258,6,6,0
5100408,6602258,9,3,6
6081002,6501137,11,11,0
6081002,6501137,13,7,6
5041992,5404440,3,4,-1
5124212,7105584,1,9,-8
5124212,7105584,2,1,1
4609546,4713240,7,7,0
5335207,7269212,1,5,-4
5335207,7269212,12,6,6
5335207,7269212,13,4,9
5147119,6932222,8,10,-2
7349336,7961621,1,5,-4
5031781,6533130,2,11,-9
5031781,6533130,4,6,-2
5482553,6132809,2,3,-1
5482553,6132809,10,2,8
6434458,7690565,5,3,2
3931354,4229550,1,2,-1
3931354,4229550,7,5,2
3931354,4229550,10,9,1
6173990,6340169,3,5,-2
6173990,6340169,9,4,5
6173990,6340169,11,1,10
6173990,6340169,13,11,2
5253606,7104495,4,12,-8
6549937,8145709,7,7,0
4262183,4363957,5,2,3
4021773,8437220,1,1,0
4021773,8437220,2,11,-9
4021773,8437220,5,7,-2
4021773,8437220,6,4,2
5327888,6917825,3,1,2
5384977,7426793,1,13,-12
5384977,7426793,12,1,11
5384977,7426793,13,2,11
4644120,7800007,7,5,2
7007066,8131848,2,8,-6
4709320,7791847,6,5,1
4709320,7791847,7,11,-4
4709320,7791847,9,9,0
5396266,7038657,3,11,-8
7394347,8660531,6,9,-3
5070421,5526211,4,7,-3
5070421,5526211,8,6,2
5070421,5526211,10,2,8
5070421,5526211,11,9,2
5103601,7200969,1,4,-3
5103601,7200969,4,3,1
5103601,7200969,6,7,-1
6466223,7034837,2,12,-10
5348899,6376287,8,8,0
5348899,6376287,9,2,7
5348899,6376287,11,4,7
7342441,7655934,1,4,-3
7342441,7655934,2,13,-11
7342441,7655934,9,6,3
4828827,7641688,2,2,0
4828827,7641688,4,4,0
6172712,7092023,12,2,10
4544993,8021014,5,1,4
6247898,8437881,10,4,6
4276265,8071047,5,9,-4
4276265,8071047,12,4,8
4253593,5009348,3,8,-5
6646008,7544702,3,1,2
6646008,7544702,9,9,0
6359993,8094850,5,2,3
6359993,8094850,8,1,7
4960248,6892620,1,1,0
4960248,6892620,2,3,-1
4960248,6892620,4,2,2
4960248,6892620,9,6,3
4842579,5282484,1,9,-8
4842579,5282484,3,5,-2
4842579,5282484,4,7,-3
4842579,5282484,6,8,-2
4842579,5282484,8,1,7
6854145,7676868,1,3,-2
6854145,7676868,2,2,0
6854145,7676868,3,12,-9
4386514,4696177,1,2,-1
4386514,4696177,3,11,-8
4386514,4696177,4,10,-6
4386514,4696177,5,7,-2
4386514,4696177,8,1,7
4386514,4696177,9,12,-3
4710649,5126596,1,2,-1
4710649,5126596,2,4,-2
4710649,5126596,3,7,-4
4710649,5126596,5,13,-8
4710649,5126596,8,1,7
4710649,5126596,12,6,6
4502315,8151617,2,9,-7
4502315,8151617,3,2,1
4502315,8151617,4,4,0
7030848,7755594,6,7,-1
7030848,7755594,8,13,-5
7030848,7755594,9,2,7
5575771,8323307,1,2,-1
5575771,8323307,3,4,-1
4711749,4940738,2,1,1
4711749,4940738,11,7,4
4711749,4940738,12,4,8
6925893,8169118,12,12,0
6393903,8650011,8,7,1
6639943,8428364,1,7,-6
5304187,6156045,1,3,-2
5304187,6156045,6,13,-7
5376179,6933211,2,10,-8
5376179,6933211,3,1,2
5376179,6933211,5,7,-2
5376179,6933211,6,8,-2
5376179,6933211,12,4,8
4870258,8100870,11,7,4
6492051,7498095,4,7,-3
6492051,7498095,6,1,5
6406455,8202250,3,13,-10
6885546,8279585,3,4,-1
6885546,8279585,7,2,5
6885546,8279585,13,10,3
5266610,8287686,6,8,-2
5266610,8287686,7,9,-2
4965426,5423756,1,1,0
4965426,5423756,2,2,0
6366186,8203402,5,2,3
6366186,8203402,9,5,4
5499998,7261724,1,4,-3
5499998,7261724,10,2,8
5499998,7261724,12,5,7
7489357,7659925,1,4,-3
7489357,7659925,2,5,-3
7489357,7659925,9,1,8
7489357,7659925,13,11,2
4127165,4635707,1,3,-2
7078950,7671647,1,7,-6
7078950,7671647,3,2,1
7078950,7671647,6,8,-2
7078950,7671647,8,3,5
3976862,6473172,3,4,-1
6259614,7126288,11,2,9
4621628,7887545,2,1,1
4621628,7887545,4,8,-4
4621628,7887545,13,2,11
4440164,5322058,3,8,-5
4231059,5296732,1,1,0
4231059,5296732,11,6,5
6621327,7535282,1,8,-7
6621327,7535282,2,3,-1
4111865,6521674,1,1,0
4111865,6521674,2,13,-11
4933558,7244955,4,1,3
4933558,7244955,6,12,-6
4933558,7244955,8,8,0
4933558,7244955,9,6,3
3968089,4317895,4,4,0
3968089,4317895,7,13,-6
4340812,4786795,4,6,-2
4340812,4786795,6,3,3
6296903,6419989,1,6,-5
6296903,6419989,2,5,-3
6296903,6419989,10,13,-3
6405139,8509935,10,7,3
7271872,8679274,2,1,1
7271872,8679274,4,2,2
7271872,8679274,12,8,4
4416147,4667389,1,6,-5
4416147,4667389,2,9,-7
4416147,4667389,5,4,1
7194284,7466999,1,1,0
4543616,8607296,4,4,0
4543616,8607296,11,8,3
5155816,7386706,1,13,-12
5155816,7386706,5,3,2
6667060,8741885,5,6,-1
7216040,8522835,1,1,0
5072072,6100470,3,1,2
4023026,4771429,2,2,0
4023026,4771429,6,3,3
4023026,4771429,12,5,7
4235828,7905469,1,1,0
4235828,7905469,5,8,-3
4235828,7905469,10,4,6
6470460,8270807,2,3,-1
6571255,7428703,4,3,1
6571255,7428703,7,5,2
6571255,7428703,11,1,10
4213954,4891187,8,11,-3
4926104,7973524,1,4,-3
4926104,7973524,2,3,-1
6630980,7265807,11,13,-2
5416228,7223822,2,2,0
6207479,7365431,10,1,9
6402046,8001962,1,6,-5
4704661,5055981,4,5,-1
4704661,5055981,6,10,-4
4704661,5055981,8,2,6
7393322,8608652,13,2,11
4597204,7654591,1,1,0
4597204,7654591,2,5,-3
4597204,7654591,7,3,4
7026124,8658110,3,2,1
7026124,8658110,7,1,6
4819718,7323043,5,12,-7
4819718,7323043,7,4,3
7040003,7888940,10,1,9
7040003,7888940,12,4,8
4932664,5149100,1,1,0
4932664,5149100,2,3,-1
4932664,5149100,3,4,-1
4932664,5149100,6,8,-2
4932664,5149100,7,6,1
4932664,5149100,10,11,-1
4932664,5149100,11,12,-1
4932664,5149100,12,13,-1
4932664,5149100,13,7,6
4829803,5205146,2,10,-8
7300870,8288809,3,5,-2
7300870,8288809,10,1,9
4199506,5000775,2,7,-5
4199506,5000775,3,1,2
4199506,5000775,4,11,-7
4199506,5000775,5,4,1
4372139,7047778,7,2,5
4372139,7047778,8,13,-5
4372139,7047778,12,1,11
4261039,4591969,1,3,-2
4261039,4591969,6,2,4
5143072,6491635,1,1,0
5473607,6862287,3,1,2
4616653,4832047,3,2,1
4616653,4832047,4,6,-2
4616653,4832047,9,4,5
4616653,4832047,12,1,11
5394526,8601112,3,6,-3
6504675,7950138,2,1,1
6504675,7950138,10,2,8
4850256,7246705,6,11,-5
7586060,8168030,1,1,0
7586060,8168030,2,3,-1
7586060,8168030,4,7,-3
7586060,8168030,6,8,-2
7586060,8168030,8,10,-2
7586060,8168030,9,9,0
7586060,8168030,12,11,1
5126300,5520898,1,1,0
5126300,5520898,7,10,-3
5126300,5520898,9,4,5
5448962,6079347,1,3,-2
5448962,6079347,2,4,-2
5448962,6079347,3,5,-2
5448962,6079347,6,10,-4
6348041,8568431,8,9,-1
6348041,8568431,9,10,-1
6348041,8568431,12,12,0
6473748,8166454,1,1,0
6473748,8166454,7,5,2
7217928,8410449,1,12,-11
7217928,8410449,12,5,7
5112054,7241227,3,7,-4
5112054,7241227,6,5,1
5112054,7241227,7,13,-6
5112054,7241227,8,8,0
5328460,7775215,6,4,2
4710875,6125166,1,1,0
4710875,6125166,2,2,0
4710875,6125166,5,5,0
5017979,7329577,1,5,-4
5017979,7329577,3,1,2
5017979,7329577,4,9,-5
5017979,7329577,8,6,2
4003080,7846391,6,3,3
5259469,8522897,1,2,-1
5259469,8522897,9,13,-4
6642210,8133879,1,5,-4
6642210,8133879,4,13,-9
6642210,8133879,8,6,2
6642210,8133879,10,8,2
6642210,8133879,12,4,8
4631973,4820978,2,4,-2
6400307,7880684,2,5,-3
6400307,7880684,6,10,-4
6400307,7880684,7,13,-6
6315231,7726720,10,7,3
6912505,8554891,2,4,-2
6912505,8554891,7,11,-4
5555006,6536869,1,6,-5
5555006,6536869,4,13,-9
6259151,6972391,5,2,3
4717985,5056032,3,1,2
4862462,6477682,3,5,-2
4862462,6477682,5,8,-3
4862462,6477682,8,2,6
6347398,7711550,1,8,-7
5239406,7101810,3,1,2
5239406,7101810,13,9,4
4077220,8650875,9,1,8
4077525,4274778,3,2,1
4384585,5292338,13,2,11
6414788,8068735,1,1,0
6414788,8068735,5,6,-1
6414788,8068735,6,7,-1
5505732,8206394,1,10,-9
5505732,8206394,5,4,1
5505732,8206394,11,12,-1
5278008,6452699,1,11,-10
5278008,6452699,6,3,3
5278008,6452699,8,2,6
7464187,8341540,1,13,-12
7464187,8341540,7,6,1
4879263,5316987,1,4,-3
4879263,5316987,9,8,1
5567713,6251920,6,4,2
5567713,6251920,10,6,4
5567713,6251920,12,9,3
7868891,8289332,5,8,-3
8081038,8600324,1,3,-2
8081038,8600324,3,2,1
5061561,5296292,1,4,-3
5061561,5296292,3,3,0
7923563,8048878,3,1,2
4917442,5188389,7,13,-6
4917442,5188389,11,4,7
6336650,7296805,1,3,-2
6336650,7296805,6,7,-1
6336650,7296805,12,2,10
3974451,7844995,11,6,5
6314451,7912921,7,5,2
6314451,7912921,9,8,1
6314451,7912921,10,13,-3
5411111,6523640,6,8,-2
5411111,6523640,13,7,6
5349643,6981156,6,3,3
5349643,6981156,7,1,6
5349643,6981156,9,4,5
4983881,6369519,1,4,-3
4983881,6369519,3,5,-2
4983881,6369519,5,11,-6
6136444,7639335,1,5,-4
6136444,7639335,5,11,-6
6280328,8187079,2,5,-3
4199369,6436181,2,4,-2
4199369,6436181,3,10,-7
4199369,6436181,5,6,-1
4199369,6436181,6,2,4
4548373,5499284,3,6,-3
4548373,5499284,5,12,-7
7165041,7757074,3,4,-1
4837728,5318298,1,1,0
4837728,5318298,2,4,-2
4837728,5318298,4,7,-3
4837728,5318298,5,5,0
5282238,6507610,5,6,-1
6400534,8120353,2,8,-6
6400534,8120353,5,2,3
6400534,8120353,7,1,6
4385959,4682742,2,3,-1
5600668,6195379,1,2,-1
5600668,6195379,8,4,4
4008341,6852193,11,2,9
4855186,5336565,5,4,1
4274776,4864938,10,13,-3
5205799,5334121,3,2,1
6127633,8656581,2,4,-2
6127633,8656581,5,1,4
6127633,8656581,10,9,1
6939348,8075554,1,1,0
6939348,8075554,2,2,0
6939348,8075554,3,3,0
6939348,8075554,4,4,0
6939348,8075554,5,5,0
6939348,8075554,6,6,0
6939348,8075554,7,7,0
6939348,8075554,9,8,1
6939348,8075554,10,9,1
6939348,8075554,11,10,1
6939348,8075554,12,11,1
6939348,8075554,13,12,1
6119309,7976100,4,8,-4
6119309,7976100,12,1,11
7275983,7873451,2,3,-1
5488967,6523567,3,1,2
5488967,6523567,8,3,5
4765534,6092715,1,9,-8
4765534,6092715,2,6,-4
4765534,6092715,7,8,-1
4895724,8530632,1,6,-5
8315330,8705660,7,5,2
6916128,8286858,2,5,-3
6937612,7356024,7,12,-5
5031165,5159587,2,9,-7
5031165,5159587,8,11,-3
5031165,5159587,10,1,9
4632034,6516725,4,2,2
7288902,8214084,2,3,-1
4192076,7240881,8,1,7
6385541,8290482,6,13,-7
6385541,8290482,10,9,1
7139834,7623462,1,1,0
7139834,7623462,2,7,-5
7139834,7623462,11,4,7
4787263,8215202,2,2,0
4787263,8215202,8,7,1
4787263,8215202,12,3,9
7576782,8711246,2,2,0
7375595,8010072,1,6,-5
7375595,8010072,11,10,1
7375595,8010072,12,13,-1
4297811,4950216,10,2,8
4297811,4950216,11,4,7
5413690,8268163,4,5,-1
5413690,8268163,8,4,4
5413690,8268163,11,13,-2
6099479,8504150,1,11,-10
6099479,8504150,2,4,-2
6099479,8504150,6,6,0
6099479,8504150,8,3,5
4898577,8090433,5,12,-7
4434704,8420017,6,1,5
6276266,7987782,3,1,2
6577189,6919858,9,6,3
6128977,8261634,1,1,0
6128977,8261634,3,6,-3
6128977,8261634,5,5,0
6128977,8261634,8,4,4
6293575,7232143,1,3,-2
6293575,7232143,2,6,-4
6293575,7232143,11,1,10
4943976,5636242,1,4,-3
4943976,5636242,3,3,0
4943976,5636242,6,11,-5
6507888,7356737,3,13,-10
5193110,6201950,2,10,-8
5193110,6201950,4,3,1
5193110,6201950,9,1,8
6563891,7844349,12,10,2
5601224,7699203,5,3,2
5601224,7699203,8,5,3
6305122,6516559,3,7,-4
6305122,6516559,4,8,-4
6305122,6516559,5,13,-8
5500554,8603885,7,1,6
5500554,8603885,13,4,9
6402747,8679114,7,7,0
4942184,7135496,3,4,-1
4942184,7135496,5,5,0
6143278,8017627,8,2,6
7299382,7823124,2,2,0
7299382,7823124,8,3,5
5141531,7846332,1,3,-2
5141531,7846332,4,4,0
6460909,7726428,8,11,-3
4820110,6328524,4,2,2
4108419,6085991,1,11,-10
5272057,6268136,4,4,0
5272057,6268136,5,3,2
4159444,8496204,3,10,-7
4141305,4282821,1,1,0
6631292,7148701,2,8,-6
6631292,7148701,7,1,6
6631292,7148701,10,3,7
6631292,7148701,11,5,6
4669748,6452485,1,2,-1
4669748,6452485,6,11,-5
4048445,6215773,2,9,-7
4048445,6215773,6,11,-5
5617492,7989839,3,3,0
6141960,6393832,1,8,-7
6141960,6393832,6,6,0
6141960,6393832,8,3,5
6141960,6393832,9,2,7
6141960,6393832,11,5,6
4374415,8108570,2,8,-6
4374415,8108570,4,1,3
4374415,8108570,12,4,8
6646902,8284590,5,12,-7
6646902,8284590,8,2,6
6646902,8284590,12,10,2
4165479,8093896,1,3,-2
4165479,8093896,7,8,-1
6489979,8555166,3,6,-3
6441108,8030420,4,2,2
6441108,8030420,6,5,1
6542936,7203759,9,1,8
6542936,7203759,11,4,7
5027587,5191540,1,1,0
5027587,5191540,2,6,-4
5027587,5191540,3,2,1
5027587,5191540,13,9,4
5548724,6970912,7,13,-6
5548724,6970912,11,1,10
6153894,6861271,4,4,0
6153894,6861271,5,1,4
6153894,6861271,12,12,0
5479302,7302697,5,1,4
6884499,7147939,1,4,-3
6884499,7147939,7,11,-4
3975039,4271329,12,4,8
3975039,4271329,13,6,7
4984959,6084373,4,3,1
4984959,6084373,9,1,8
5024287,5257674,1,1,0
5024287,5257674,12,6,6
5024287,5257674,13,13,0
4187262,6536626,1,5,-4
4187262,6536626,4,2,2
4187262,6536626,11,12,-1
5363484,7043655,5,12,-7
8219856,8533533,6,13,-7
8219856,8533533,8,5,3
7527631,8715289,1,2,-1
7527631,8715289,9,12,-3
4800087,5268182,4,10,-6
4800087,5268182,5,7,-2
4800087,5268182,7,11,-4
4800087,5268182,12,9,3
4336842,7343973,7,1,6
7368343,8022548,1,5,-4
7368343,8022548,5,2,3
7368343,8022548,9,11,-2
7368343,8022548,10,6,4
4563932,5563815,5,3,2
4563932,5563815,9,7,2
6449193,7320045,3,2,1
4071729,4365300,1,9,-8
4071729,4365300,5,5,0
4071729,4365300,9,10,-1
4309649,5122679,1,7,-6
4309649,5122679,12,10,2
6868972,8556083,1,1,0
6868972,8556083,8,4,4
6509467,8269006,2,7,-5
6509467,8269006,12,8,4
5564998,8360917,4,1,3
6570591,8255286,8,12,-4
5599761,7091292,5,3,2
5599761,7091292,8,10,-2
5076688,7809235,1,6,-5
5076688,7809235,5,7,-2
5076688,7809235,9,5,4
4350156,7166223,13,10,3
7764985,8357165,4,3,1
7489793,8641595,6,2,4
6084574,7652661,2,10,-8
6084574,7652661,13,2,11
5644689,6532017,11,2,9
6354986,8066888,2,4,-2
6354986,8066888,4,8,-4
6354986,8066888,10,7,3
4338582,6456174,3,7,-4
4338582,6456174,4,2,2
4338582,6456174,12,9,3
5489900,6243077,4,1,3
6074949,6207569,2,1,1
6074949,6207569,5,2,3
6074949,6207569,7,3,4
6074949,6207569,8,5,3
6074949,6207569,9,7,2
6074949,6207569,10,8,2
6074949,6207569,11,9,2
6074949,6207569,12,10,2
4634428,7128726,1,10,-9
4634428,7128726,3,2,1
4666441,5118509,1,2,-1
6256235,7710295,4,6,-2
6256235,7710295,10,10,0
6750226,7897617,1,5,-4
6354121,8141400,1,1,0
6354121,8141400,5,2,3
6354121,8141400,7,9,-2
6354121,8141400,11,12,-1
5582611,8584919,1,5,-4
5582611,8584919,4,12,-8
5582611,8584919,6,4,2
5210530,7406516,12,8,4
4762381,6075911,2,1,1
4762381,6075911,4,8,-4
4544401,4789393,4,1,3
4544401,4789393,5,10,-5
4839106,5330104,3,11,-8
4860703,6425930,2,10,-8
6541617,7560237,2,1,1
6541617,7560237,3,5,-2
6541617,7560237,11,4,7
4208590,6127739,1,5,-4
4208590,6127739,5,2,3
4208590,6127739,7,6,1
4170028,4698692,7,5,2
4170028,4698692,9,4,5
6269005,7150650,2,1,1
6269005,7150650,10,7,3
4444078,4711014,5,6,-1
6865254,7899155,1,9,-8
6865254,7899155,2,1,1
5577840,7905855,3,9,-6
5577840,7905855,5,6,-1
6577522,7670895,8,3,5
4545325,5283615,1,1,0
4545325,5283615,6,6,0
4545325,5283615,13,9,4
5372216,6193274,5,4,1
5372216,6193274,7,7,0
5243549,7957127,4,8,-4
5243549,7957127,8,12,-4
6414438,7488962,1,2,-1
6414438,7488962,4,1,3
6414438,7488962,6,3,3
6370068,8291173,4,3,1
6370068,8291173,7,1,6
5655060,6216058,1,13,-12
5655060,6216058,2,1,1
5655060,6216058,3,9,-6
5655060,6216058,7,5,2
5655060,6216058,13,7,6
6326197,7011852,1,3,-2
6326197,7011852,3,7,-4
4767342,5188535,3,1,2
4767342,5188535,7,10,-3
4767342,5188535,10,9,1
4767342,5188535,11,6,5
6877555,7370704,8,6,2
6207023,8168126,1,4,-3
7033131,8328519,1,6,-5
7033131,8328519,3,8,-5
6952513,7369334,2,1,1
6952513,7369334,7,13,-6
3961652,4561474,2,3,-1
3961652,4561474,5,4,1
3961652,4561474,8,6,2
3961652,4561474,9,2,7
5111199,5428214,7,11,-4
5111199,5428214,9,9,0
6856257,6956866,2,1,1
6856257,6956866,8,10,-2
4304468,4917480,1,6,-5
4304468,4917480,2,2,0
4304468,4917480,4,9,-5
4304468,4917480,8,11,-3
4304468,4917480,10,3,7
6445980,7216019,10,5,5
7273788,8435850,2,1,1
7273788,8435850,3,3,0
7273788,8435850,5,4,1
4456401,5386669,7,6,1
5422571,6519122,1,1,0
5422571,6519122,2,6,-4
5422571,6519122,3,4,-1
5422571,6519122,5,3,2
5422571,6519122,6,2,4
4700185,4982400,1,6,-5
5133755,8057475,1,6,-5
4946799,7112495,1,2,-1
4946799,7112495,7,3,4
4946799,7112495,11,12,-1
4202268,6082260,1,1,0
4202268,6082260,4,6,-2
4202268,6082260,5,10,-5
4202268,6082260,8,7,1
4202268,6082260,11,9,2
7285836,8711608,2,3,-1
7285836,8711608,4,5,-1
6559991,7616898,7,4,3
6559991,7616898,9,5,4
4319362,8341770,1,3,-2
4319362,8341770,5,5,0
4663684,7079360,1,1,0
4663684,7079360,2,3,-1
4663684,7079360,5,6,-1
4105811,4421569,2,3,-1
4105811,4421569,3,6,-3
4105811,4421569,5,8,-3
4105811,4421569,6,9,-3
4105811,4421569,7,10,-3
6141248,7074673,8,4,4
6132351,8602242,10,9,1
6385609,7877804,9,1,8
6526443,8234156,1,13,-12
6519027,8554816,9,1,8
6519027,8554816,12,2,10
7068076,8552948,1,12,-11
6080365,6444170,2,9,-7
6080365,6444170,7,10,-3
6080365,6444170,8,11,-3
5523520,8524990,4,4,0
5523520,8524990,12,10,2
5523520,8524990,13,11,2
5610729,8243794,4,7,-3
5610729,8243794,8,1,7
5397364,8740983,3,4,-1
5397364,8740983,9,11,-2
7190996,7774061,8,10,-2
5433865,7376548,12,5,7
5144526,7068492,8,4,4
5144526,7068492,9,5,4
5144526,7068492,10,12,-2
5144526,7068492,12,11,1
5144526,7068492,13,2,11
5061405,8469655,12,1,11
6871066,8140021,5,3,2
4780821,5319773,7,5,2
4780821,5319773,11,12,-1
4571183,8474635,1,3,-2
7151023,8587039,2,3,-1
7151023,8587039,3,4,-1
7151023,8587039,5,8,-3
7151023,8587039,6,2,4
7151023,8587039,13,1,12
5129479,8727063,2,4,-2
5129479,8727063,5,5,0
5129479,8727063,7,10,-3
5129479,8727063,10,9,1
7434048,8281285,3,7,-4
7434048,8281285,13,8,5
5279990,6066559,6,5,1
6885708,7986742,7,13,-6
6885708,7986742,9,12,-3
4899620,8381618,1,4,-3
4899620,8381618,3,1,2
4899620,8381618,7,7,0
4281472,5558550,1,1,0
7433055,7679756,1,1,0
7433055,7679756,2,2,0
7433055,7679756,3,10,-7
7433055,7679756,4,4,0
7433055,7679756,5,9,-4
7433055,7679756,6,3,3
7433055,7679756,7,12,-5
7433055,7679756,8,7,1
7433055,7679756,10,6,4
7433055,7679756,11,11,0
7433055,7679756,12,8,4
6350760,7727991,1,1,0
6350760,7727991,3,2,1
6350760,7727991,5,3,2
6350760,7727991,9,6,3
6350760,7727991,12,11,1
5302294,7438189,4,5,-1
5302294,7438189,5,9,-4
6264882,7791188,1,1,0
6264882,7791188,5,10,-5
6243084,6982685,2,2,0
6243084,6982685,3,1,2
6243084,6982685,6,9,-3
6243084,6982685,9,3,6
6243084,6982685,13,12,1
7120931,8369345,2,5,-3
6543798,7219755,2,5,-3
6543798,7219755,4,1,3
6543798,7219755,5,2,3
6543798,7219755,9,10,-1
4883974,6465904,8,4,4
6622969,8113468,2,5,-3
4714983,5057974,2,7,-5
4714983,5057974,3,8,-5
7158421,8711625,1,10,-9
4232177,4536373,1,4,-3
4232177,4536373,2,5,-3
4232177,4536373,3,2,1
4232177,4536373,5,6,-1
4232177,4536373,6,7,-1
4232177,4536373,8,11,-3
4232177,4536373,13,8,5
4354628,8210414,1,1,0
4354628,8210414,2,3,-1
4354628,8210414,4,7,-3
4304240,4951678,1,13,-12
4304240,4951678,9,12,-3
5423214,7017409,4,7,-3
5423214,7017409,5,8,-3
5423214,7017409,6,4,2
6093784,7348113,1,13,-12
6093784,7348113,2,2,0
6093784,7348113,5,12,-7
5411070,8082961,1,8,-7
5411070,8082961,10,2,8
7819956,8293098,1,6,-5
7676372,8251924,6,13,-7
6072178,6855931,11,5,6
6072178,6855931,13,10,3
5615268,8484723,1,2,-1
5615268,8484723,2,9,-7
5615268,8484723,3,8,-5
5615268,8484723,4,4,0
5615268,8484723,11,7,4
6887650,7939385,2,8,-6
7954481,8695580,2,3,-1
7954481,8695580,9,1,8
3944470,6204234,11,6,5
5591644,6546786,1,8,-7
4907264,7636788,8,9,-1
4139596,6497745,13,7,6
4716009,5373539,4,3,1
4716009,5373539,5,5,0
6925009,7262994,11,3,8
4289551,4944815,4,6,-2
4289551,4944815,8,7,1
4437468,8475384,1,2,-1
4437468,8475384,2,4,-2
4437468,8475384,4,8,-4
4437468,8475384,9,9,0
5293660,7636960,6,1,5
5293660,7636960,12,5,7
6617643,7354843,12,8,4
6442748,8671032,8,6,2
6442748,8671032,10,13,-3
4668258,6506184,1,12,-11
4668258,6506184,2,4,-2
4668258,6506184,4,8,-4
4668258,6506184,7,11,-4
4668258,6506184,8,3,5
4668258,6506184,11,1,10
4878633,5267707,1,1,0
4878633,5267707,5,3,2
4878633,5267707,8,4,4
5235451,7286120,1,5,-4
5235451,7286120,5,4,1
5150515,6064927,3,1,2
5150515,6064927,11,9,2
6616372,7489984,3,4,-1
6616372,7489984,11,3,8
6616372,7489984,13,7,6
7006073,8259822,11,7,4
4811082,8629043,4,2,2
4403527,4807497,5,2,3
4403527,4807497,13,8,5
6063297,7838039,1,11,-10
6063297,7838039,3,3,0
6063297,7838039,8,10,-2
6063297,7838039,10,6,4
4683275,6191217,2,2,0
4777661,5294075,4,1,3
4777661,5294075,7,11,-4
6953433,7857765,2,4,-2
6953433,7857765,6,11,-5
4671474,5374013,1,9,-8
5022981,5563315,2,3,-1
5022981,5563315,4,1,3
5022981,5563315,6,5,1
5022981,5563315,13,9,4
6158038,6581178,1,3,-2
6158038,6581178,2,1,1
6158038,6581178,5,7,-2
6158038,6581178,8,6,2
4221231,5632297,4,10,-6
4221231,5632297,5,12,-7
5510919,6295152,2,12,-10
5510919,6295152,5,1,4
5510919,6295152,11,13,-2
5510919,6295152,13,4,9
4415103,5174908,1,1,0
4415103,5174908,3,7,-4
4415103,5174908,8,4,4
4415103,5174908,11,3,8
5054643,5501351,7,2,5
5054643,5501351,9,3,6
6281952,8072567,5,4,1
6281952,8072567,10,6,4
6486872,8154512,3,8,-5
6486872,8154512,4,9,-5
6486872,8154512,8,4,4
4458273,4700243,1,3,-2
4458273,4700243,3,1,2
4458273,4700243,10,13,-3
7005916,7304534,1,1,0
7005916,7304534,2,3,-1
7005916,7304534,8,7,1
5649999,6149721,3,2,1
5649999,6149721,8,12,-4
5649999,6149721,9,6,3
5650403,8017168,2,7,-5
5339330,7577575,12,7,5
4633975,5014381,1,3,-2
4633975,5014381,2,1,1
4633975,5014381,4,2,2
7778236,8467375,5,5,0
4890559,7093545,2,1,1
4890559,7093545,3,3,0
4890559,7093545,8,8,0
4423777,7055596,2,1,1
4423777,7055596,9,6,3
4423777,7055596,13,11,2
6957802,8267193,2,4,-2
6957802,8267193,4,7,-3
6272595,7475219,2,2,0
6272595,7475219,6,3,3
4035440,6524673,1,2,-1
4035440,6524673,4,4,0
4035440,6524673,8,9,-1
5577109,7890422,1,3,-2
4338204,4758378,1,2,-1
4338204,4758378,4,1,3
6647552,8043350,4,5,-1
6175831,8099433,3,4,-1
6175831,8099433,8,7,1
5173136,6554930,8,1,7
5617085,8095310,3,11,-8
5103517,6453477,5,1,4
6498975,7395891,2,11,-9
6498975,7395891,3,12,-9
6498975,7395891,5,8,-3
6498975,7395891,11,3,8
6498975,7395891,13,7,6
4171910,8675194,1,1,0
4965127,6398892,1,2,-1
4965127,6398892,3,5,-2
4965127,6398892,5,11,-6
6312333,7753782,1,2,-1
6312333,7753782,2,9,-7
6312333,7753782,5,1,4
6312333,7753782,7,6,1
4779462,8582106,6,3,3
4888031,8360342,5,6,-1
6875803,7138176,2,2,0
6875803,7138176,3,3,0
6875803,7138176,5,4,1
6875803,7138176,7,6,1
6875803,7138176,9,1,8
6875803,7138176,11,11,0
6364879,8535312,2,1,1
6364879,8535312,7,2,5
4968828,5446115,7,11,-4
5264414,5529979,2,1,1
5264414,5529979,7,2,5
5264414,5529979,8,4,4
4704285,5281584,3,1,2
4704285,5281584,4,3,1
4704285,5281584,5,7,-2
4704285,5281584,13,8,5
6153295,7449257,1,1,0
6153295,7449257,2,2,0
6153295,7449257,5,8,-3
6153295,7449257,6,5,1
6153295,7449257,11,6,5
6153295,7449257,12,7,5
6434823,7078073,2,1,1
6434823,7078073,13,6,7
4693958,6451500,5,9,-4
6393408,7363055,1,4,-3
6393408,7363055,3,8,-5
6378072,8397081,2,5,-3
6378072,8397081,3,1,2
4435677,5430407,5,7,-2
6470421,8683130,6,2,4
6999066,7847677,5,12,-7
4917097,5115814,3,8,-5
4917097,5115814,4,1,3
4917097,5115814,5,7,-2
4917097,5115814,7,3,4
4392801,7404710,6,5,1
4392801,7404710,9,9,0
5648641,7541546,5,1,4
5648641,7541546,12,5,7
4566935,7375873,3,13,-10
4759472,5018646,11,2,9
5489631,6063319,7,1,6
7322889,7682237,8,7,1
7322889,7682237,11,13,-2
4876968,7757610,1,13,-12
4876968,7757610,2,12,-10
4876968,7757610,5,4,1
4876968,7757610,10,5,5
7704480,8363017,1,2,-1
7704480,8363017,2,9,-7
5276735,6240513,3,5,-2
5276735,6240513,9,6,3
7542435,8239901,7,1,6
5411507,8197528,1,1,0
4498466,8419612,9,2,7
6363326,8339526,2,3,-1
6246832,7161748,1,4,-3
6246832,7161748,2,1,1
6246832,7161748,4,10,-6
3946351,4136339,1,7,-6
3946351,4136339,3,10,-7
3946351,4136339,5,13,-8
3946351,4136339,10,3,7
4119447,5382400,2,7,-5
6516012,7075963,2,11,-9
6516012,7075963,9,13,-4
6516012,7075963,13,6,7
6878147,7128739,1,1,0
6878147,7128739,3,2,1
6878147,7128739,5,7,-2
6878147,7128739,6,4,2
6878147,7128739,8,6,2
6878147,7128739,11,9,2
4949048,8350635,1,3,-2
4949048,8350635,2,4,-2
4949048,8350635,5,5,0
4949048,8350635,6,1,5
4949048,8350635,12,8,4
6624946,7609450,4,1,3
4285409,5562171,1,3,-2
6968178,8238888,11,1,10
4850106,6405438,5,3,2
4850106,6405438,9,2,7
4850106,6405438,13,6,7
4394448,7449449,6,2,4
4961246,5349722,4,10,-6
6963190,7373527,6,7,-1
6446660,8074671,1,7,-6
5549552,6641603,1,4,-3
5549552,6641603,3,3,0
5549552,6641603,8,9,-1
6522838,7931573,3,8,-5
6357011,8018607,3,1,2
7147569,7396295,2,1,1
7147569,7396295,3,10,-7
7147569,7396295,9,7,2
7147569,7396295,10,13,-3
4937020,8395016,7,7,0
4412532,8439043,1,7,-6
4412532,8439043,2,1,1
4412532,8439043,5,13,-8
4412532,8439043,6,5,1
6839671,8285542,4,4,0
6839671,8285542,5,6,-1
6839671,8285542,11,9,2
6370629,7660418,2,8,-6
6370629,7660418,4,7,-3
7331406,8353362,3,8,-5
7331406,8353362,4,2,2
7331406,8353362,6,5,1
6876028,7674682,4,7,-3
6876028,7674682,10,6,4
6876028,7674682,11,12,-1
6876028,7674682,12,1,11
5412473,7898661,11,1,10
5196939,7142233,4,13,-9
5196939,7142233,9,11,-2
4813314,7320268,1,2,-1
4813314,7320268,2,1,1
4813314,7320268,6,4,2
4199305,7726959,1,1,0
4347861,6343611,1,9,-8
4347861,6343611,2,10,-8
4347861,6343611,5,2,3
4347861,6343611,7,4,3
5591953,6527185,2,12,-10
5591953,6527185,5,1,4
7328242,7657272,2,6,-4
7328242,7657272,4,2,2
7328242,7657272,10,4,6
6212107,6518831,2,1,1
6212107,6518831,3,5,-2
6212107,6518831,4,3,1
6212107,6518831,12,11,1
5008503,8541706,3,3,0
5008503,8541706,7,2,5
5391891,7309873,7,1,6
5391891,7309873,10,10,0
5391891,7309873,12,13,-1
4156905,4434502,1,3,-2
4156905,4434502,4,4,0
5047920,5325508,1,2,-1
5047920,5325508,2,4,-2
5047920,5325508,3,1,2
5616370,7038894,1,1,0
5616370,7038894,5,2,3
5077666,7765298,3,12,-9
5236627,8605411,2,8,-6
5294870,8324803,4,9,-5
5294870,8324803,8,10,-2
5294870,8324803,9,5,4
7008032,7637119,13,1,12
6641284,7938558,3,1,2
6641284,7938558,6,8,-2
5206546,8102730,5,2,3
5410617,7873229,3,6,-3
6146642,7070789,2,6,-4
6146642,7070789,5,9,-4
6146642,7070789,12,1,11
6146642,7070789,13,10,3
4726979,6875487,1,11,-10
4726979,6875487,2,12,-10
4726979,6875487,3,1,2
4726979,6875487,9,6,3
5655917,8037229,1,3,-2
5119804,6508756,3,2,1
5256193,6342305,5,9,-4
5256193,6342305,7,13,-6
7706324,8259669,1,1,0
7706324,8259669,2,2,0
7706324,8259669,3,3,0
7706324,8259669,4,4,0
7706324,8259669,5,5,0
7706324,8259669,6,6,0
7706324,8259669,7,7,0
7706324,8259669,8,8,0
7706324,8259669,9,9,0
7706324,8259669,10,10,0
7706324,8259669,11,11,0
7706324,8259669,12,12,0
7706324,8259669,13,13,0
5340370,7381648,1,1,0
5340370,7381648,3,2,1
5340370,7381648,4,4,0
5340370,7381648,5,5,0
5340370,7381648,8,9,-1
5340370,7381648,9,11,-2
5340370,7381648,11,6,5
4639434,7060672,4,1,3
6271562,8072027,4,4,0
4989546,6944990,1,1,0
4989546,6944990,9,3,6
4989546,6944990,10,2,8
6623505,8546456,2,9,-7
5143339,7334767,10,11,-1
6481033,8209804,1,2,-1
6481033,8209804,11,13,-2
6495890,8394699,1,9,-8
6495890,8394699,2,5,-3
6495890,8394699,4,4,0
6495890,8394699,13,7,6
6252989,6535644,1,5,-4
6252989,6535644,2,3,-1
6252989,6535644,9,6,3
4931783,7395089,1,12,-11
4931783,7395089,12,7,5
7491590,8519404,4,6,-2
7491590,8519404,5,3,2
7491590,8519404,6,10,-4
7281304,7868522,4,1,3
7281304,7868522,8,13,-5
6511615,7477384,9,7,2
4038795,7127854,9,6,3
4226440,6481079,5,11,-6
4226440,6481079,6,6,0
4073603,6957604,3,5,-2
4073603,6957604,4,13,-9
4073603,6957604,8,2,6
4073603,6957604,9,3,6
4073603,6957604,11,7,4
6292174,8031181,1,13,-12
6292174,8031181,6,7,-1
6482149,8197399,8,2,6
5595924,8248859,5,4,1
5595924,8248859,10,10,0
5595924,8248859,13,1,12
6221277,8518159,6,3,3
4880015,7549564,12,12,0
4025820,4618906,6,10,-4
4025820,4618906,8,11,-3
6120190,7680368,7,3,4
4250384,6534767,9,4,5
7286436,8090897,1,1,0
7286436,8090897,9,8,1
7286436,8090897,11,13,-2
6081610,8600830,9,8,1
6858038,7959668,1,7,-6
4697237,4809179,8,1,7
4897138,6485593,1,5,-4
6843457,8611077,2,12,-10
4221490,5454655,1,1,0
4221490,5454655,2,5,-3
4221490,5454655,3,9,-6
4221490,5454655,5,8,-3
5121200,7726434,3,3,0
5121200,7726434,13,4,9
4894874,6127671,1,7,-6
4894874,6127671,6,11,-5
4205780,7916925,1,6,-5
4612613,4979103,4,3,1
5645504,8393080,12,6,6
6170587,7392871,7,2,5
6170587,7392871,9,5,4
6137433,6856276,2,1,1
4595941,5274262,1,4,-3
4595941,5274262,3,6,-3
4595941,5274262,7,8,-1
4595941,5274262,8,9,-1
6953348,7656175,4,4,0
6953348,7656175,6,12,-6
6953348,7656175,11,10,1
5486712,6333538,2,8,-6
5486712,6333538,7,6,1
5486712,6333538,13,11,2
4606368,5129417,6,12,-6
4606368,5129417,9,2,7
4606368,5129417,13,13,0
4401136,4784186,2,2,0
4401136,4784186,5,6,-1
4401136,4784186,6,1,5
4401136,4784186,9,8,1
6667825,8154787,3,8,-5
6894245,7141757,1,5,-4
6894245,7141757,3,2,1
6894245,7141757,4,7,-3
6894245,7141757,5,9,-4
6894245,7141757,7,4,3
6280441,7686817,2,13,-11
4899484,8627595,1,2,-1
4899484,8627595,2,11,-9
4899484,8627595,12,5,7
7658163,8272579,2,1,1
4458256,4560991,1,7,-6
4458256,4560991,3,1,2
4424243,6197909,2,2,0
4424243,6197909,6,12,-6
5568967,6080464,1,1,0
5568967,6080464,3,2,1
4223365,4931896,4,2,2
4995078,7225455,3,1,2
4995078,7225455,5,10,-5
6313657,7977958,1,2,-1
7369498,7974247,2,1,1
4799677,5603012,4,12,-8
5214704,5317639,1,4,-3
5214704,5317639,2,5,-3
5214704,5317639,3,11,-8
5214704,5317639,4,7,-3
5214704,5317639,5,2,3
5214704,5317639,6,9,-3
5214704,5317639,9,6,3
5214704,5317639,11,8,3
5214704,5317639,13,10,3
8251402,8615348,1,9,-8
8251402,8615348,8,1,7
8251402,8615348,9,2,7
5526446,8340415,2,1,1
4001122,7806276,1,12,-11
4001122,7806276,7,9,-2
4001122,7806276,12,4,8
5135012,6336567,3,1,2
5574443,7972045,1,2,-1
4799739,7503656,1,1,0
4799739,7503656,12,5,7
4546971,5603681,1,11,-10
4917222,5400877,2,1,1
4917222,5400877,4,2,2
6883908,8329079,6,2,4
6466774,8008982,6,7,-1
6466774,8008982,9,2,7
6466774,8008982,13,6,7
7096769,7918719,2,4,-2
7096769,7918719,3,6,-3
4435550,6268306,6,8,-2
4435550,6268306,8,4,4
7225030,8160704,3,5,-2
7225030,8160704,5,3,2
7225030,8160704,6,4,2
7225030,8160704,13,6,7
4894649,7119716,10,9,1
7479147,8070762,4,3,1
7479147,8070762,6,4,2
6305943,8696592,4,3,1
6305943,8696592,13,4,9
6084968,7835721,3,3,0
6084968,7835721,6,4,2
4020017,6181042,11,9,2
5180218,6494603,1,3,-2
5180218,6494603,2,13,-11
5180218,6494603,8,6,2
5180218,6494603,9,9,0
5180218,6494603,10,11,-1
5632938,7150616,1,3,-2
5632938,7150616,2,4,-2
4797213,7326572,1,1,0
4797213,7326572,2,6,-4
4785420,8675775,3,1,2
4396985,5263164,4,2,2
4396985,5263164,5,10,-5
4396985,5263164,7,4,3
6200977,7557210,6,6,0
7325691,7699167,10,6,4
7325691,7699167,12,5,7
5227948,6130517,2,13,-11
6159767,8022557,1,2,-1
6159767,8022557,10,3,7
6899053,7591511,11,11,0
4725522,5153092,1,1,0
4100757,4438729,2,7,-5
4100757,4438729,3,11,-8
4708167,6155901,5,11,-6
4530881,8485533,4,9,-5
7092203,8272784,3,1,2
5633362,7135309,1,3,-2
5633362,7135309,2,10,-8
5633362,7135309,5,1,4
5633362,7135309,6,8,-2
5633362,7135309,7,2,5
5633362,7135309,9,12,-3
4639386,4960626,3,3,0
4639386,4960626,4,4,0
4639386,4960626,6,7,-1
4639386,4960626,8,13,-5
6224836,7189940,7,1,6
5650677,6335580,1,4,-3
5650677,6335580,3,12,-9
5222311,6922914,2,7,-5
5222311,6922914,7,1,6
5222311,6922914,8,2,6
5505732,7094257,2,1,1
5505732,7094257,9,5,4
5505732,7094257,13,4,9
5051339,5310574,1,1,0
5051339,5310574,2,2,0
5051339,5310574,13,7,6
5337653,8621982,1,1,0
5337653,8621982,2,12,-10
5337653,8621982,8,2,6
7015599,7786618,5,5,0
7015599,7786618,9,7,2
7015599,7786618,11,12,-1
7015599,7786618,12,13,-1
6645227,8088130,1,1,0
6645227,8088130,8,7,1
6090606,6958214,2,3,-1
6090606,6958214,7,9,-2
4201306,6838617,5,13,-8
4201306,6838617,7,12,-5
6594635,7925579,13,13,0
4661237,8192716,1,12,-11
4661237,8192716,12,6,6
7164768,8121336,4,1,3
5566518,6931806,7,6,1
5566518,6931806,8,12,-4
5225629,6470556,2,2,0
4364837,7919073,7,4,3
6194418,7129353,6,4,2
6194418,7129353,7,5,2
6194418,7129353,11,8,3
4882707,7372758,3,1,2
4882707,7372758,4,3,1
4882707,7372758,5,9,-4
4882707,7372758,6,11,-5
6915266,7325076,13,7,6
7326350,8187886,2,7,-5
6385255,7286762,2,12,-10
6385255,7286762,5,6,-1
6385255,7286762,6,8,-2
6385255,7286762,9,13,-4
4781932,6245374,1,4,-3
4781932,6245374,4,7,-3
6366926,7979404,10,4,6
4035723,7330023,1,5,-4
6222557,8044953,9,9,0
5570869,8469056,1,5,-4
7172732,7807109,1,9,-8
7172732,7807109,3,4,-1
7172732,7807109,5,1,4
7172732,7807109,8,11,-3
7172732,7807109,9,6,3
7172732,7807109,10,3,7
7172732,7807109,11,5,6
4811361,5455540,7,8,-1
6315580,7458860,3,7,-4
6315580,7458860,10,10,0
6315580,7458860,11,4,7
4633470,4845713,6,7,-1
5300790,6445049,7,1,6
7947849,8475691,1,4,-3
7947849,8475691,2,1,1
7947849,8475691,3,5,-2
7947849,8475691,4,2,2
7947849,8475691,5,9,-4
7947849,8475691,6,10,-4
7947849,8475691,7,6,1
7947849,8475691,8,11,-3
7947849,8475691,10,12,-2
7947849,8475691,12,13,-1
5028083,8160287,9,5,4
5028083,8160287,11,9,2
6532164,8440330,1,1,0
6532164,8440330,5,4,1
4636075,5133602,2,2,0
4636075,5133602,3,1,2
4636075,5133602,6,7,-1
4636075,5133602,7,11,-4
3937350,5109997,1,4,-3
3937350,5109997,2,3,-1
3937350,5109997,12,6,6
7054307,8688111,1,3,-2
7054307,8688111,3,4,-1
6862889,8281597,2,11,-9
6862889,8281597,3,3,0
6862889,8281597,7,2,5
5632433,7819297,1,2,-1
5632433,7819297,2,11,-9
5632433,7819297,7,5,2
5632433,7819297,12,1,11
7266080,8027357,1,7,-6
7266080,8027357,2,9,-7
7266080,8027357,6,3,3
4274637,6905648,1,1,0
4274637,6905648,2,4,-2
4274637,6905648,4,8,-4
4274637,6905648,9,7,2
4053341,4130948,2,6,-4
4053341,4130948,4,9,-5
4053341,4130948,8,11,-3
4784396,8403336,11,5,6
6911276,8028722,3,1,2
4492978,4945410,3,3,0
4492978,4945410,4,1,3
4492978,4945410,5,12,-7
6489980,8555174,1,10,-9
6489980,8555174,2,4,-2
6489980,8555174,7,7,0
6489980,8555174,8,12,-4
5221651,7135531,2,7,-5
5221651,7135531,5,3,2
5221651,7135531,6,2,4
5221651,7135531,7,1,6
6950035,8636393,3,1,2
6950035,8636393,6,4,2
6950035,8636393,10,11,-1
6950035,8636393,12,7,5
4714536,5603816,1,1,0
4714536,5603816,6,4,2
4714536,5603816,9,13,-4
6346454,7092234,1,2,-1
6346454,7092234,11,8,3
4465366,7924434,8,11,-3
5363269,7538647,5,2,3
5363269,7538647,8,3,5
5222237,7395332,8,11,-3
5222237,7395332,9,4,5
4184291,4766701,1,2,-1
4184291,4766701,4,5,-1
4184291,4766701,7,4,3
6439901,7670145,2,4,-2
6439901,7670145,10,6,4
6439901,7670145,13,8,5
4394304,4554093,1,1,0
4394304,4554093,2,7,-5
4394304,4554093,6,11,-5
4331303,6889926,1,1,0
4331303,6889926,5,9,-4
4331303,6889926,7,2,5
4451238,6554663,6,11,-5
4451238,6554663,8,5,3
4451238,6554663,9,2,7
4451238,6554663,10,1,9
4451238,6554663,11,8,3
7944418,8558766,6,5,1
7944418,8558766,7,8,-1
7944418,8558766,9,11,-2
7944418,8558766,10,12,-2
7944418,8558766,11,7,4
6602702,8415177,5,6,-1
4691926,6213902,2,9,-7
6230129,6535850,2,1,1
6230129,6535850,3,2,1
4326439,4633581,4,3,1
6206916,7527644,11,1,10
7342041,7932277,3,1,2
7342041,7932277,8,2,6
7342041,7932277,10,13,-3
7342041,7932277,11,4,7
4867140,8211046,2,8,-6
4759317,7086355,1,10,-9
4759317,7086355,2,2,0
4759317,7086355,9,3,6
4759317,7086355,10,5,5
4547696,4893054,2,12,-10
4547696,4893054,5,5,0
4715325,7481922,3,3,0
4130384,6908584,1,4,-3
4130384,6908584,4,1,3
4130384,6908584,8,2,6
4130384,6908584,10,9,1
7395433,8140850,1,12,-11
7395433,8140850,10,4,6
5430511,8190993,2,4,-2
4085889,6068587,1,2,-1
4617293,8569264,1,1,0
4024178,7078454,6,5,1
4024178,7078454,8,3,5
6540789,7981163,3,8,-5
6540789,7981163,6,3,3
3952640,8734210,5,1,4
4751818,8627658,9,12,-3
5221303,6502274,2,1,1
5221303,6502274,8,2,6
5221303,6502274,10,6,4
5425197,6289629,1,1,0
5425197,6289629,4,2,2
5425197,6289629,7,4,3
5425197,6289629,13,6,7
4237737,5414675,2,2,0
4429711,5117867,2,9,-7
4429711,5117867,3,1,2
4429711,5117867,11,8,3
4060484,6077426,3,1,2
4060484,6077426,6,7,-1
4068543,4228700,2,13,-11
4552315,6228454,2,6,-4
6157707,7877611,1,9,-8
6157707,7877611,2,2,0
5103469,5386446,1,1,0
5103469,5386446,4,6,-2
4081216,4707597,5,3,2
4081216,4707597,11,4,7
5153157,6534664,1,12,-11
5153157,6534664,10,3,7
6122536,8287453,9,3,6
6122536,8287453,11,9,2
6414867,7068507,6,1,5
4951328,6408456,3,11,-8
4951328,6408456,6,6,0
4951328,6408456,9,4,5
6919841,7330789,1,4,-3
4693338,5250094,12,2,10
6187519,6508940,4,9,-5
6187519,6508940,6,4,2
6187519,6508940,10,13,-3
4391151,7073402,4,2,2
4391151,7073402,6,3,3
4391151,7073402,8,13,-5
6142550,7909379,4,11,-7
4076984,4710946,2,1,1
5277340,6464110,1,6,-5
5277340,6464110,6,1,5
6079798,6634723,2,2,0
4007429,4636736,4,2,2
4007429,4636736,7,4,3
4007429,4636736,12,5,7
6628412,7760380,1,3,-2
6628412,7760380,7,4,3
4869415,7328828,6,6,0
6488555,8258508,1,2,-1
6488555,8258508,2,8,-6
6201941,7245853,1,1,0
6201941,7245853,4,7,-3
6201941,7245853,12,2,10
5062770,6079959,1,7,-6
5062770,6079959,2,6,-4
4159361,5296187,1,1,0
7360866,7914131,1,10,-9
5108439,8328873,4,13,-9
7134452,8327882,1,1,0
4942995,6193012,3,9,-6
4942995,6193012,7,2,5
5487972,6573047,2,1,1
5487972,6573047,8,10,-2
5637086,8343105,12,1,11
6400441,7619715,7,2,5
4363600,4668165,1,1,0
6456293,7928991,1,1,0
4819647,7242985,5,4,1
5105186,8144295,6,6,0
5105186,8144295,7,8,-1
5098735,5274712,4,1,3
5098735,5274712,13,10,3
5584046,7340213,2,1,1
5584046,7340213,13,12,1
5321689,8116205,12,9,3
4126504,6852801,1,4,-3
4126504,6852801,10,9,1
4126504,6852801,13,12,1
4248880,4721718,5,6,-1
4248880,4721718,10,7,3
6447565,7294160,10,2,8
4200636,5229511,2,1,1
4200636,5229511,3,8,-5
4200636,5229511,7,6,1
4200636,5229511,10,9,1
4561682,5090747,5,1,4
4561682,5090747,10,11,-1
7413474,8331602,3,8,-5
7413474,8331602,5,9,-4
7413474,8331602,6,12,-6
7413474,8331602,7,11,-4
7413474,8331602,8,13,-5
7413474,8331602,9,1,8
7413474,8331602,12,10,2
5270086,7744574,6,5,1
4666956,6294183,6,8,-2
4666956,6294183,7,6,1
4151105,6362145,6,7,-1
4151105,6362145,7,9,-2
4151105,6362145,11,4,7
4761036,7716797,1,1,0
4761036,7716797,7,5,2
4378346,8359766,6,2,4
5569275,6945977,4,1,3
5569275,6945977,6,11,-5
3958122,8120768,2,6,-4
7466810,8225279,2,2,0
6162121,7442123,2,2,0
6909910,8285263,3,3,0
4157426,5429872,3,11,-8
4157426,5429872,4,1,3
4050458,5522862,3,4,-1
4050458,5522862,5,8,-3
6628627,8005077,2,1,1
5456718,6516212,8,6,2
5456718,6516212,10,7,3
5366995,6174920,3,9,-6
5366995,6174920,4,10,-6
5366995,6174920,12,6,6
4218414,4627953,3,3,0
4218414,4627953,7,6,1
4218414,4627953,9,11,-2
6294522,7696181,1,9,-8
6294522,7696181,6,4,2
6294522,7696181,7,13,-6
6294522,7696181,12,1,11
7221956,7693238,6,12,-6
7221956,7693238,7,3,4
5013041,8016691,1,7,-6
5013041,8016691,3,9,-6
5013041,8016691,7,5,2
5013041,8016691,8,13,-5
7208474,8729336,1,4,-3
7208474,8729336,2,3,-1
7208474,8729336,3,12,-9
7208474,8729336,4,5,-1
7208474,8729336,7,9,-2
7208474,8729336,8,1,7
7208474,8729336,11,10,1
7208474,8729336,12,11,1
7208474,8729336,13,13,0
5267324,7620605,5,10,-5
6164898,6945742,1,1,0
6164898,6945742,2,6,-4
6164898,6945742,4,12,-8
5579029,7525540,1,1,0
5579029,7525540,2,2,0
5579029,7525540,3,5,-2
5579029,7525540,4,8,-4
6134928,7234331,1,5,-4
5248896,8360174,1,2,-1
5423851,7297150,8,6,2
5621579,8424038,4,10,-6
5370912,6344149,2,1,1
6366682,8186580,3,6,-3
6366682,8186580,6,8,-2
5431170,7796403,6,13,-7
6924551,8362591,3,2,1
6924551,8362591,12,3,9
4094863,6187857,3,13,-10
4541605,7150847,5,2,3
5453637,6191459,1,5,-4
5453637,6191459,6,2,4
5453637,6191459,10,11,-1
5651149,7290299,10,9,1
4396965,8111481,6,2,4
6902447,7397144,4,5,-1
6411516,7151229,2,4,-2
6411516,7151229,4,6,-2
6411516,7151229,5,11,-6
6411516,7151229,6,7,-1
6411516,7151229,7,3,4
4171289,6153160,2,10,-8
4171289,6153160,12,1,11
4952283,7698906,11,1,10
5540909,6132374,3,8,-5
5540909,6132374,6,4,2
5540909,6132374,7,1,6
6939290,8702640,7,8,-1
6252781,8493751,1,1,0
6252781,8493751,3,2,1
6252781,8493751,5,3,2
6252781,8493751,6,5,1
6252781,8493751,13,7,6
6266669,8548942,4,3,1
5014267,7421470,12,2,10
6371688,6651391,9,6,3
6312923,7858344,3,5,-2
7003944,7246486,1,5,-4
7003944,7246486,3,2,1
7003944,7246486,5,11,-6
7003944,7246486,8,8,0
7003944,7246486,12,9,3
5381031,6064103,8,1,7
4498105,4562473,1,11,-10
4498105,4562473,2,7,-5
4498105,4562473,3,2,1
4498105,4562473,4,6,-2
4498105,4562473,6,4,2
7200606,8090717,1,2,-1
6188790,6501856,1,3,-2
4864374,6140172,3,9,-6
6195239,7710689,1,8,-7
6195239,7710689,12,3,9
7315357,8009189,4,8,-4
7315357,8009189,5,1,4
7315357,8009189,6,6,0
7315357,8009189,7,9,-2
4697914,5349425,2,10,-8
4697914,5349425,3,1,2
6220049,6484531,1,9,-8
6220049,6484531,5,12,-7
6220049,6484531,6,6,0
6141663,7107281,2,8,-6
4900721,5112617,3,1,2
6186055,6546844,7,5,2
6078424,7234257,6,1,5
6078424,7234257,10,2,8
6892307,7620952,3,2,1
6892307,7620952,7,4,3
5105809,5395373,1,5,-4
5105809,5395373,2,8,-6
5105809,5395373,3,3,0
5105809,5395373,4,7,-3
5565887,6232891,1,10,-9
6535726,8342407,1,4,-3
6535726,8342407,3,3,0
6535726,8342407,10,12,-2
7299314,8111551,4,3,1
7299314,8111551,13,2,11
4285446,4485840,3,4,-1
5269781,8475455,8,7,1
5269781,8475455,11,2,9
7144279,8535066,4,13,-9
4886114,7114561,6,3,3
4886114,7114561,9,12,-3
3984908,5144182,7,6,1
6952707,7693890,6,10,-4
6952707,7693890,7,11,-4
6184726,7457178,2,2,0
6184726,7457178,8,6,2
6184726,7457178,9,4,5
6184726,7457178,13,5,8
5387890,6657533,1,1,0
5387890,6657533,10,5,5
5387890,6657533,12,13,-1
4269903,5242264,4,12,-8
7199535,7936083,1,1,0
7199535,7936083,3,4,-1
7270654,8465772,7,10,-3
7270654,8465772,11,7,4
4850731,6068117,2,4,-2
4442400,5594633,1,1,0
4442400,5594633,5,2,3
4442400,5594633,6,4,2
4442400,5594633,11,3,8
4442400,5594633,12,8,4
4442400,5594633,13,9,4
6226121,7837340,1,1,0
6226121,7837340,3,2,1
6226121,7837340,9,9,0
5650604,8606714,7,5,2
7277271,7787234,1,8,-7
7536345,7912781,2,1,1
5084841,6101329,2,1,1
5084841,6101329,4,4,0
5084841,6101329,7,3,4
4997590,5605883,12,2,10
4681103,8647331,8,1,7
7589200,8450335,6,7,-1
7349605,8511911,2,7,-5
6336237,7877827,10,10,0
6489258,7169735,3,7,-4
6489258,7169735,10,2,8
4192696,4710242,3,9,-6
4202854,4601949,3,2,1
6215468,7580021,1,6,-5
6215468,7580021,4,5,-1
6215468,7580021,12,12,0
5142316,6283645,1,4,-3
5142316,6283645,3,2,1
5142316,6283645,4,11,-7
6254600,7131969,1,5,-4
5391125,8246503,9,5,4
6260024,7529679,8,8,0
6260024,7529679,12,1,11
4970300,8357779,2,7,-5
4970300,8357779,4,10,-6
5452841,7772031,11,11,0
6376868,7701493,13,6,7
5392015,6606018,2,4,-2
5392015,6606018,3,10,-7
5392015,6606018,5,1,4
5392015,6606018,9,9,0
5566325,7149874,6,1,5
4952170,6482039,7,2,5
4952170,6482039,11,8,3
4160131,6496576,1,3,-2
4160131,6496576,3,6,-3
4160131,6496576,5,4,1
5011778,5632991,2,5,-3
5011778,5632991,4,3,1
5270710,7564247,4,8,-4
5270710,7564247,6,5,1
4493223,7101300,1,4,-3
4493223,7101300,7,11,-4
4493223,7101300,11,12,-1
6528752,8480848,3,3,0
6528752,8480848,4,7,-3
6528752,8480848,13,10,3
4421833,6093504,6,2,4
6995206,8702219,5,2,3
6995206,8702219,9,3,6
6995206,8702219,10,1,9
7148875,8169306,1,10,-9
7148875,8169306,2,1,1
7155633,8078583,4,7,-3
7155633,8078583,8,2,6
3934347,4186486,8,9,-1
3934347,4186486,10,3,7
7974672,8527025,1,1,0
7974672,8527025,2,2,0
7974672,8527025,3,3,0
7974672,8527025,4,4,0
7974672,8527025,5,5,0
7974672,8527025,6,6,0
7974672,8527025,7,7,0
7974672,8527025,8,8,0
7974672,8527025,9,9,0
7974672,8527025,10,10,0
7974672,8527025,11,11,0
7974672,8527025,12,12,0
7974672,8527025,13,13,0
4083184,6306190,1,13,-12
4083184,6306190,11,1,10
4305081,5431978,2,1,1
4305081,5431978,3,13,-10
4305081,5431978,5,6,-1
4305081,5431978,11,2,9
4174334,4401773,3,12,-9
4174334,4401773,6,2,4
5479304,7692343,5,3,2
5479304,7692343,7,1,6
4639655,5412306,1,2,-1
4639655,5412306,2,1,1
4639655,5412306,9,12,-3
6384828,7756361,8,2,6
6384828,7756361,9,1,8
4554570,4788158,6,1,5
4554570,4788158,8,6,2
5646368,7013452,4,2,2
5646368,7013452,10,7,3
5646368,7013452,11,1,10
7126338,7657391,2,4,-2
6931147,8265399,4,9,-5
6931147,8265399,7,2,5
4236509,8641602,2,6,-4
4236509,8641602,3,1,2
4374053,4399063,1,3,-2
4374053,4399063,2,5,-3
4374053,4399063,8,8,0
5416290,7109432,1,6,-5
5416290,7109432,3,9,-6
5416290,7109432,10,8,2
5176441,5414606,3,7,-4
5176441,5414606,8,4,4
5176441,5414606,9,6,3
4547439,4857423,6,12,-6
4547439,4857423,10,5,5
6221146,7708973,1,6,-5
6221146,7708973,2,7,-5
6221146,7708973,4,5,-1
5323343,6537882,9,11,-2
5323343,6537882,12,10,2
5279018,6098245,6,5,1
5279018,6098245,11,9,2
6571886,8167059,1,13,-12
6571886,8167059,6,1,5
6571886,8167059,9,8,1
3953000,4502667,1,2,-1
3953000,4502667,2,4,-2
5622940,8580275,1,5,-4
5622940,8580275,2,7,-5
6651618,8215292,1,1,0
6651618,8215292,2,13,-11
6651618,8215292,3,7,-4
6651618,8215292,7,4,3
6651618,8215292,10,5,5
6651618,8215292,11,8,3
4408603,8465502,2,8,-6
4408603,8465502,3,1,2
5241668,8285671,11,4,7
4557599,7250626,1,2,-1
5122791,8408718,4,7,-3
5122791,8408718,10,10,0
6500930,7816516,2,3,-1
6500930,7816516,7,2,5
5339213,8139349,5,4,1
5463525,7452824,2,8,-6
5463525,7452824,9,2,7
4692727,6549104,1,1,0
4692727,6549104,5,5,0
4692727,6549104,8,13,-5
5493335,7545411,2,8,-6
5493335,7545411,3,1,2
5493335,7545411,4,9,-5
6183366,8695876,3,7,-4
6183366,8695876,4,2,2
6322358,6926524,4,1,3
6322358,6926524,10,2,8
4130667,4548842,10,12,-2
4440217,8495859,2,4,-2
4440217,8495859,3,3,0
4440217,8495859,6,10,-4
4440217,8495859,7,6,1
4440217,8495859,8,7,1
5571166,7722658,2,1,1
4710788,8183627,6,9,-3
4247193,4878087,3,3,0
4247193,4878087,4,1,3
4247193,4878087,5,13,-8
6149660,6527800,12,3,9
4778544,5143757,3,11,-8
6463323,6988004,1,2,-1
6463323,6988004,3,5,-2
6463323,6988004,7,3,4
5643722,8481263,1,3,-2
5643722,8481263,4,1,3
5643722,8481263,7,8,-1
3965310,4304971,1,7,-6
3965310,4304971,4,3,1
3965310,4304971,10,4,6
5098439,8470032,2,2,0
5098439,8470032,10,3,7
5562239,8685004,2,7,-5
5562239,8685004,4,5,-1
5562239,8685004,5,2,3
5562239,8685004,13,8,5
4903341,7046703,7,3,4
3940436,4102793,4,5,-1
3940436,4102793,9,4,5
5160249,5330319,1,5,-4
5160249,5330319,4,1,3
5160249,5330319,10,8,2
4994873,8722500,3,8,-5
4994873,8722500,5,7,-2
4994873,8722500,7,5,2
4994873,8722500,13,4,9
4000467,8089913,1,1,0
6638238,8292909,2,10,-8
6512624,7916380,2,2,0
6512624,7916380,5,1,4
4933047,7118654,1,1,0
4933047,7118654,2,3,-1
4933047,7118654,4,7,-3
4759034,6396824,6,1,5
4759034,6396824,7,2,5
3965825,7654204,1,13,-12
3965825,7654204,4,1,3
5072127,5499718,2,5,-3
4896717,5299532,1,2,-1
4896717,5299532,2,4,-2
4896717,5299532,3,6,-3
4896717,5299532,6,1,5
6213151,8172455,12,3,9
4331134,4683877,4,8,-4
4331134,4683877,5,3,2
7027770,7715441,12,12,0
6332692,7059739,1,1,0
6332692,7059739,3,3,0
5467037,6275069,1,4,-3
5467037,6275069,2,5,-3
5467037,6275069,7,12,-5
6934153,7283361,1,2,-1
6934153,7283361,2,4,-2
6934153,7283361,13,5,8
6309059,7128244,1,1,0
5001205,6551955,4,1,3
5001205,6551955,6,4,2
5001205,6551955,8,9,-1
5001205,6551955,11,7,4
4755629,7696438,3,9,-6
4755629,7696438,5,3,2
4755629,7696438,6,2,4
4755629,7696438,10,5,5
4500315,4676784,2,4,-2
4500315,4676784,3,3,0
4500315,4676784,11,8,3
5123804,6962477,13,11,2
6151485,7731313,5,1,4
4104370,6066342,1,7,-6
4104370,6066342,2,9,-7
4104370,6066342,8,4,4
4562105,4764436,4,5,-1
4562105,4764436,6,1,5
4562105,4764436,10,3,7
5583539,7156302,4,9,-5
5583539,7156302,5,1,4
5646478,6157121,1,1,0
5646478,6157121,2,3,-1
5646478,6157121,4,2,2
5646478,6157121,5,7,-2
5646478,6157121,6,8,-2
5646478,6157121,10,6,4
7298374,8169435,13,12,1
4766840,6955721,11,6,5
4766840,6955721,12,2,10
4872450,8187210,2,1,1
4872450,8187210,3,2,1
8005434,8660613,4,12,-8
8005434,8660613,5,1,4
8005434,8660613,9,5,4
6995655,7911323,1,2,-1
6995655,7911323,4,4,0
6995655,7911323,6,5,1
6995655,7911323,8,3,5
6550567,7823475,1,1,0
4812074,6508969,12,5,7
6851239,8667757,1,10,-9
6851239,8667757,2,3,-1
6851239,8667757,4,4,0
6851239,8667757,5,1,4
6851239,8667757,6,6,0
5452906,8038156,1,2,-1
5452906,8038156,3,3,0
5452906,8038156,13,6,7
6237202,6543103,2,1,1
6237202,6543103,3,3,0
6237202,6543103,8,10,-2
6231610,8496691,6,4,2
6231610,8496691,10,2,8
5315547,5483485,2,3,-1
5315547,5483485,6,12,-6
5315547,5483485,7,5,2
5315547,5483485,9,2,7
5528270,8456706,5,1,4
4801768,8274002,1,5,-4
4801768,8274002,6,11,-5
4801768,8274002,13,7,6
4030890,8186342,2,2,0
4030890,8186342,6,11,-5
4030890,8186342,8,8,0
4030890,8186342,13,9,4
7227780,8339183,1,5,-4
7227780,8339183,3,9,-6
7227780,8339183,7,6,1
4795456,6645338,1,3,-2
4795456,6645338,2,6,-4
4795456,6645338,3,7,-4
4795456,6645338,4,2,2
4795456,6645338,11,8,3
5065321,5237325,2,6,-4
7264527,8087960,3,5,-2
7264527,8087960,5,3,2
6665658,7107264,5,7,-2
6665658,7107264,10,1,9
4520981,7896298,13,8,5
4264907,7786418,2,1,1
4040754,4637098,1,2,-1
4040754,4637098,3,5,-2
4040754,4637098,13,3,10
5076656,7118281,1,3,-2
5076656,7118281,4,7,-3
7383650,8123033,1,2,-1
7383650,8123033,12,6,6
6360271,7529247,2,1,1
6360271,7529247,4,5,-1
6360271,7529247,10,7,3
5428790,7167993,1,1,0
5428790,7167993,2,4,-2
5428790,7167993,3,5,-2
6084916,8165190,1,1,0
6084916,8165190,2,4,-2
6084916,8165190,3,2,1
6084916,8165190,5,6,-1
6936059,7867273,6,5,1
6936059,7867273,12,7,5
6443361,7118421,1,2,-1
6443361,7118421,5,13,-8
4167320,4429980,1,7,-6
4167320,4429980,2,4,-2
4167320,4429980,4,5,-1
6438264,8614674,6,8,-2
6906164,8435402,2,1,1
7159324,7383595,1,1,0
7159324,7383595,2,6,-4
7159324,7383595,6,3,3
5241453,6346672,1,3,-2
5241453,6346672,10,4,6
4608763,4829677,7,1,6
4608763,4829677,9,5,4
4447669,8017083,13,1,12
4297426,7112391,3,12,-9
4297426,7112391,4,7,-3
4297426,7112391,8,11,-3
4560726,5302663,2,8,-6
4560726,5302663,10,9,1
4901260,5157620,2,6,-4
4901260,5157620,3,4,-1
4901260,5157620,5,2,3
7077638,8460755,7,8,-1
7077638,8460755,11,7,4
4334822,5284347,3,3,0
4334822,5284347,8,1,7
6979090,8147077,1,7,-6
6979090,8147077,2,9,-7
6979090,8147077,13,10,3
6574425,7145657,2,10,-8
6574425,7145657,3,2,1
5452432,7802025,3,6,-3
5441083,7140397,1,5,-4
5441083,7140397,7,13,-6
4665777,5103694,2,12,-10
4665777,5103694,3,8,-5
7264950,8637251,1,1,0
7264950,8637251,2,3,-1
7264950,8637251,3,2,1
7264950,8637251,6,4,2
7432227,8268753,1,8,-7
7432227,8268753,2,7,-5
7432227,8268753,3,2,1
7432227,8268753,4,4,0
7432227,8268753,5,12,-7
7432227,8268753,6,13,-7
7432227,8268753,9,6,3
7432227,8268753,11,9,2
4874139,7073745,3,3,0
4874139,7073745,6,1,5
4874139,7073745,13,10,3
6149882,6485692,4,5,-1
4089831,4972019,4,3,1
4089831,4972019,6,7,-1
5048452,6119623,2,7,-5
7359559,8098957,2,4,-2
4352492,6071191,10,3,7
4352492,6071191,12,1,11
3989357,7753072,12,2,10
3989357,7753072,13,3,10
7029455,7935105,4,2,2
7029455,7935105,7,10,-3
4982886,5326007,2,5,-3
4982886,5326007,5,13,-8
4982886,5326007,6,9,-3
4982886,5326007,12,7,5
4991341,6947810,1,3,-2
4991341,6947810,9,1,8
6438165,8326053,4,1,3
6438165,8326053,6,10,-4
5236440,8529583,10,1,9
5236440,8529583,13,2,11
5011364,5486084,3,1,2
5011364,5486084,5,10,-5
5011364,5486084,6,9,-3
5011364,5486084,12,11,1
4605011,8308693,12,2,10
5146001,5288883,5,10,-5
5146001,5288883,7,13,-6
4872719,6626480,1,4,-3
4872719,6626480,6,5,1
4872719,6626480,8,1,7
4872719,6626480,10,3,7
6423848,7541481,7,5,2
6423848,7541481,9,7,2
6423848,7541481,11,4,7
4196675,7263932,2,2,0
4196675,7263932,6,3,3
4196675,7263932,9,1,8
4413756,6907690,1,1,0
7017101,8479071,3,13,-10
7017101,8479071,12,3,9
5381155,6546119,1,7,-6
5381155,6546119,8,2,6
5117401,5416844,2,1,1
5117401,5416844,13,3,10
4240606,4765365,1,3,-2
4070927,7815541,2,1,1
4070927,7815541,6,2,4
8041824,8601545,3,3,0
7475808,8577801,1,1,0
7475808,8577801,7,11,-4
7475808,8577801,9,6,3
6498725,8651172,5,5,0
6498725,8651172,7,6,1
5340376,6905288,2,5,-3
5340376,6905288,4,9,-5
5340376,6905288,5,2,3
5340376,6905288,8,3,5
4840383,4989881,1,7,-6
4840383,4989881,12,4,8
5217303,5348388,1,1,0
5217303,5348388,3,13,-10
5217303,5348388,4,2,2
5217303,5348388,6,10,-4
5217303,5348388,7,8,-1
5217303,5348388,8,6,2
5380325,8080039,2,4,-2
4849488,6300440,1,2,-1
4849488,6300440,2,12,-10
5656877,6469872,1,5,-4
5656877,6469872,6,1,5
8155233,8705483,4,8,-4
4340283,5096285,1,2,-1
4340283,5096285,3,13,-10
4340283,5096285,13,6,7
4923277,5022738,1,2,-1
4923277,5022738,2,10,-8
4923277,5022738,4,6,-2
4923277,5022738,6,11,-5
4923277,5022738,9,4,5
4923277,5022738,13,9,4
4234797,6163033,1,1,0
4234797,6163033,3,10,-7
4234797,6163033,7,9,-2
4776506,7114642,1,1,0
4776506,7114642,12,9,3
5454809,8663214,8,1,7
5651548,8206212,1,3,-2
5195319,7444805,2,12,-10
3982592,6328104,11,3,8
4553723,5249125,10,4,6
5125839,5599185,1,10,-9
5125839,5599185,3,3,0
5125839,5599185,4,7,-3
5125839,5599185,9,13,-4
5125839,5599185,11,6,5
4540621,4678683,2,9,-7
4540621,4678683,10,12,-2
4522639,6494207,8,6,2
4364435,5095687,7,3,4
4638920,7344335,4,12,-8
4638920,7344335,9,13,-4
7854731,8523840,1,1,0
6566631,7611504,4,5,-1
6199676,7467496,6,1,5
6199676,7467496,10,8,2
4804790,5324871,1,4,-3
4804790,5324871,2,12,-10
4804790,5324871,4,3,1
5290343,7547352,3,1,2
4115815,4597016,3,11,-8
4115815,4597016,6,12,-6
6614349,7672756,3,7,-4
6614349,7672756,8,12,-4
7163158,8437878,3,6,-3
4442431,5172118,11,1,10
4883001,5060580,1,1,0
4883001,5060580,3,10,-7
4419383,6473072,4,6,-2
4419383,6473072,6,12,-6
4419383,6473072,7,7,0
6293827,8187017,5,6,-1
4982445,6246498,6,1,5
6511377,8523064,4,6,-2
5590409,6487188,1,1,0
5590409,6487188,2,10,-8
5590409,6487188,3,6,-3
6138270,7991797,2,5,-3
6138270,7991797,4,1,3
7016784,7542852,1,1,0
7016784,7542852,8,2,6
7165239,8694961,8,11,-3
6654085,8568869,2,10,-8
6654085,8568869,5,6,-1
7076494,7613993,1,2,-1
7076494,7613993,2,12,-10
7076494,7613993,3,4,-1
7076494,7613993,4,3,1
7076494,7613993,7,5,2
7076494,7613993,8,7,1
7076494,7613993,9,8,1
6899672,8740929,1,5,-4
6899672,8740929,6,12,-6
7682397,8496686,7,9,-2
7157407,8673812,8,2,6
7157407,8673812,9,10,-1
5486178,7618421,1,3,-2
5486178,7618421,2,12,-10
5486178,7618421,6,2,4
5486178,7618421,11,1,10
6541676,8683847,1,3,-2
6541676,8683847,6,9,-3
4900319,5346486,1,1,0
4900319,5346486,2,2,0
4900319,5346486,11,5,6
4942679,5146697,1,5,-4
4942679,5146697,9,1,8
4942679,5146697,12,6,6
4942679,5146697,13,7,6
4891781,7225212,3,7,-4
4362353,5286208,8,3,5
4362353,5286208,9,8,1
5148316,5485312,10,3,7
5148316,5485312,13,1,12
6260407,8323569,3,4,-1
6260407,8323569,4,5,-1
6260407,8323569,5,6,-1
6260407,8323569,8,12,-4
5528203,6514783,3,4,-1
5528203,6514783,6,8,-2
5528203,6514783,12,9,3
7842960,8089089,3,13,-10
7842960,8089089,5,8,-3
7842960,8089089,6,11,-5
7163470,8241144,1,1,0
7163470,8241144,2,4,-2
7163470,8241144,3,7,-4
4558756,6512445,5,8,-3
4558756,6512445,10,1,9
5097829,7111465,6,1,5
4686974,5161525,2,9,-7
4686974,5161525,4,6,-2
4686974,5161525,7,3,4
4904995,6885185,2,1,1
7011998,8242550,4,1,3
5254083,6371732,5,5,0
4990123,7077771,10,2,8
4990123,7077771,11,3,8
5617903,7631669,7,5,2
6190602,7846528,1,1,0
5028887,5423076,2,5,-3
5028887,5423076,4,7,-3
5002305,7178816,3,1,2
5002305,7178816,4,4,0
5002305,7178816,8,12,-4
6415368,8095737,2,6,-4
5298261,6509040,6,13,-7
6534214,8088243,2,12,-10
6534214,8088243,7,2,5
7072413,8270512,1,9,-8
4028568,4908541,1,1,0
4028568,4908541,3,3,0
4028568,4908541,6,11,-5
4028568,4908541,11,9,2
4246382,4424137,1,3,-2
6149670,7189254,1,4,-3
6149670,7189254,8,3,5
6149670,7189254,12,6,6
5150353,6529461,10,5,5
6081638,6859470,2,2,0
6081638,6859470,3,13,-10
6081638,6859470,10,3,7
6064247,8521973,13,8,5
7773139,8724038,8,1,7
6210277,8408994,3,2,1
6210277,8408994,4,4,0
6210277,8408994,5,7,-2
6210277,8408994,6,5,1
5569431,7892474,1,3,-2
5569431,7892474,2,4,-2
5569431,7892474,3,7,-4
6960622,7763107,1,2,-1
6960622,7763107,4,12,-8
6960622,7763107,7,13,-6
6960622,7763107,8,7,1
6960622,7763107,9,8,1
6387673,7678808,7,9,-2
6387673,7678808,8,11,-3
5614931,6343847,7,4,3
6575975,7655028,4,3,1
6504201,8329567,7,7,0
6504201,8329567,12,12,0
4771780,5233984,3,7,-4
4771780,5233984,8,4,4
7392004,8041237,2,13,-11
7392004,8041237,5,6,-1
6168563,8394032,2,4,-2
4818887,5357432,4,1,3
5321776,7079498,2,1,1
5321776,7079498,8,10,-2
6266632,7373295,1,7,-6
6266632,7373295,4,3,1
4012757,4164751,1,2,-1
4012757,4164751,2,1,1
4012757,4164751,4,10,-6
4124095,4553626,4,5,-1
4124095,4553626,9,11,-2
4124095,4553626,13,2,11
4616652,7803142,1,9,-8
4616652,7803142,4,2,2
4616652,7803142,9,8,1
6507856,8429522,5,10,-5
5551400,8215289,3,2,1
5551400,8215289,5,1,4
4880843,7683133,3,5,-2
7603112,8161131,1,3,-2
6601672,6918740,2,3,-1
6601672,6918740,5,2,3
6601672,6918740,7,8,-1
6601672,6918740,8,9,-1
6601672,6918740,10,11,-1
6601672,6918740,13,13,0
5654604,8432627,3,3,0
5654604,8432627,5,2,3
4117868,4495907,5,11,-6
6996088,7894416,4,1,3
6996088,7894416,5,2,3
6996088,7894416,9,10,-1
6996088,7894416,10,7,3
6996088,7894416,11,12,-1
4680376,7446162,7,1,6
4680376,7446162,8,3,5
7467861,8047639,2,5,-3
7467861,8047639,4,2,2
7467861,8047639,5,1,4
7467861,8047639,7,3,4
7467861,8047639,8,8,0
7467861,8047639,9,6,3
7467861,8047639,10,9,1
7467861,8047639,11,10,1
7467861,8047639,12,7,5
7467861,8047639,13,13,0
6655990,7400511,2,3,-1
6655990,7400511,6,10,-4
6655990,7400511,7,8,-1
6655990,7400511,8,4,4
6655990,7400511,9,9,0
5290465,6221272,5,1,4
4207758,4377386,1,6,-5
4207758,4377386,2,2,0
4207758,4377386,7,4,3
4207758,4377386,13,3,10
4696743,7628955,6,5,1
4696743,7628955,7,4,3
4696743,7628955,9,12,-3
5046840,7989839,1,2,-1
4301492,4434665,1,1,0
4894285,7887918,10,3,7
6079001,8588017,4,1,3
7639664,7961720,2,5,-3
7639664,7961720,8,4,4
4113224,4166088,1,5,-4
4113224,4166088,4,3,1
4113224,4166088,7,6,1
6589299,7883553,1,3,-2
6309420,8600481,1,11,-10
6641050,8286889,1,1,0
6641050,8286889,7,8,-1
4198494,7703405,6,12,-6
4198494,7703405,12,3,9
5403035,6120626,1,8,-7
5403035,6120626,3,6,-3
5381545,7617414,2,1,1
5381545,7617414,3,5,-2
7073585,8668010,1,2,-1
7073585,8668010,2,4,-2
7073585,8668010,3,12,-9
7073585,8668010,4,9,-5
4422160,4858190,1,8,-7
4422160,4858190,2,6,-4
4422160,4858190,4,9,-5
4422160,4858190,5,5,0
4422160,4858190,6,11,-5
4755858,5631175,4,10,-6
4755858,5631175,8,1,7
5501520,6254268,1,6,-5
5501520,6254268,2,2,0
5501520,6254268,3,4,-1
5501520,6254268,8,11,-3
4897082,7666167,5,5,0
7188613,8689627,3,1,2
7188613,8689627,6,5,1
7188613,8689627,10,6,4
5567833,8435371,5,4,1
4169092,4526945,2,13,-11
4597962,7119057,2,4,-2
4597962,7119057,3,7,-4
4597962,7119057,6,3,3
6228074,6610052,3,5,-2
6228074,6610052,5,1,4
4249041,7631343,5,11,-6
4249041,7631343,9,2,7
4695339,5255585,6,8,-2
4695339,5255585,11,3,8
6136510,7151026,2,4,-2
6136510,7151026,3,2,1
5625659,8074594,1,5,-4
7168251,7748946,3,2,1
7168251,7748946,4,3,1
7168251,7748946,5,4,1
7168251,7748946,10,8,2
5175732,8576860,5,1,4
5175732,8576860,8,7,1
6511418,8052598,1,3,-2
6511418,8052598,3,2,1
6511418,8052598,12,13,-1
5526401,8126764,7,3,4
4957281,5087031,1,1,0
4957281,5087031,9,2,7
5196921,5309235,10,5,5
5196921,5309235,13,13,0
5490938,6095376,3,2,1
7137627,7686681,1,2,-1
5135687,5399382,1,3,-2
5135687,5399382,2,1,1
5135687,5399382,7,6,1
5135687,5399382,8,7,1
4573597,5312013,12,1,11
6016482,7263507,2,4,-2
6508209,8669014,10,5,5
6959381,7949869,5,3,2
4611201,7616096,1,1,0
4611201,7616096,8,7,1
4788171,6300271,6,1,5
4788171,6300271,12,6,6
4743926,6062677,1,1,0
4743926,6062677,7,4,3
6656177,8361071,13,7,6
6182530,7891267,9,2,7
4751532,5598193,1,11,-10
4751532,5598193,2,2,0
4751532,5598193,3,8,-5
4751532,5598193,6,4,2
5484400,6254599,6,1,5
5336474,7025942,1,1,0
5336474,7025942,3,8,-5
5336474,7025942,6,4,2
5336474,7025942,7,5,2
5010889,8600488,1,2,-1
5010889,8600488,6,10,-4
5010889,8600488,11,7,4
6502030,7174243,2,7,-5
6502030,7174243,10,12,-2
6502030,7174243,11,10,1
6654417,8542738,7,6,1
4773401,7951087,7,1,6
4295323,6199355,2,1,1
4295323,6199355,5,3,2
4059341,4212518,3,1,2
4059341,4212518,8,3,5
4850007,8452646,2,2,0
4850007,8452646,7,4,3
4367009,6213397,10,5,5
4863227,7106484,4,1,3
4863227,7106484,5,4,1
4863227,7106484,7,6,1
4863227,7106484,8,2,6
4233460,5230823,5,3,2
3984649,4616114,2,1,1
3984649,4616114,11,8,3
5378153,6932216,1,6,-5
5378153,6932216,5,9,-4
7072242,7605620,1,2,-1
7072242,7605620,3,1,2
7072242,7605620,4,4,0
3965988,4069873,2,7,-5
3965988,4069873,7,12,-5
5162505,5322678,1,13,-12
5162505,5322678,2,2,0
5162505,5322678,3,3,0
6068568,8661776,1,9,-8
6068568,8661776,4,5,-1
6068568,8661776,9,1,8
4781199,5293870,2,2,0
7291869,7732929,2,1,1
7291869,7732929,9,4,5
7291869,7732929,10,3,7
4304219,4676068,2,1,1
4304219,4676068,5,2,3
6631545,8659379,9,3,6
6957088,7299149,11,13,-2
4571642,8019201,1,11,-10
4571642,8019201,3,2,1
4571642,8019201,5,9,-4
4571642,8019201,10,3,7
3962868,4094287,1,3,-2
3962868,4094287,11,4,7
5527185,8152660,1,4,-3
6985105,8681044,1,5,-4
6985105,8681044,3,13,-10
6985105,8681044,5,1,4
6985105,8681044,7,2,5
6985105,8681044,8,11,-3
6847105,7692279,1,1,0
6847105,7692279,6,6,0
6847105,7692279,8,11,-3
6847105,7692279,11,12,-1
4640540,6254153,1,1,0
4640540,6254153,3,3,0
4640540,6254153,7,2,5
6069637,6151421,1,1,0
6069637,6151421,2,2,0
6222583,8660382,5,4,1
6222583,8660382,6,7,-1
4033357,6976986,8,1,7
4976839,7595263,6,1,5
4976839,7595263,7,8,-1
4976839,7595263,9,3,6
5622187,7590218,10,11,-1
5622187,7590218,13,4,9
4193009,6395186,10,12,-2
4374229,5286832,2,6,-4
4374229,5286832,5,1,4
6884166,7905778,4,3,1
6884166,7905778,7,5,2
3959338,4663334,9,7,2
3959338,4663334,12,5,7
5080655,6984219,2,2,0
6160844,6999512,5,10,-5
4906457,7371418,2,2,0
7246054,8332202,2,1,1
7246054,8332202,4,2,2
7246054,8332202,7,5,2
7049746,7964883,1,1,0
7049746,7964883,2,2,0
7049746,7964883,5,8,-3
5212582,7511875,8,8,0
5133008,7085380,1,5,-4
5133008,7085380,4,2,2
5028862,7548699,2,7,-5
5028862,7548699,4,13,-9
5028862,7548699,5,12,-7
6907455,8139729,11,9,2
6238563,6540910,11,7,4
4667187,5223820,1,1,0
6093114,7540813,1,1,0
4872056,7209577,2,7,-5
4872056,7209577,9,3,6
6568315,8186265,4,4,0
6568315,8186265,5,13,-8
6568315,8186265,6,2,4
6568315,8186265,9,5,4
6568315,8186265,12,11,1
4349266,4666274,1,1,0
4349266,4666274,12,13,-1
5485455,7684322,7,5,2
7010345,8620435,3,3,0
7010345,8620435,8,5,3
7092069,8174668,1,2,-1
7092069,8174668,3,8,-5
5094746,6988623,1,8,-7
5094746,6988623,2,2,0
5094746,6988623,4,7,-3
5094746,6988623,7,3,4
5094746,6988623,9,10,-1
6092049,8140380,1,2,-1
6580796,8670570,1,3,-2
6580796,8670570,6,1,5
6580796,8670570,9,4,5
7368402,7700989,5,6,-1
7368402,7700989,8,4,4
4401124,7169155,10,2,8
7068230,7639189,5,1,4
7068230,7639189,7,8,-1
7068230,7639189,8,10,-2
7068230,7639189,13,3,10
4714079,4825870,2,13,-11
4714079,4825870,5,12,-7
4714079,4825870,7,5,2
4714079,4825870,9,2,7
4714079,4825870,10,8,2
4714079,4825870,12,7,5
5591952,7571858,4,13,-9
6275149,7158020,2,9,-7
6275149,7158020,3,1,2
4420097,8237558,1,9,-8
5269160,8251998,2,8,-6
7249033,8341011,2,1,1
7249033,8341011,8,4,4
7249033,8341011,11,10,1
7808816,8395192,2,13,-11
7808816,8395192,3,8,-5
7808816,8395192,4,1,3
7808816,8395192,5,2,3
7808816,8395192,9,7,2
6341397,6928674,5,8,-3
6341397,6928674,8,10,-2
6341397,6928674,9,5,4
5390582,7481147,1,12,-11
5390582,7481147,3,1,2
5390582,7481147,11,8,3
5649136,7783863,3,7,-4
5345632,6550084,3,5,-2
5345632,6550084,5,1,4
5345632,6550084,6,2,4
4539507,6830829,4,3,1
4539507,6830829,5,1,4
4795185,6883255,6,5,1
4795185,6883255,9,2,7
3947991,4782619,2,4,-2
3947991,4782619,12,1,11
7081339,8278052,1,1,0
7081339,8278052,7,2,5
7081339,8278052,13,6,7
5105571,8713842,1,3,-2
5105571,8713842,5,12,-7
5105571,8713842,7,11,-4
6925183,7539866,2,1,1
6925183,7539866,13,4,9
4790852,6120507,1,11,-10
7432290,8268873,1,1,0
7432290,8268873,2,2,0
7432290,8268873,3,3,0
7432290,8268873,4,4,0
7432290,8268873,5,5,0
7432290,8268873,6,6,0
7432290,8268873,7,7,0
7432290,8268873,8,8,0
7432290,8268873,9,9,0
7432290,8268873,10,10,0
7432290,8268873,11,11,0
7432290,8268873,12,12,0
7432290,8268873,13,13,0
7803244,8287677,2,3,-1
7803244,8287677,3,7,-4
7803244,8287677,4,6,-2
7803244,8287677,5,8,-3
7803244,8287677,7,2,5
4407897,4939014,2,5,-3
4407897,4939014,4,10,-6
7162101,8487951,1,2,-1
6273886,7938779,1,5,-4
6273886,7938779,3,10,-7
6273886,7938779,7,9,-2
5303417,7151919,1,2,-1
5303417,7151919,6,4,2
5303417,7151919,8,1,7
5185280,7655983,5,1,4
5185280,7655983,6,3,3
5185280,7655983,8,13,-5
5185280,7655983,13,5,8
5389101,7925328,3,2,1
5389101,7925328,9,7,2
5135761,6365203,2,2,0
5135761,6365203,4,4,0
5135761,6365203,5,1,4
5438952,7115494,7,6,1
5438952,7115494,11,4,7
5148144,8411575,8,3,5
5148144,8411575,9,1,8
6992505,7368946,1,1,0
6992505,7368946,3,12,-9
6992505,7368946,4,2,2
7294117,8685049,1,3,-2
7294117,8685049,2,1,1
4259540,5334646,1,2,-1
4259540,5334646,3,4,-1
4259540,5334646,11,11,0
4259540,5334646,12,13,-1
7031210,8225181,4,4,0
7031210,8225181,5,5,0
6398724,7413543,3,1,2
4796604,7029467,1,7,-6
4796604,7029467,5,6,-1
5467904,6533147,5,1,4
6880748,7597240,1,1,0
6880748,7597240,2,2,0
6880748,7597240,3,3,0
6880748,7597240,4,4,0
6880748,7597240,5,5,0
6880748,7597240,6,6,0
6880748,7597240,7,7,0
6880748,7597240,8,8,0
6880748,7597240,9,9,0
6880748,7597240,10,10,0
6880748,7597240,11,11,0
6880748,7597240,12,12,0
6880748,7597240,13,13,0
4815605,5080225,5,11,-6
5108420,8409239,7,7,0
4043478,8276781,4,3,1
4043478,8276781,10,2,8
4188132,5240321,13,1,12
6487552,8677248,4,1,3
6487552,8677248,6,12,-6
6487552,8677248,12,2,10
5099081,5350534,1,11,-10
5099081,5350534,3,1,2
7177130,7636227,3,5,-2
7177130,7636227,5,12,-7
6411019,8067886,1,2,-1
6411019,8067886,3,7,-4
6411019,8067886,6,11,-5
7041659,7820721,1,10,-9
7041659,7820721,11,9,2
5333383,7934320,1,1,0
5333383,7934320,4,2,2
5156938,5501944,1,9,-8
5156938,5501944,2,7,-5
5156938,5501944,6,8,-2
5593788,8088500,8,7,1
6357873,8668330,12,10,2
5053254,6858249,9,8,1
5053254,6858249,11,1,10
6996021,7607061,9,10,-1
4768824,6616210,4,4,0
4768824,6616210,5,2,3
4768824,6616210,13,3,10
6397473,8595940,1,2,-1
6397473,8595940,4,5,-1
6397473,8595940,11,4,7
6333946,7656921,1,11,-10
6333946,7656921,2,6,-4
6333946,7656921,3,13,-10
6333946,7656921,5,3,2
6333946,7656921,6,7,-1
6333946,7656921,7,4,3
6333946,7656921,8,8,0
6333946,7656921,10,5,5
6247767,7120017,1,6,-5
6247767,7120017,2,8,-6
4401796,4818681,6,11,-5
4401796,4818681,7,1,6
4401796,4818681,12,8,4
6912188,7673097,2,1,1
5591127,8430838,1,3,-2
5591127,8430838,4,5,-1
5591127,8430838,10,7,3
5290925,7879579,2,1,1
5290925,7879579,12,7,5
6064150,7157845,1,4,-3
6249578,7299478,2,5,-3
4715122,5526571,1,8,-7
4715122,5526571,6,1,5
5293576,8364849,5,4,1
6181754,7142137,1,5,-4
6181754,7142137,12,3,9
6181754,7142137,13,11,2
4953160,7149289,4,4,0
5045090,5477909,1,1,0
5045090,5477909,4,4,0
5443259,6502819,2,1,1
5443259,6502819,13,3,10
4493193,8079229,1,4,-3
4493193,8079229,2,3,-1
4493193,8079229,4,1,3
4493193,8079229,11,6,5
5183775,6458723,3,1,2
6972757,8520080,3,1,2
6070103,8396563,2,8,-6
6070103,8396563,5,7,-2
4543872,7712405,1,9,-8
4543872,7712405,9,1,8
5624068,8475918,6,13,-7
6503793,7880179,4,2,2
6137237,7830092,1,2,-1
6137237,7830092,2,6,-4
6137237,7830092,7,10,-3
6219723,7720621,12,9,3
5580859,6183746,4,7,-3
5580859,6183746,5,4,1
5580859,6183746,13,6,7
4785763,4953498,2,5,-3
4785763,4953498,8,12,-4
5285397,7669340,9,11,-2
4097390,4206063,1,1,0
4097390,4206063,4,5,-1
4097390,4206063,5,10,-5
4097390,4206063,6,8,-2
4097390,4206063,7,2,5
6593841,7905008,1,3,-2
6593841,7905008,3,8,-5
6593841,7905008,5,2,3
6593841,7905008,11,4,7
4621579,7992496,1,1,0
4621579,7992496,4,10,-6
5293869,6464697,9,11,-2
5293869,6464697,12,4,8
4561803,4666340,6,5,1
4561803,4666340,13,1,12
6326791,6853194,3,10,-7
6326791,6853194,4,12,-8
6326791,6853194,5,11,-6
6326791,6853194,10,3,7
6326791,6853194,12,4,8
6858012,8257289,12,5,7
5307517,7082171,2,9,-7
5307517,7082171,3,3,0
5307517,7082171,6,4,2
5307517,7082171,10,2,8
6349824,8160644,6,12,-6
4675530,5399871,2,4,-2
4675530,5399871,12,3,9
6941576,7664836,3,7,-4
6175483,7131845,3,1,2
6994273,7971802,2,4,-2
6994273,7971802,3,6,-3
6994273,7971802,5,11,-6
6994273,7971802,12,5,7
6944344,8533579,3,2,1
5325455,6909821,4,5,-1
5325455,6909821,7,1,6
4563128,8197211,1,2,-1
4563128,8197211,2,12,-10
4563128,8197211,5,10,-5
4029425,5046886,1,1,0
5565377,6444550,2,1,1
5565377,6444550,4,6,-2
6921627,8158464,3,10,-7
6921627,8158464,9,9,0
6921627,8158464,10,1,9
6593895,7777685,6,1,5
4190852,8324002,4,13,-9
6385134,7778115,1,2,-1
6385134,7778115,6,13,-7
6385134,7778115,9,5,4
4152274,8122759,1,1,0
4152274,8122759,6,8,-2
7687605,8124082,1,1,0
7687605,8124082,2,2,0
7687605,8124082,3,3,0
7687605,8124082,4,4,0
7687605,8124082,5,5,0
7687605,8124082,6,6,0
7687605,8124082,7,7,0
7687605,8124082,8,8,0
7687605,8124082,9,9,0
7687605,8124082,10,10,0
7687605,8124082,11,11,0
7687605,8124082,12,12,0
7687605,8124082,13,13,0
4096985,8464866,10,4,6
4096985,8464866,11,9,2
6168429,7857618,3,6,-3
6168429,7857618,5,5,0
6168429,7857618,10,2,8
4054911,7823175,7,6,1
5085698,8657944,1,1,0
5085698,8657944,2,12,-10
5506869,6871066,4,3,1
5506869,6871066,7,4,3
6333841,8448330,2,1,1
6333841,8448330,6,5,1
6333841,8448330,7,2,5
6333841,8448330,8,4,4
6333841,8448330,10,6,4
6066713,8022168,1,3,-2
6558080,8100605,3,4,-1
4710991,6081947,9,4,5
5647349,7278425,2,1,1
6402746,7128073,7,10,-3
6248605,7732327,4,3,1
6148327,6622157,2,11,-9
6148327,6622157,3,10,-7
6148327,6622157,7,1,6
4612923,5397816,1,7,-6
4612923,5397816,2,1,1
4612923,5397816,4,3,1
4612923,5397816,7,2,5
4847808,7786512,5,2,3
4847808,7786512,8,7,1
6883111,7675829,1,3,-2
6883111,7675829,3,1,2
6883111,7675829,6,10,-4
6883111,7675829,7,2,5
5479306,7227723,2,4,-2
4819033,6429931,2,12,-10
4819033,6429931,8,2,6
5642370,6449294,2,1,1
5642370,6449294,4,12,-8
5642370,6449294,6,3,3
5642370,6449294,9,6,3
5004770,6509399,2,7,-5
6261569,8128928,5,6,-1
6261569,8128928,10,2,8
6261569,8128928,13,8,5
5066592,5648330,12,7,5
5066592,5648330,13,9,4
3932791,7148781,2,1,1
3932791,7148781,7,9,-2
3932791,7148781,9,3,6
3932791,7148781,13,4,9
4931224,6447587,6,1,5
4931224,6447587,7,7,0
7407077,7942303,1,2,-1
7407077,7942303,5,6,-1
7407077,7942303,9,12,-3
6903656,7342496,5,4,1
7153158,8449332,3,5,-2
7153158,8449332,8,9,-1
5432839,7280838,6,3,3
5432839,7280838,8,9,-1
5340922,6511959,4,1,3
5340922,6511959,7,8,-1
5340922,6511959,9,12,-3
5340922,6511959,10,3,7
4842591,7717886,4,4,0
8285987,8621238,2,3,-1
8285987,8621238,10,4,6
4810244,5019039,1,2,-1
4810244,5019039,5,1,4
4810244,5019039,6,3,3
4252356,6073590,2,5,-3
4461281,8037591,4,3,1
4461281,8037591,11,8,3
4461281,8037591,12,1,11
5072300,6529176,7,2,5
5072300,6529176,8,3,5
5072300,6529176,11,13,-2
7296056,7836451,2,6,-4
6611883,7430211,6,1,5
4769532,6070710,12,2,10
4070499,8314408,4,5,-1
4895561,5405320,1,1,0
4895561,5405320,2,4,-2
4895561,5405320,11,10,1
6261963,7829455,2,1,1
6261963,7829455,4,11,-7
6261963,7829455,8,2,6
6261963,7829455,12,13,-1
6152947,7338510,10,4,6
5576662,6566953,2,8,-6
5576662,6566953,4,9,-5
5576662,6566953,12,11,1
5596639,7284275,2,4,-2
5596639,7284275,9,9,0
6379969,7258693,13,12,1
4000332,6506426,10,4,6
5253066,8640172,2,3,-1
5653643,6942586,2,1,1
5653643,6942586,6,9,-3
5653643,6942586,9,3,6
5653643,6942586,10,8,2
5430285,7637432,13,12,1
7083648,8652170,2,12,-10
6148602,8250863,13,1,12
4754517,4959882,1,2,-1
4754517,4959882,3,1,2
4754517,4959882,11,4,7
4663220,5653843,13,2,11
4259425,4386184,1,6,-5
4259425,4386184,3,10,-7
4259425,4386184,12,9,3
4280232,4704125,6,10,-4
4280232,4704125,8,1,7
4280232,4704125,9,3,6
4280232,4704125,12,7,5
6179874,8231628,2,8,-6
6179874,8231628,4,5,-1
7587668,8386929,3,4,-1
7587668,8386929,9,13,-4
5634050,7627733,6,1,5
5634050,7627733,7,6,1
5634050,7627733,10,3,7
5634050,7627733,11,10,1
4764165,6074358,3,9,-6
4764165,6074358,11,3,8
5176697,8328839,10,3,7
6531936,7116954,2,2,0
4106267,7140170,5,1,4
6519860,8677643,2,1,1
6519860,8677643,4,12,-8
6519860,8677643,13,6,7
7054685,8150520,2,11,-9
4440871,7247287,1,2,-1
4440871,7247287,9,9,0
4440871,7247287,11,11,0
6228771,6551935,1,3,-2
6228771,6551935,13,7,6
6285662,7082472,4,10,-6
6285662,7082472,6,4,2
5353256,7725628,8,6,2
4635633,5324303,1,13,-12
4635633,5324303,4,1,3
4635633,5324303,6,12,-6
6069637,7230621,1,4,-3
6069637,7230621,11,5,6
5562728,8663248,3,3,0
5562728,8663248,7,6,1
7203488,7593450,11,6,5
7203488,7593450,12,4,8
6331915,7358929,2,2,0
6331915,7358929,3,10,-7
6331915,7358929,12,7,5
4042440,5582676,1,1,0
4839838,7061467,3,8,-5
4839838,7061467,6,12,-6
4622995,6872237,10,10,0
5417294,6192997,1,1,0
4806615,4948861,1,1,0
4806615,4948861,8,11,-3
6153514,6372631,1,1,0
6153514,6372631,2,4,-2
6153514,6372631,3,2,1
6153514,6372631,5,13,-8
4070790,6527618,1,1,0
4070790,6527618,2,6,-4
4070790,6527618,5,4,1
6072290,6396227,1,3,-2
6072290,6396227,4,8,-4
6072290,6396227,9,6,3
6072290,6396227,12,9,3
4924317,5245172,1,3,-2
4924317,5245172,2,6,-4
4924317,5245172,6,2,4
7546836,7603982,1,1,0
7546836,7603982,7,7,0
7546836,7603982,10,9,1
4710944,6961545,2,1,1
4710944,6961545,6,2,4
7102544,8364836,2,1,1
7102544,8364836,5,8,-3
6314051,7580312,2,2,0
4519675,7992361,9,2,7
7837080,8360296,1,1,0
7837080,8360296,5,2,3
7837080,8360296,10,4,6
5003990,8396569,8,8,0
5003990,8396569,9,4,5
4036660,5221489,1,1,0
4036660,5221489,7,8,-1
4036660,5221489,10,13,-3
4746490,6075121,2,11,-9
4746490,6075121,6,13,-7
4934791,8446537,7,12,-5
4037088,8744634,4,2,2
4037088,8744634,5,5,0
4037088,8744634,8,11,-3
5424188,6503714,2,1,1
5424188,6503714,5,5,0
4714192,6360901,2,9,-7
7071642,8002062,2,11,-9
7071642,8002062,4,13,-9
7071642,8002062,7,2,5
4941325,7044397,4,3,1
4941325,7044397,13,4,9
4388608,7668652,6,5,1
6938470,7254990,5,2,3
6938470,7254990,8,1,7
7454460,8447023,3,5,-2
5591104,6918860,1,4,-3
5591104,6918860,2,12,-10
5591104,6918860,10,11,-1
4823338,6188691,10,3,7
4064285,6887640,2,3,-1
4064285,6887640,10,1,9
4064285,6887640,12,8,4
5607442,8376865,2,12,-10
6977899,7613113,1,1,0
6977899,7613113,8,11,-3
7085330,8699620,2,1,1
7085330,8699620,3,2,1
7085330,8699620,5,9,-4
7085330,8699620,11,8,3
6179615,6916322,5,11,-6
7629305,8299009,1,2,-1
7629305,8299009,4,9,-5
7629305,8299009,9,3,6
7158607,8229069,2,10,-8
5025778,5526928,1,10,-9
5025778,5526928,4,2,2
5025778,5526928,7,13,-6
6623650,8557013,7,9,-2
5221466,7510083,3,9,-6
4999509,7182976,3,1,2
4999509,7182976,5,4,1
5298284,7522794,6,6,0
5298284,7522794,7,2,5
5298284,7522794,12,10,2
4179179,5004430,3,3,0
4179179,5004430,4,2,2
4179179,5004430,12,10,2
4179179,5004430,13,5,8
7208001,8016871,2,3,-1
7208001,8016871,13,13,0
6947394,7554963,1,7,-6
4291620,4745346,2,2,0
4291620,4745346,7,10,-3
7696344,8090542,1,1,0
7696344,8090542,2,2,0
7696344,8090542,3,3,0
7696344,8090542,4,5,-1
7696344,8090542,6,6,0
7696344,8090542,7,7,0
7696344,8090542,8,8,0
7696344,8090542,11,9,2
7696344,8090542,12,10,2
7696344,8090542,13,11,2
6404352,7809377,5,2,3
6404352,7809377,8,4,4
5303582,7210344,2,2,0
7245007,8581372,10,3,7
5132126,8569662,11,7,4
6206885,7488327,2,3,-1
6206885,7488327,5,1,4
6206885,7488327,12,9,3
4900199,7134618,6,13,-7
4900199,7134618,11,1,10
4413120,4985548,11,3,8
4413120,4985548,13,4,9
7302598,8213205,8,6,2
4289957,7080786,6,2,4
4289957,7080786,9,3,6
4861581,5169934,8,2,6
4189006,4411321,1,1,0
4189006,4411321,9,12,-3
4189006,4411321,12,2,10
4631058,6939331,1,2,-1
4631058,6939331,3,1,2
4631058,6939331,9,13,-4
4839797,5652869,10,4,6
4839797,5652869,12,13,-1
4030852,8387327,6,12,-6
4845481,7042172,3,4,-1
7293959,8725319,6,10,-4
7293959,8725319,13,6,7
4941618,6601581,6,12,-6
5657206,6972480,1,9,-8
5657206,6972480,13,1,12
6617040,7153582,2,2,0
6617040,7153582,3,3,0
6617040,7153582,4,7,-3
6617040,7153582,5,8,-3
6617040,7153582,6,9,-3
6617040,7153582,7,11,-4
6617040,7153582,8,6,2
6617040,7153582,9,13,-4
6243089,6507854,4,2,2
6243089,6507854,8,10,-2
6243089,6507854,12,13,-1
5274027,6525116,12,9,3
5346053,8286799,1,3,-2
4650533,8128224,6,2,4
4438931,7938740,3,1,2
4438931,7938740,4,3,1
4438931,7938740,6,2,4
7328968,8083315,1,1,0
7328968,8083315,3,2,1
7328968,8083315,7,5,2
6309580,7132225,6,3,3
6839266,7542297,6,2,4
4445201,7251148,3,2,1
5557653,7899445,1,3,-2
5557653,7899445,6,1,5
5557653,7899445,7,8,-1
4322516,7757457,3,6,-3
7592537,8382513,1,1,0
7592537,8382513,2,12,-10
7592537,8382513,4,4,0
7592537,8382513,5,10,-5
5555260,6389292,6,5,1
4522420,7497182,1,8,-7
4522420,7497182,8,1,7
6390529,7731403,9,6,3
7010704,8154509,6,6,0
7010704,8154509,11,13,-2
4998385,6077150,1,2,-1
4998385,6077150,3,10,-7
4998385,6077150,5,13,-8
4813570,5086956,5,1,4
6532169,8745317,9,9,0
5621723,6275478,2,8,-6
5621723,6275478,3,3,0
5621723,6275478,7,2,5
5621723,6275478,8,6,2
4202499,8056155,5,1,4
4202499,8056155,6,2,4
5115042,6875824,5,4,1
5072280,5585667,1,1,0
5072280,5585667,5,3,2
5072280,5585667,13,2,11
5653381,6227437,3,1,2
5653381,6227437,8,4,4
5653381,6227437,9,2,7
5393496,8273305,2,7,-5
5393496,8273305,5,4,1
5393496,8273305,7,6,1
5308181,8550285,11,3,8
6310768,8363407,6,3,3
5135403,6074249,11,3,8
4932977,6461635,7,6,1
5600772,8116581,2,10,-8
4446828,7814879,1,3,-2
4446828,7814879,6,1,5
4446828,7814879,8,11,-3
4446828,7814879,9,12,-3
5637305,6063820,1,1,0
5637305,6063820,11,12,-1
5112692,6240970,5,1,4
4400229,5548015,1,1,0
4400229,5548015,3,5,-2
4400229,5548015,8,9,-1
4400229,5548015,10,2,8
4007841,5303830,1,13,-12
4007841,5303830,3,4,-1
6638834,8298875,4,6,-2
6598608,8602040,4,1,3
4253793,5382110,2,1,1
4253793,5382110,6,7,-1
4253793,5382110,10,13,-3
4253793,5382110,13,5,8
4818110,7158235,2,8,-6
4818110,7158235,3,13,-10
4063029,4204089,2,7,-5
4063029,4204089,6,2,4
5434434,6671443,3,3,0
5434434,6671443,9,10,-1
4374033,7947636,3,3,0
4374033,7947636,8,9,-1
6529093,7420444,4,2,2
6529093,7420444,6,5,1
4997577,8580112,9,3,6
4997577,8580112,12,5,7
6199836,8524146,1,4,-3
6199836,8524146,4,10,-6
4075633,5317320,2,4,-2
5066466,6550304,1,3,-2
5066466,6550304,5,5,0
5066466,6550304,6,9,-3
5291467,6122232,2,3,-1
7560414,8550386,11,1,10
6185696,8510611,5,9,-4
6185696,8510611,7,1,6
6177433,6635651,4,5,-1
6177433,6635651,11,8,3
5082852,7622589,1,2,-1
6575971,8062313,1,1,0
6575971,8062313,2,4,-2
6575971,8062313,3,9,-6
6575971,8062313,5,5,0
6319108,7112245,11,9,2
6608068,7317037,2,2,0
6608068,7317037,3,6,-3
6608068,7317037,7,4,3
6608068,7317037,8,8,0
6608068,7317037,9,5,4
6608068,7317037,11,10,1
5022137,8702076,1,3,-2
5022137,8702076,5,2,3
5022137,8702076,7,4,3
5022137,8702076,12,1,11
6288273,7659427,2,2,0
6288273,7659427,9,4,5
6307511,7903037,3,4,-1
6307511,7903037,11,7,4
6307511,7903037,13,9,4
8122101,8566814,2,3,-1
8122101,8566814,3,8,-5
8122101,8566814,4,9,-5
8122101,8566814,6,7,-1
6067395,7388152,8,1,7
6067395,7388152,12,6,6
6067395,7388152,13,2,11
6463182,7031552,1,2,-1
6463182,7031552,2,1,1
4997590,5409632,1,2,-1
4997590,5409632,10,13,-3
6229786,7092350,1,1,0
6229786,7092350,4,2,2
6229786,7092350,5,8,-3
6229786,7092350,8,11,-3
7337386,7733426,3,10,-7
7337386,7733426,4,11,-7
7337386,7733426,5,8,-3
7337386,7733426,6,5,1
5576670,7746189,5,1,4
8105005,8721250,5,9,-4
5555369,6522344,11,9,2
5555369,6522344,13,5,8
6266430,7664175,1,2,-1
6266430,7664175,5,9,-4
4112843,4520972,2,7,-5
4112843,4520972,10,5,5
4878155,6259268,1,2,-1
7549563,8657174,2,2,0
7549563,8657174,4,6,-2
7549563,8657174,8,1,7
7549563,8657174,10,7,3
4943974,7991815,5,10,-5
4943974,7991815,7,4,3
6459892,8116445,3,11,-8
6493439,7978833,2,1,1
6493439,7978833,6,4,2
6493439,7978833,7,3,4
6959758,7905110,1,11,-10
6959758,7905110,2,2,0
5598475,7412056,2,1,1
5598475,7412056,4,3,1
5598475,7412056,12,6,6
7435977,7683348,1,9,-8
7435977,7683348,5,2,3
6178704,7124754,1,2,-1
4638810,7678059,1,6,-5
4638810,7678059,4,2,2
4638810,7678059,6,3,3
4638810,7678059,12,12,0
4710075,6514258,1,1,0
4710075,6514258,2,2,0
4710075,6514258,6,3,3
4710075,6514258,9,11,-2
4710075,6514258,10,12,-2
4895518,5059127,2,4,-2
4895518,5059127,3,6,-3
4895518,5059127,10,3,7
6364416,7997216,1,1,0
6364416,7997216,3,3,0
6364416,7997216,6,6,0
4974073,8237873,1,8,-7
4974073,8237873,5,3,2
4974073,8237873,8,13,-5
6492062,7273680,4,7,-3
6492062,7273680,7,1,6
6492062,7273680,11,3,8
6492062,7273680,12,4,8
4020030,4410675,7,1,6
4493112,7714678,10,2,8
4461779,4643904,10,12,-2
5137100,5244056,1,1,0
5137100,5244056,2,3,-1
4610751,8100253,11,4,7
4358263,7971467,4,10,-6
4358263,7971467,12,5,7
4638933,6279803,3,1,2
4638933,6279803,5,7,-2
4638933,6279803,9,3,6
7210619,8185759,5,8,-3
7210619,8185759,10,11,-1
7210619,8185759,12,10,2
4916613,7566859,9,4,5
4916613,7566859,13,2,11
5024450,7040627,2,3,-1
5024450,7040627,7,1,6
4316442,4438750,7,9,-2
4316442,4438750,9,4,5
5125928,8012153,7,12,-5
5125928,8012153,8,7,1
5125928,8012153,9,3,6
5125928,8012153,12,5,7
6234168,7721731,1,8,-7
6640229,7124353,5,3,2
6919892,7653261,1,2,-1
4679614,6857464,1,1,0
4679614,6857464,3,5,-2
4679614,6857464,8,7,1
4679614,6857464,9,6,3
4134174,4771503,3,2,1
4134174,4771503,9,5,4
4134174,4771503,13,3,10
6249873,8223970,10,6,4
4128903,5651792,1,3,-2
4128903,5651792,5,1,4
6216226,8352814,8,10,-2
4932209,7546731,1,6,-5
4932209,7546731,2,1,1
4932209,7546731,9,2,7
5329811,7093674,2,5,-3
5329811,7093674,5,12,-7
5487099,7162020,1,2,-1
5487099,7162020,9,7,2
4810068,6618070,3,7,-4
4810068,6618070,7,3,4
6756378,7157487,1,3,-2
6756378,7157487,12,8,4
6286831,8167304,2,11,-9
6286831,8167304,8,10,-2
6286831,8167304,11,12,-1
5313943,6464661,10,7,3
5313943,6464661,11,12,-1
4522360,6866233,4,2,2
4522360,6866233,13,5,8
5343380,7034541,1,1,0
6352811,6461795,4,3,1
6352811,6461795,11,1,10
3992766,5073482,6,6,0
4163466,4293016,1,1,0
4163466,4293016,2,3,-1
4163466,4293016,10,2,8
6927246,8362904,12,1,11
6210792,6955844,4,2,2
6210792,6955844,6,6,0
4796028,8614637,8,3,5
4874320,7202613,3,1,2
4590460,8395515,9,12,-3
6254534,7081089,3,3,0
6254534,7081089,4,1,3
6254534,7081089,5,2,3
6254534,7081089,7,5,2
6254534,7081089,10,6,4
6254534,7081089,13,9,4
5334063,6089934,1,8,-7
5334063,6089934,3,6,-3
5334063,6089934,7,12,-5
5334063,6089934,9,2,7
7455937,7930657,1,3,-2
7455937,7930657,7,8,-1
5505127,7819057,2,2,0
5505127,7819057,4,10,-6
6531959,8358872,1,1,0
6531959,8358872,13,7,6
5147841,7443027,3,4,-1
4597042,5274648,3,7,-4
4662370,6312439,4,7,-3
4662370,6312439,8,5,3
6884822,7651762,2,4,-2
6884822,7651762,13,9,4
7281735,7695064,1,9,-8
7281735,7695064,2,1,1
7281735,7695064,9,10,-1
5556797,6838325,3,2,1
5556797,6838325,7,13,-6
6661831,7697590,10,2,8
5564519,7082756,1,1,0
5564519,7082756,6,7,-1
4619622,5092802,4,3,1
4619622,5092802,8,12,-4
6500746,7547978,5,3,2
4160503,4605988,6,8,-2
6892057,7929638,5,8,-3
6892057,7929638,12,6,6
4241285,7714252,1,1,0
4002343,6872149,1,1,0
4002343,6872149,3,11,-8
4002343,6872149,4,2,2
5433584,7097412,4,1,3
5433584,7097412,6,5,1
5433584,7097412,9,2,7
5433584,7097412,10,4,6
5433584,7097412,12,9,3
7010482,7149683,8,2,6
7010482,7149683,12,1,11
6411991,7715308,2,7,-5
6411991,7715308,10,9,1
5345638,8745896,7,9,-2
5134157,5236946,1,1,0
5134157,5236946,2,7,-5
5134157,5236946,3,3,0
5134157,5236946,5,4,1
5134157,5236946,6,5,1
5134157,5236946,7,6,1
5134157,5236946,8,12,-4
5134157,5236946,9,8,1
5134157,5236946,10,9,1
5134157,5236946,11,10,1
5134157,5236946,12,13,-1
6119222,7818309,11,13,-2
4616509,5048349,2,1,1
4616509,5048349,4,9,-5
6843724,8025567,1,1,0
6843724,8025567,2,2,0
6843724,8025567,7,10,-3
6943160,7405217,1,2,-1
6943160,7405217,3,5,-2
6943160,7405217,4,7,-3
6943160,7405217,5,4,1
6943160,7405217,7,10,-3
6943160,7405217,8,11,-3
6943160,7405217,9,12,-3
6943160,7405217,10,13,-3
5429020,6484611,2,4,-2
5429020,6484611,4,3,1
5429020,6484611,6,8,-2
5429020,6484611,10,10,0
4346774,4682667,6,6,0
6406676,8337789,12,4,8
6274869,7075080,2,12,-10
8255761,8601339,11,13,-2
4557039,6456184,1,10,-9
4557039,6456184,7,9,-2
4920355,7296886,2,9,-7
4920355,7296886,4,11,-7
6615460,7111368,2,1,1
6615460,7111368,5,3,2
6298478,7844659,2,12,-10
5414251,7347375,1,1,0
5414251,7347375,3,11,-8
5414251,7347375,5,3,2
5414251,7347375,7,13,-6
5414251,7347375,12,6,6
5065647,8342780,7,8,-1
5065647,8342780,9,12,-3
4793262,6460683,3,12,-9
5555214,7672738,5,7,-2
7149801,7730137,12,12,0
4447322,5338447,5,12,-7
4263653,4714812,1,4,-3
4071112,5285025,1,1,0
4071112,5285025,2,9,-7
6993906,8281892,2,11,-9
6993906,8281892,4,3,1
5281497,7754386,2,3,-1
5281497,7754386,7,9,-2
5281497,7754386,9,4,5
7382240,7982591,1,3,-2
7382240,7982591,7,5,2
4010717,5297525,1,3,-2
4010717,5297525,3,13,-10
6301115,7646595,9,12,-3
4700330,5265231,1,2,-1
4700330,5265231,2,1,1
4700330,5265231,4,5,-1
4700330,5265231,6,8,-2
5486129,6858449,1,3,-2
7402978,8324859,1,7,-6
7402978,8324859,8,6,2
7402978,8324859,10,12,-2
5332666,7157230,5,3,2
5332666,7157230,6,10,-4
5332666,7157230,8,11,-3
4322450,6472028,1,1,0
4322450,6472028,6,7,-1
4169707,4760629,13,6,7
5583479,7061137,5,2,3
6168089,7311266,1,8,-7
6168089,7311266,7,1,6
6168089,7311266,13,7,6
3962144,4160748,2,4,-2
3962144,4160748,6,2,4
5150150,8254776,1,1,0
4342906,7161313,4,13,-9
4076663,6918981,8,12,-4
4953114,6192152,1,2,-1
4953114,6192152,2,6,-4
4953114,6192152,3,7,-4
4953114,6192152,4,13,-9
4953114,6192152,5,10,-5
4953114,6192152,7,9,-2
6198895,7835673,1,6,-5
6198895,7835673,3,1,2
4154239,5522797,1,2,-1
4154239,5522797,2,6,-4
4154239,5522797,12,9,3
7332807,8112734,11,1,10
4997421,6413240,2,1,1
4997421,6413240,7,10,-3
5320492,7540714,1,4,-3
5320492,7540714,5,2,3
5581386,7706685,5,3,2
5581386,7706685,11,6,5
5581386,7706685,13,8,5
5632432,7789283,1,12,-11
5632432,7789283,2,9,-7
7582061,8437840,3,8,-5
7582061,8437840,6,2,4
7582061,8437840,9,9,0
7582061,8437840,10,10,0
6866831,8596858,1,1,0
6866831,8596858,2,8,-6
5453451,7674760,10,5,5
4635060,4891649,1,7,-6
4635060,4891649,3,3,0
4635060,4891649,5,1,4
5150394,7573035,3,8,-5
5150394,7573035,4,1,3
7832457,8272816,12,3,9
4626443,4714566,1,2,-1
4626443,4714566,5,10,-5
4626443,4714566,10,4,6
4626443,4714566,11,5,6
4785178,6653641,1,10,-9
4785178,6653641,2,2,0
5051846,7050699,1,1,0
5051846,7050699,3,5,-2
5051846,7050699,4,3,1
5171365,6218329,1,2,-1
5171365,6218329,2,3,-1
5171365,6218329,8,12,-4
6159764,7923824,1,2,-1
6159764,7923824,7,7,0
4461861,5486556,5,3,2
4461861,5486556,10,13,-3
6506195,8460311,1,3,-2
6506195,8460311,2,1,1
6506195,8460311,6,11,-5
5238198,5632454,1,3,-2
5238198,5632454,6,8,-2
5238198,5632454,8,2,6
6931852,7185491,1,3,-2
6931852,7185491,2,1,1
6931852,7185491,13,10,3
4860033,4929964,1,8,-7
4860033,4929964,2,9,-7
4860033,4929964,3,2,1
4860033,4929964,4,3,1
4860033,4929964,5,1,4
4860033,4929964,7,13,-6
4860033,4929964,10,6,4
4860033,4929964,12,5,7
4860033,4929964,13,4,9
5483731,8272128,1,2,-1
5483731,8272128,6,4,2
6547716,8092363,1,1,0
4772383,7364921,1,1,0
4772383,7364921,8,6,2
4772383,7364921,11,10,1
4627312,6502474,1,4,-3
4627312,6502474,2,3,-1
4627312,6502474,6,9,-3
4627312,6502474,9,1,8
6611180,8355255,7,5,2
6611180,8355255,9,6,3
6184281,7717057,3,1,2
5199261,6655142,1,2,-1
4631091,4743306,1,2,-1
4631091,4743306,3,3,0
4631091,4743306,10,5,5
4631091,4743306,11,6,5
4631091,4743306,13,4,9
5034394,8258309,5,4,1
5034394,8258309,13,8,5
4401930,5159248,5,1,4
4401930,5159248,12,2,10
5652565,6426696,5,7,-2
5652565,6426696,6,5,1
5652565,6426696,7,2,5
5070583,6962034,1,1,0
5070583,6962034,7,3,4
5615598,6886200,2,1,1
5615598,6886200,8,4,4
5615596,7588145,4,9,-5
5615596,7588145,5,2,3
7136371,8737367,4,11,-7
7136371,8737367,10,7,3
7136371,8737367,11,4,7
5315583,7773688,2,5,-3
5315583,7773688,3,8,-5
5646979,8126132,2,12,-10
5646979,8126132,7,2,5
5026421,5106394,1,1,0
4801477,7795349,5,12,-7
4801477,7795349,7,1,6
4801477,7795349,9,3,6
7331439,8474683,1,3,-2
7331439,8474683,5,11,-6
7331439,8474683,13,9,4
4908137,5045210,1,1,0
4908137,5045210,2,3,-1
4908137,5045210,4,5,-1
4908137,5045210,5,6,-1
4908137,5045210,6,7,-1
4908137,5045210,7,8,-1
4908137,5045210,8,9,-1
4908137,5045210,9,10,-1
4908137,5045210,10,11,-1
4908137,5045210,11,12,-1
4908137,5045210,12,13,-1
6366780,7990863,3,1,2
5042504,5269081,6,4,2
4925699,5531832,1,4,-3
6290676,7806873,2,8,-6
6290676,7806873,3,5,-2
5574807,6278818,4,3,1
5574807,6278818,5,9,-4
5574807,6278818,6,11,-5
5574807,6278818,8,6,2
5574807,6278818,10,7,3
5574807,6278818,13,8,5
4663750,4823330,2,2,0
4663750,4823330,3,1,2
4609190,5527251,1,1,0
4609190,5527251,5,7,-2
4609190,5527251,8,8,0
4609190,5527251,12,12,0
5624592,7916444,3,1,2
5624592,7916444,8,13,-5
5169639,5399358,7,8,-1
5169639,5399358,8,3,5
5169639,5399358,9,11,-2
5656081,7157134,12,3,9
6615241,7454470,1,6,-5
6615241,7454470,4,1,3
6615241,7454470,7,5,2
4978349,7534244,5,4,1
6604117,8517840,1,6,-5
5160643,6316506,2,9,-7
5160643,6316506,7,12,-5
5160643,6316506,12,6,6
3957032,6033213,1,1,0
3957032,6033213,3,3,0
3957032,6033213,11,6,5
4945478,7672708,9,3,6
5136376,7203372,11,13,-2
6373834,8411862,3,7,-4
6373834,8411862,8,2,6
4366667,4935170,1,9,-8
5027547,7010882,2,2,0
5027547,7010882,4,3,1
8126400,8538486,1,4,-3
8169924,8594088,5,1,4
5489297,8721708,4,1,3
4040048,4447213,3,9,-6
5343209,7711038,6,10,-4
6865667,7133953,5,1,4
4298931,4931958,1,5,-4
4298931,4931958,2,3,-1
4298931,4931958,4,1,3
4298931,4931958,8,12,-4
8154770,8379278,1,10,-9
8154770,8379278,4,8,-4
8154770,8379278,8,1,7
5205454,7570067,9,1,8
8080715,8487165,2,2,0
8080715,8487165,3,4,-1
8080715,8487165,4,3,1
8080715,8487165,5,5,0
8080715,8487165,6,6,0
8080715,8487165,10,8,2
8080715,8487165,11,10,1
8080715,8487165,13,11,2
6219649,7386519,2,3,-1
6219649,7386519,9,1,8
6645869,7544563,5,6,-1
5194854,7427840,9,1,8
5194854,7427840,12,10,2
7090013,7942197,1,2,-1
7090013,7942197,3,12,-9
7090013,7942197,4,4,0
7090013,7942197,9,7,2
6169843,8098973,1,1,0
6169843,8098973,5,5,0
7486621,8743689,5,2,3
4833837,7594360,2,1,1
4633573,5490324,7,1,6
6580736,6838701,1,2,-1
6580736,6838701,11,5,6
6580736,6838701,12,7,5
3993847,4203874,2,3,-1
3993847,4203874,4,4,0
4922059,6614663,2,9,-7
4922059,6614663,6,8,-2
5554389,8497121,2,1,1
3993374,8002488,13,3,10
6462378,7589378,1,1,0
6462378,7589378,2,13,-11
6462378,7589378,4,6,-2
6462378,7589378,5,9,-4
6462378,7589378,7,7,0
6462378,7589378,11,12,-1
4333493,6221321,3,7,-4
4333493,6221321,11,1,10
4889078,5062388,4,3,1
7084565,7291973,1,2,-1
7084565,7291973,3,3,0
7084565,7291973,4,13,-9
7084565,7291973,9,1,8
7084565,7291973,13,5,8
6525247,7189907,6,3,3
6525247,7189907,13,4,9
4877348,7237783,1,3,-2
4877348,7237783,2,1,1
4877348,7237783,3,5,-2
4877348,7237783,4,8,-4
7504303,8558305,1,1,0
7504303,8558305,4,11,-7
7504303,8558305,9,13,-4
5623260,6486801,4,1,3
5623260,6486801,9,10,-1
4559123,7837839,3,6,-3
4559123,7837839,4,1,3
4559123,7837839,10,9,1
6441558,8654483,7,3,4
6441558,8654483,9,6,3
6441558,8654483,11,1,10
6440141,7879040,1,3,-2
5304813,6363164,4,1,3
7385733,8107138,10,11,-1
7534615,8429949,3,6,-3
6403931,7250301,2,1,1
6403931,7250301,3,11,-8
4075800,7389617,8,6,2
5521999,6519387,4,3,1
5521999,6519387,5,5,0
5521999,6519387,10,10,0
5521999,6519387,12,2,10
6466190,7236284,10,7,3
6189195,8234769,2,4,-2
5152398,7000799,1,4,-3
5152398,7000799,3,1,2
7033765,8431139,12,3,9
6191447,6509233,5,2,3
5391153,7390317,2,10,-8
3951107,5323733,1,4,-3
3951107,5323733,6,2,4
3951107,5323733,7,5,2
7139964,8010858,2,10,-8
7139964,8010858,6,6,0
7139964,8010858,11,1,10
7779097,8280975,12,9,3
5540688,7655041,8,3,5
6150653,7129982,2,8,-6
4404066,8688188,13,1,12
7856534,8692825,5,4,1
6923786,8413659,4,1,3
7377421,8483426,5,1,4
5366585,7780786,1,2,-1
5366585,7780786,3,3,0
4676831,6280683,2,3,-1
4676831,6280683,9,6,3
4388022,4643614,3,5,-2
4388022,4643614,7,2,5
4878125,5070413,2,2,0
4878125,5070413,3,13,-10
6414696,7173672,1,4,-3
7684566,7925774,2,1,1
6988144,7652994,3,11,-8
6988144,7652994,4,2,2
5126615,5430344,1,1,0
5126615,5430344,2,3,-1
5126615,5430344,3,2,1
5126615,5430344,5,5,0
6619744,8491054,2,2,0
6619744,8491054,7,3,4
4808776,7533897,4,3,1
4808776,7533897,6,10,-4
7420276,7958626,2,8,-6
5623617,7574346,4,3,1
4491696,4609785,6,3,3
4978166,5150945,4,3,1
4978166,5150945,6,1,5
4498704,5054729,1,1,0
4498704,5054729,12,11,1
4339788,5019951,6,11,-5
6966625,7686416,1,1,0
6966625,7686416,2,2,0
6966625,7686416,3,3,0
6966625,7686416,5,10,-5
6966625,7686416,7,7,0
6966625,7686416,10,4,6
4887595,8118841,1,1,0
4887595,8118841,9,7,2
6180969,6541329,3,5,-2
6180969,6541329,9,4,5
7042370,8234060,1,1,0
7042370,8234060,4,11,-7
7042370,8234060,6,12,-6
5165237,7588631,1,1,0
5165237,7588631,11,3,8
4268278,4671909,4,2,2
4268278,4671909,6,7,-1
4268278,4671909,13,8,5
4855110,7752007,2,5,-3
7331520,8734245,7,1,6
7355594,8541856,1,1,0
7355594,8541856,2,9,-7
7355594,8541856,4,12,-8
7355594,8541856,11,13,-2
4770723,5250206,1,3,-2
4770723,5250206,2,2,0
4770723,5250206,3,4,-1
4770723,5250206,4,5,-1
4770723,5250206,7,10,-3
5390629,6568353,3,2,1
5390629,6568353,10,6,4
4791615,5392245,3,3,0
4791615,5392245,4,12,-8
6269304,7711478,4,7,-3
6269304,7711478,6,3,3
5606266,6476636,5,11,-6
5606266,6476636,7,10,-3
5606266,6476636,11,6,5
4912675,5307142,1,6,-5
4912675,5307142,4,1,3
4912675,5307142,5,8,-3
4912675,5307142,7,12,-5
4912675,5307142,10,9,1
5424652,6358833,1,2,-1
5424652,6358833,2,1,1
5424652,6358833,12,13,-1
5306675,6451094,6,9,-3
6374157,8661605,1,2,-1
4424777,7665450,3,3,0
4424777,7665450,5,5,0
4424777,7665450,7,10,-3
4424777,7665450,8,11,-3
4424777,7665450,11,1,10
5018181,6519317,1,3,-2
5018181,6519317,4,5,-1
5018181,6519317,12,7,5
4836545,8491411,1,2,-1
4836545,8491411,4,7,-3
4836545,8491411,7,5,2
6134901,6889762,1,11,-10
6134901,6889762,2,1,1
6134901,6889762,3,10,-7
6163563,7133438,1,1,0
6163563,7133438,10,10,0
6163563,7133438,11,4,7
7563175,8449407,3,3,0
7563175,8449407,4,5,-1
7563175,8449407,5,12,-7
5091333,8502263,6,2,4
5012441,6552625,13,4,9
6606938,7921766,1,1,0
6606938,7921766,2,2,0
6606938,7921766,7,5,2
6606938,7921766,9,6,3
4917173,5259447,2,6,-4
4917173,5259447,3,10,-7
4917173,5259447,12,5,7
4247486,4710587,5,3,2
4775969,7111113,7,7,0
4672598,4811323,1,1,0
4672598,4811323,9,5,4
4672598,4811323,11,6,5
6628835,7148912,11,12,-1
6963777,7953484,2,6,-4
6963777,7953484,4,1,3
5636089,7701675,10,6,4
5636089,7701675,13,5,8
4561720,6545813,2,5,-3
4561720,6545813,3,7,-4
4561720,6545813,7,4,3
5135674,8137578,1,1,0
5135674,8137578,4,5,-1
5135674,8137578,7,8,-1
5135674,8137578,12,13,-1
5135674,8137578,13,7,6
4339798,7684874,2,1,1
4339798,7684874,9,3,6
7544095,8128440,3,13,-10
7544095,8128440,4,4,0
7544095,8128440,5,2,3
6173420,7698391,7,8,-1
6173420,7698391,8,2,6
6173420,7698391,9,9,0
5056427,5602756,3,5,-2
5324519,8734822,6,5,1
6928433,7693856,8,3,5
6928433,7693856,10,5,5
6928433,7693856,12,1,11
5057627,6891056,10,5,5
4135520,7901512,1,2,-1
4135520,7901512,9,3,6
4889382,6447050,1,5,-4
4889382,6447050,3,6,-3
7665064,8731998,7,2,5
4873469,5142199,1,3,-2
4873469,5142199,2,2,0
4873469,5142199,3,1,2
6668127,8712206,1,1,0
6668127,8712206,2,2,0
5096285,6660035,6,13,-7
5096285,6660035,7,6,1
3941926,4760388,2,3,-1
6869076,7905777,1,10,-9
6869076,7905777,4,4,0
6869076,7905777,5,3,2
6416253,8459896,1,3,-2
6416253,8459896,12,6,6
5040777,5188352,4,2,2
5040777,5188352,13,1,12
4262671,4694976,3,6,-3
4890320,7908638,3,11,-8
4890320,7908638,9,8,1
4890320,7908638,10,4,6
6413925,7585829,1,4,-3
6413925,7585829,5,1,4
6413925,7585829,7,3,4
4947801,6260513,3,4,-1
4947801,6260513,4,3,1
7079942,8296032,1,1,0
7079942,8296032,5,4,1
7079942,8296032,6,6,0
4557139,4688627,1,9,-8
4557139,4688627,11,7,4
4787261,7228799,2,1,1
7391129,8549838,9,4,5
5308242,5653591,6,9,-3
4969038,6553130,6,5,1
4969038,6553130,9,6,3
6367565,7069999,1,6,-5
6367565,7069999,12,1,11
4325607,5239602,1,1,0
4325607,5239602,5,12,-7
4325607,5239602,6,7,-1
4993148,7070084,9,5,4
6624522,8546925,8,11,-3
6624522,8546925,10,7,3
4013893,5635700,1,5,-4
4013893,5635700,2,8,-6
4013893,5635700,3,12,-9
4774949,8002794,2,11,-9
5370999,7708214,5,1,4
6910277,7587828,2,5,-3
6910277,7587828,10,12,-2
5090047,7197109,9,9,0
5090047,7197109,11,1,10
4549965,4888295,1,1,0
4549965,4888295,11,13,-2
5214669,6421389,6,2,4
5462913,6511942,4,9,-5
5462913,6511942,9,10,-1
5462913,6511942,10,11,-1
5462913,6511942,13,12,1
6906483,7064509,4,3,1
4813744,4984848,1,2,-1
4813744,4984848,2,1,1
4813744,4984848,3,5,-2
4813744,4984848,4,3,1
4813744,4984848,6,4,2
4813744,4984848,7,7,0
4813744,4984848,8,10,-2
4813744,4984848,9,6,3
4813744,4984848,11,8,3
4297076,7877934,2,3,-1
4297076,7877934,3,5,-2
4297076,7877934,8,4,4
4187775,5263591,10,1,9
6607478,7862498,3,5,-2
6607478,7862498,6,12,-6
6607478,7862498,9,11,-2
6607478,7862498,11,3,8
6450532,8579327,11,1,10
6071203,8079924,1,8,-7
6071203,8079924,2,2,0
6071203,8079924,3,4,-1
6071203,8079924,8,3,5
4046118,6298840,3,1,2
4046118,6298840,4,2,2
4046118,6298840,9,8,1
6413806,7232733,1,2,-1
6413806,7232733,8,7,1
6301013,6975416,1,2,-1
6301013,6975416,2,7,-5
7092356,7760643,7,6,1
7092356,7760643,9,5,4
7139521,7382495,1,2,-1
7139521,7382495,4,3,1
7139521,7382495,5,10,-5
5649114,7827056,1,2,-1
5649114,7827056,4,9,-5
6066518,6518102,1,6,-5
6066518,6518102,3,2,1
6066518,6518102,8,7,1
6066518,6518102,11,12,-1
7420292,7863769,1,5,-4
7420292,7863769,3,11,-8
7420292,7863769,5,3,2
7420292,7863769,6,2,4
7420292,7863769,8,9,-1
7420292,7863769,10,4,6
4400652,4677352,1,6,-5
4400652,4677352,6,3,3
4400652,4677352,12,2,10
4897364,6495477,3,7,-4
4897364,6495477,5,2,3
7036583,7546873,10,6,4
7036583,7546873,11,7,4
4851347,6506426,2,6,-4
4851347,6506426,6,2,4
4851347,6506426,10,5,5
4229618,5519781,5,2,3
4229618,5519781,6,1,5
5036473,5400262,3,8,-5
5432905,5615376,3,3,0
5432905,5615376,4,1,3
5432905,5615376,5,4,1
5432905,5615376,7,2,5
6581178,7243296,1,4,-3
6581178,7243296,3,11,-8
6581178,7243296,6,8,-2
6581178,7243296,7,10,-3
6581178,7243296,10,9,1
7664905,8230154,7,11,-4
7664905,8230154,8,1,7
6827700,7364564,1,5,-4
6827700,7364564,6,11,-5
6122535,7574244,5,12,-7
4246148,4835012,4,6,-2
4448419,7722463,6,3,3
4487905,8450387,4,2,2
6444115,8480868,3,7,-4
6444115,8480868,4,10,-6
6444115,8480868,11,1,10
6096070,7776926,3,5,-2
6096070,7776926,9,6,3
5519539,6846137,1,1,0
6324499,8032373,3,4,-1
4064287,4390615,3,4,-1
4064287,4390615,8,2,6
4064287,4390615,11,1,10
4005183,6387343,1,3,-2
4005183,6387343,6,5,1
4005183,6387343,7,2,5
4844210,8225855,1,3,-2
6563130,8386081,3,3,0
6563130,8386081,11,9,2
6974454,7678111,3,3,0
4175222,4939328,11,3,8
5487516,7715977,1,3,-2
5281376,5480606,1,1,0
5281376,5480606,9,10,-1
5281376,5480606,12,2,10
6951538,7931673,2,8,-6
6951538,7931673,3,7,-4
5449173,6443837,8,6,2
5130579,7030595,1,2,-1
5130579,7030595,8,3,5
6130602,7345575,4,6,-2
6130602,7345575,9,9,0
6130602,7345575,10,5,5
4896966,5345333,5,11,-6
4261948,4865206,3,3,0
4261948,4865206,5,2,3
4261948,4865206,8,5,3
4994069,6030413,1,5,-4
5070851,7410152,1,3,-2
5070851,7410152,2,8,-6
5070851,7410152,3,5,-2
5070851,7410152,5,2,3
5070851,7410152,11,1,10
5070851,7410152,13,10,3
6867975,7193853,1,1,0
6867975,7193853,3,4,-1
6867975,7193853,4,2,2
6867975,7193853,6,5,1
6252912,7599420,5,12,-7
4600238,6382720,1,3,-2
4600238,6382720,3,10,-7
4600238,6382720,5,6,-1
4600238,6382720,6,5,1
4600238,6382720,12,11,1
6511902,7101786,2,11,-9
7909329,8162318,4,10,-6
3994771,5098522,1,8,-7
3994771,5098522,5,6,-1
4290920,5132269,1,2,-1
4290920,5132269,2,4,-2
4290920,5132269,3,6,-3
4290920,5132269,7,13,-6
6512719,7692980,4,1,3
6512719,7692980,9,4,5
4827076,5413697,6,13,-7
6438747,8281265,6,7,-1
4965002,6489271,1,2,-1
4965002,6489271,5,7,-2
6284342,6551724,1,3,-2
6284342,6551724,4,8,-4
5149615,6501179,10,1,9
4500116,7832131,3,1,2
6237590,8496002,1,5,-4
5351998,7900974,5,7,-2
5351998,7900974,10,6,4
7269066,8238160,1,9,-8
7269066,8238160,2,2,0
7269066,8238160,5,10,-5
7269066,8238160,8,3,5
7231637,8566939,8,11,-3
7619130,8586818,4,2,2
7619130,8586818,7,1,6
6119373,6601319,5,8,-3
6119373,6601319,7,5,2
6119373,6601319,8,6,2
5159937,6375629,1,9,-8
5159937,6375629,5,4,1
5159937,6375629,8,1,7
5159937,6375629,13,11,2
6192168,7651869,1,5,-4
6192168,7651869,9,3,6
6192168,7651869,13,4,9
4442339,6649869,2,1,1
6500252,6953505,1,2,-1
6500252,6953505,2,3,-1
6500252,6953505,4,4,0
6500252,6953505,8,12,-4
6500252,6953505,11,8,3
4265246,8221454,6,9,-3
5597307,7643971,7,9,-2
6290675,7905828,1,4,-3
6290675,7905828,3,8,-5
6070300,8245352,2,3,-1
6070300,8245352,3,9,-6
6070300,8245352,4,1,3
6070300,8245352,6,2,4
6070300,8245352,10,4,6
6865082,7385818,4,7,-3
6865082,7385818,8,13,-5
6865082,7385818,11,1,10
4498105,7710483,1,3,-2
6423551,6861155,1,2,-1
4990640,6921800,4,10,-6
4990640,6921800,5,1,4
4990640,6921800,10,2,8
6478535,8439647,1,3,-2
6478535,8439647,4,10,-6
6478535,8439647,8,8,0
6478535,8439647,9,2,7
5036884,5277224,1,9,-8
5036884,5277224,2,4,-2
5036884,5277224,3,12,-9
6160354,8063585,8,3,5
6160354,8063585,11,11,0
5147793,5278046,1,1,0
5147793,5278046,3,3,0
5147793,5278046,7,4,3
6419013,7246663,5,5,0
3983039,7910897,1,13,-12
3983039,7910897,5,5,0
3983039,7910897,10,6,4
6081735,8423106,3,11,-8
4680527,5432429,1,1,0
6511020,8254832,1,1,0
6511020,8254832,8,4,4
6254482,8235801,4,3,1
6153063,7060338,1,1,0
6153063,7060338,2,13,-11
6153063,7060338,3,4,-1
6153063,7060338,9,2,7
6153063,7060338,10,3,7
6153063,7060338,11,5,6
4065044,4456200,5,1,4
4065044,4456200,9,8,1
4495010,4797372,4,7,-3
4495010,4797372,8,2,6
4795354,5277601,4,1,3
4795354,5277601,9,2,7
5361319,7496261,1,1,0
5361319,7496261,2,3,-1
5361319,7496261,3,2,1
5481699,6247038,4,9,-5
5481699,6247038,6,5,1
5523253,8299568,1,5,-4
5523253,8299568,3,3,0
5523253,8299568,4,12,-8
5523253,8299568,5,8,-3
6330976,7299417,9,10,-1
7096103,7979180,3,9,-6
4070131,7086823,1,1,0
4070131,7086823,3,8,-5
4070131,7086823,9,5,4
5053920,6989661,6,4,2
4564192,7998035,10,3,7
6264330,7637216,3,6,-3
6264330,7637216,4,2,2
6264330,7637216,9,9,0
4766713,8047900,13,12,1
4608436,4687800,1,4,-3
4608436,4687800,5,12,-7
4608436,4687800,8,3,5
4520085,5378557,1,13,-12
4520085,5378557,4,6,-2
4520085,5378557,12,5,7
4989168,8510355,4,3,1
6330833,6871553,3,5,-2
6330833,6871553,5,8,-3
4993000,5453652,1,6,-5
4993000,5453652,5,7,-2
4993000,5453652,7,3,4
5605476,6905367,5,5,0
5394295,8279584,1,1,0
5394295,8279584,2,3,-1
4709986,7116887,1,1,0
4709986,7116887,2,3,-1
4709986,7116887,4,2,2
4313667,4566772,2,12,-10
4313667,4566772,4,3,1
4313667,4566772,9,7,2
6128047,6411652,4,1,3
6063078,8628523,2,2,0
4681657,7112505,2,7,-5
4681657,7112505,4,8,-4
4681657,7112505,6,12,-6
6316281,7118682,1,13,-12
6316281,7118682,2,2,0
6316281,7118682,3,8,-5
5328262,6116773,1,1,0
5328262,6116773,2,2,0
5328262,6116773,5,13,-8
5112449,7638735,5,6,-1
5150393,6298114,4,3,1
5150393,6298114,9,2,7
4195349,4709234,5,12,-7
4195349,4709234,9,4,5
4745511,4991050,4,4,0
4745511,4991050,6,6,0
6138104,8712946,8,3,5
6948374,8643127,10,6,4
5036479,7065682,1,1,0
5480632,6967024,1,5,-4
5480632,6967024,10,4,6
5453125,6303908,5,7,-2
5453125,6303908,7,6,1
4370319,5082661,7,12,-5
4484272,4825360,1,1,0
4484272,4825360,2,8,-6
6088697,8745105,1,10,-9
5527230,7670251,1,1,0
5527230,7670251,2,2,0
5527230,7670251,3,6,-3
5527230,7670251,9,7,2
4984923,8128006,1,4,-3
4229070,7787731,2,10,-8
4229070,7787731,4,8,-4
4229070,7787731,5,12,-7
4229070,7787731,12,7,5
6631186,7206398,8,5,3
6631186,7206398,9,2,7
3999979,5403381,3,3,0
3999979,5403381,5,1,4
7220260,8382749,1,7,-6
7220260,8382749,4,6,-2
7220260,8382749,13,12,1
6179717,6547669,4,10,-6
6097794,8073973,10,2,8
5646602,7751795,6,13,-7
6362734,7145448,1,6,-5
6362734,7145448,4,7,-3
6362734,7145448,13,11,2
4229296,5280701,5,3,2
4229296,5280701,8,2,6
6369719,7039532,6,10,-4
6431630,7118153,1,1,0
6431630,7118153,2,11,-9
6431630,7118153,3,7,-4
6431630,7118153,5,10,-5
4686240,5397809,1,4,-3
4686240,5397809,2,3,-1
5114063,6632165,9,6,3
6650755,8199933,2,3,-1
5384029,7169601,6,12,-6
5156239,8162110,2,1,1
5156239,8162110,3,2,1
5188696,8696839,1,3,-2
5188696,8696839,11,2,9
6595955,8460247,1,2,-1
5145007,8584761,7,6,1
5376322,7048987,1,3,-2
4605633,4689077,4,1,3
4605633,4689077,12,2,10
6650646,8543681,4,12,-8
6650646,8543681,13,7,6
4349576,6455081,2,2,0
4349576,6455081,4,5,-1
4349576,6455081,6,1,5
5329773,6254997,7,8,-1
7185448,8112908,4,1,3
7185448,8112908,9,2,7
5415282,7307245,9,8,1
5657445,7051167,2,2,0
5657445,7051167,6,3,3
6237688,6494261,1,9,-8
6237688,6494261,2,3,-1
6237688,6494261,6,4,2
6451414,7329465,10,13,-3
5050557,5640941,1,8,-7
5050557,5640941,4,9,-5
5050557,5640941,8,3,5
5050557,5640941,10,12,-2
4522502,6623647,6,8,-2
6368438,7004536,8,3,5
4345679,5372317,1,3,-2
5119454,6607278,4,6,-2
5259326,6062148,4,4,0
5259326,6062148,11,11,0
4789699,6383431,1,2,-1
4789699,6383431,4,1,3
6179667,6554653,4,6,-2
6179667,6554653,13,3,10
5339472,7197781,7,10,-3
5339472,7197781,10,12,-2
5339472,7197781,11,2,9
4566252,6574942,1,10,-9
4566252,6574942,3,6,-3
4566252,6574942,6,8,-2
6293949,8012175,2,1,1
6293949,8012175,10,8,2
6138245,6510524,3,4,-1
5128525,7991153,2,1,1
5079162,6420629,1,2,-1
4991922,6516114,1,1,0
4991922,6516114,2,4,-2
5171661,5656498,4,1,3
5171661,5656498,12,3,9
6282701,7895651,5,1,4
7565139,8493353,3,6,-3
7565139,8493353,8,10,-2
4451801,7423460,4,6,-2
4451801,7423460,6,13,-7
4451801,7423460,8,2,6
7086541,8550262,7,5,2
7698060,7818119,4,9,-5
6550901,7367652,1,1,0
6550901,7367652,6,7,-1
6550901,7367652,8,2,6
6550901,7367652,10,11,-1
5591179,6035856,5,9,-4
5591179,6035856,7,11,-4
4063220,4384363,1,8,-7
4063220,4384363,7,3,4
6325716,7083517,2,3,-1
6325716,7083517,13,7,6
5349294,6404194,3,8,-5
7541357,8445494,2,2,0
6077163,8357036,2,9,-7
6077163,8357036,3,1,2
6077163,8357036,4,5,-1
4272190,5106183,2,6,-4
4272190,5106183,6,12,-6
4272190,5106183,11,1,10
4272190,5106183,13,10,3
7072095,7339715,1,2,-1
6871146,7761237,1,1,0
5052084,6148817,7,11,-4
8157726,8556801,1,1,0
4675656,4843377,9,6,3
5486392,6663937,1,3,-2
6504924,7941520,13,12,1
5158789,6086925,6,6,0
5158789,6086925,8,7,1
4038519,6149673,7,4,3
5372967,6492708,5,8,-3
5559707,7650234,1,6,-5
5559707,7650234,6,2,4
5559707,7650234,10,11,-1
5627863,6314102,6,11,-5
6636565,7280700,8,4,4
4638253,4871969,1,10,-9
4638253,4871969,2,3,-1
4122715,8677833,6,4,2
4122715,8677833,7,6,1
4221971,4707846,2,5,-3
4221225,7837630,2,2,0
4221225,7837630,5,12,-7
4866054,5587395,1,2,-1
4866054,5587395,4,7,-3
4866054,5587395,7,11,-4
4866054,5587395,13,5,8
5210872,7849044,1,1,0
6857188,7588619,2,3,-1
6857188,7588619,5,10,-5
6857188,7588619,9,8,1
7356071,8363760,2,4,-2
7356071,8363760,4,3,1
7356071,8363760,5,6,-1
7356071,8363760,10,12,-2
7356071,8363760,12,2,10
5585728,7505856,1,1,0
5585728,7505856,12,2,10
6870900,7624033,9,13,-4
5360145,8678245,1,2,-1
5360145,8678245,9,6,3
6953429,8187163,4,1,3
6953429,8187163,6,3,3
6953429,8187163,7,7,0
6953429,8187163,10,5,5
5044297,5456622,3,1,2
5044297,5456622,6,5,1
4688278,4937451,9,5,4
5575084,6904700,2,5,-3
5575084,6904700,6,1,5
6369430,7094685,7,5,2
4374625,5649223,1,9,-8
4374625,5649223,5,1,4
3957773,5091525,10,3,7
4809733,6609533,1,3,-2
4809733,6609533,2,4,-2
4809733,6609533,5,13,-8
4809733,6609533,6,2,4
5354498,7416818,1,7,-6
4208019,7546971,1,1,0
4208019,7546971,3,4,-1
4208019,7546971,9,3,6
6100939,6414657,1,13,-12
6100939,6414657,3,6,-3
4176373,7623163,5,1,4
4176373,7623163,7,2,5
7639888,8544750,2,8,-6
5329072,8002079,2,2,0
5329072,8002079,13,3,10
6333016,8601965,1,1,0
6333016,8601965,2,3,-1
6396670,7009818,1,4,-3
6396670,7009818,5,7,-2
6396670,7009818,8,3,5
6396670,7009818,9,13,-4
5550173,6838037,4,1,3
5149786,5330895,1,1,0
5149786,5330895,2,2,0
5149786,5330895,3,3,0
5149786,5330895,4,4,0
5149786,5330895,5,5,0
5149786,5330895,6,6,0
5149786,5330895,7,7,0
5149786,5330895,8,8,0
5149786,5330895,9,9,0
5149786,5330895,10,10,0
5149786,5330895,11,11,0
5149786,5330895,12,12,0
5149786,5330895,13,13,0
4935457,7651591,2,13,-11
4935457,7651591,4,10,-6
4944756,8226726,3,2,1
4944756,8226726,5,10,-5
4944756,8226726,12,3,9
5592936,7694353,2,1,1
5592936,7694353,7,9,-2
4783624,7699667,1,2,-1
4783624,7699667,2,5,-3
4783624,7699667,4,1,3
5042901,5568584,2,11,-9
5042901,5568584,4,8,-4
5042901,5568584,5,6,-1
4879911,8661914,2,8,-6
4879911,8661914,12,3,9
4014414,7651175,1,3,-2
4014414,7651175,2,2,0
4838888,6093530,1,6,-5
4838888,6093530,2,4,-2
6566723,8269985,7,10,-3
6137423,8502640,9,13,-4
6137423,8502640,13,1,12
4315863,5310806,8,5,3
5584830,7828793,11,2,9
5107830,7661427,1,3,-2
5107830,7661427,3,11,-8
5107830,7661427,6,5,1
5136569,6339571,2,5,-3
5136569,6339571,4,1,3
5136569,6339571,11,6,5
4038063,8747710,1,7,-6
5195955,8647293,1,2,-1
5195955,8647293,2,4,-2
5195955,8647293,5,3,2
5195955,8647293,9,7,2
7343356,8463994,2,8,-6
6221109,8162980,3,2,1
6221109,8162980,7,3,4
6221109,8162980,13,7,6
6250931,8535088,7,7,0
4113603,7038097,5,12,-7
4113603,7038097,11,2,9
5356519,8347572,6,3,3
5650327,6572824,3,4,-1
4130343,4186994,2,3,-1
4130343,4186994,9,1,8
4118306,4402197,2,6,-4
6620722,7081404,4,1,3
6858090,8685234,4,8,-4
6858090,8685234,8,1,7
6950519,7184572,7,5,2
6157093,7836322,5,11,-6
5412224,7381601,1,1,0
5412224,7381601,12,9,3
4382049,4698723,7,3,4
4625730,6451055,10,10,0
4625730,6451055,12,6,6
5056974,5429465,3,3,0
5056974,5429465,4,2,2
6464140,7798417,2,1,1
6464140,7798417,4,5,-1
4823380,7599719,13,9,4
3992660,6160391,3,2,1
3992660,6160391,7,4,3
5652888,6850979,3,1,2
6560032,7710537,1,1,0
6560032,7710537,4,3,1
6226008,7492362,3,2,1
6226008,7492362,4,1,3
6226008,7492362,8,9,-1
7639456,8296930,4,9,-5
7639456,8296930,5,4,1
7639456,8296930,6,3,3
5500561,7135956,1,3,-2
6383670,7632322,1,1,0
4941321,6374856,3,1,2
4029882,4347354,1,7,-6
4029882,4347354,4,1,3
4029882,4347354,7,6,1
4029882,4347354,8,5,3
4029882,4347354,10,11,-1
6968957,7641056,2,9,-7
6968957,7641056,4,3,1
6968957,7641056,12,10,2
6968957,7641056,13,5,8
4456459,6460350,1,2,-1
4010652,4143555,1,1,0
4010652,4143555,2,2,0
4010652,4143555,5,3,2
4010652,4143555,6,9,-3
4010652,4143555,8,12,-4
4010652,4143555,10,5,5
5114655,8033810,1,8,-7
5114655,8033810,2,1,1
5114655,8033810,3,7,-4
7363137,8569646,7,1,6
6539124,7650043,1,13,-12
6077729,6635951,1,7,-6
6077729,6635951,3,1,2
6077729,6635951,4,3,1
6077729,6635951,12,10,2
4958552,6392135,5,9,-4
4958552,6392135,11,1,10
4095592,8485183,6,4,2
4095592,8485183,9,11,-2
6924763,8339306,3,2,1
4259948,4350163,3,11,-8
4259948,4350163,4,8,-4
4418777,5620387,1,3,-2
4418777,5620387,2,5,-3
5477489,6519204,1,4,-3
5477489,6519204,6,9,-3
5477489,6519204,10,1,9
6988956,8206234,2,12,-10
6988956,8206234,3,10,-7
6988956,8206234,6,1,5
6988956,8206234,8,8,0
7089326,8271694,2,6,-4
7089326,8271694,5,12,-7
6081277,7773101,2,7,-5
6081277,7773101,9,8,1
4936281,8273072,13,4,9
7274828,8059915,4,4,0
7274828,8059915,9,8,1
3947368,4115343,1,12,-11
3947368,4115343,3,4,-1
3947368,4115343,9,10,-1
4679149,6151535,5,13,-8
4679149,6151535,13,5,8
4272353,5314760,5,4,1
4272353,5314760,8,3,5
6401850,7731614,4,3,1
6401850,7731614,7,13,-6
6401850,7731614,9,1,8
7353080,8162181,4,8,-4
7353080,8162181,9,10,-1
4145632,8553844,1,1,0
4145632,8553844,2,2,0
4145632,8553844,7,5,2
5086650,7222029,2,1,1
5086650,7222029,7,9,-2
5299574,6595983,2,6,-4
5299574,6595983,3,5,-2
7126112,8546748,2,6,-4
7126112,8546748,3,5,-2
7126112,8546748,6,2,4
4209391,5152671,1,1,0
6448638,7086601,3,1,2
6448638,7086601,4,12,-8
6448638,7086601,5,4,1
6448638,7086601,10,8,2
7048053,8505630,8,3,5
5098782,5549858,2,3,-1
7629899,8000897,1,1,0
7629899,8000897,10,4,6
6900866,7800823,1,1,0
6900866,7800823,3,13,-10
6900866,7800823,6,6,0
6900866,7800823,9,3,6
5432602,6433865,1,6,-5
5432602,6433865,2,1,1
5432602,6433865,3,5,-2
5432602,6433865,4,4,0
5432602,6433865,8,11,-3
5432602,6433865,13,13,0
5081761,8597506,11,1,10
4861058,7537076,3,5,-2
4861058,7537076,8,10,-2
6179662,7458824,4,5,-1
5119503,7916872,2,4,-2
5119503,7916872,5,7,-2
5119503,7916872,10,1,9
4565941,5063321,6,6,0
4565941,5063321,13,7,6
5448399,6310342,1,9,-8
5448399,6310342,3,3,0
5448399,6310342,4,4,0
5448399,6310342,9,6,3
5254952,7498767,1,1,0
5254952,7498767,5,5,0
5056114,5243630,2,8,-6
5056114,5243630,13,12,1
6327535,7606938,4,6,-2
6327535,7606938,7,8,-1
4377542,5079198,3,11,-8
4377542,5079198,6,1,5
4377542,5079198,7,4,3
7448949,8118662,1,1,0
7448949,8118662,8,9,-1
7448949,8118662,10,11,-1
7448949,8118662,13,10,3
7000643,7628943,1,5,-4
4008368,4687294,9,1,8
6195656,8065489,1,1,0
7305104,8023695,9,11,-2
4102689,7946335,3,3,0
4222740,4693728,6,11,-5
4222740,4693728,7,4,3
3990117,4131956,6,5,1
3990117,4131956,9,1,8
6389159,6597471,6,3,3
6389159,6597471,9,6,3
6389159,6597471,12,1,11
4461018,5004319,6,9,-3
6991631,7704249,1,3,-2
6991631,7704249,3,4,-1
6991631,7704249,4,1,3
6991631,7704249,5,2,3
4387633,5619914,2,7,-5
5482625,8623202,1,3,-2
4017203,6227777,1,1,0
4017203,6227777,2,3,-1
4017203,6227777,4,9,-5
5415657,7811283,1,13,-12
5415657,7811283,12,8,4
6304148,6529058,4,4,0
4410206,6292991,1,1,0
4410206,6292991,2,6,-4
5323858,7654324,1,1,0
5323858,7654324,5,2,3
5323858,7654324,6,10,-4
5323858,7654324,12,8,4
6280408,7107837,4,3,1
8192498,8690945,8,3,5
6495759,7291786,1,4,-3
6495759,7291786,10,3,7
6495759,7291786,12,10,2
6723854,6921769,1,1,0
6723854,6921769,2,2,0
6723854,6921769,7,5,2
6723854,6921769,10,3,7
6723854,6921769,11,8,3
6723854,6921769,12,9,3
6154774,7955096,11,1,10
4750505,7138016,1,4,-3
5563883,7016335,6,4,2
6515530,7289000,1,3,-2
6515530,7289000,2,2,0
6515530,7289000,7,13,-6
6515530,7289000,8,1,7
4838255,6494203,1,3,-2
4838255,6494203,2,6,-4
4838255,6494203,3,2,1
7418447,8352333,2,4,-2
7418447,8352333,6,10,-4
7418447,8352333,7,11,-4
4189178,5004032,1,10,-9
4189178,5004032,3,8,-5
4189178,5004032,5,1,4
6458628,8119191,3,5,-2
6458628,8119191,10,12,-2
4881429,5293789,10,1,9
6493519,7986898,2,10,-8
6493519,7986898,4,9,-5
6493519,7986898,7,11,-4
6950716,7959403,1,2,-1
6950716,7959403,2,5,-3
5098684,6413902,12,2,10
4298800,6445767,1,4,-3
4298800,6445767,6,5,1
4298800,6445767,10,2,8
5456684,7981139,3,11,-8
4096516,4404584,1,2,-1
4096516,4404584,4,8,-4
4096516,4404584,12,12,0
4096516,4404584,13,1,12
5363817,7681540,1,12,-11
5363817,7681540,2,3,-1
5363817,7681540,6,8,-2
5363817,7681540,10,6,4
5363817,7681540,13,9,4
6650534,7787243,6,7,-1
6259858,7062576,9,5,4
4011009,7068372,4,2,2
4013395,4666399,6,3,3
4210858,7724544,1,2,-1
4210858,7724544,5,9,-4
4210858,7724544,6,6,0
4210858,7724544,10,7,3
7240867,8377201,3,6,-3
7240867,8377201,8,1,7
5588240,7882442,2,5,-3
5499823,6088875,4,2,2
5259588,6318500,4,6,-2
5259588,6318500,5,2,3
5259588,6318500,6,1,5
4942270,5347084,7,10,-3
4942270,5347084,12,3,9
4964309,5345809,2,6,-4
4964309,5345809,4,7,-3
4964309,5345809,8,2,6
4964309,5345809,12,8,4
7548756,8594287,6,10,-4
6089467,6520421,1,4,-3
6089467,6520421,2,10,-8
6089467,6520421,4,7,-3
6089467,6520421,6,5,1
5554977,8284021,1,6,-5
5554977,8284021,2,7,-5
5554977,8284021,6,1,5
5224163,5428745,4,1,3
5224163,5428745,6,3,3
4521137,7056067,3,3,0
4404571,4950889,2,4,-2
4404571,4950889,12,2,10
6197690,7649262,12,11,1
5017165,6520813,2,5,-3
7166064,8021277,1,2,-1
7173665,8457486,2,2,0
7173665,8457486,6,1,5
7173665,8457486,9,4,5
4668241,6497731,2,2,0
4668241,6497731,6,6,0
4325376,7059510,7,10,-3
6254418,8556645,1,4,-3
6362987,8360810,2,3,-1
4902898,5264706,4,1,3
4414865,4633740,3,2,1
4414865,4633740,4,13,-9
4414865,4633740,6,11,-5
4414865,4633740,7,3,4
4609252,5292620,2,4,-2
4609252,5292620,9,11,-2
4609252,5292620,12,12,0
4177389,4766327,3,2,1
4177389,4766327,6,1,5
4899467,7716852,1,9,-8
4899467,7716852,2,2,0
6944327,7083278,3,9,-6
6944327,7083278,4,5,-1
6944327,7083278,11,7,4
4927797,6133385,1,4,-3
4927797,6133385,4,1,3
4927797,6133385,5,3,2
4927797,6133385,10,2,8
5195567,5322099,1,4,-3
5195567,5322099,2,3,-1
5195567,5322099,13,12,1
6208841,8340110,3,13,-10
5014611,7093533,2,2,0
5014611,7093533,3,8,-5
6520986,8740968,1,1,0
7260395,8565107,8,4,4
5222499,7996064,6,8,-2
5222499,7996064,7,4,3
6131159,8473417,2,4,-2
6131159,8473417,11,12,-1
7077745,8662986,1,1,0
7077745,8662986,2,7,-5
7077745,8662986,3,2,1
7077745,8662986,10,8,2
4851592,5024772,2,2,0
4851592,5024772,3,3,0
4851592,5024772,9,9,0
4851592,5024772,10,12,-2
6625581,7596786,6,2,4
4411136,7802426,1,2,-1
4411136,7802426,3,13,-10
4411136,7802426,8,9,-1
6246981,8583418,12,4,8
6246981,8583418,13,3,10
5214907,7100353,2,9,-7
5214907,7100353,6,1,5
5214907,7100353,12,6,6
6615569,8311713,4,2,2
6615569,8311713,11,13,-2
6615569,8311713,12,4,8
6203550,8657870,7,9,-2
5181255,6510239,4,4,0
5253180,6424162,8,8,0
6198352,6452456,6,4,2
6198352,6452456,7,9,-2
6283836,6645046,1,1,0
6283836,6645046,2,11,-9
6283836,6645046,11,2,9
6266564,7904176,9,7,2
6530383,7503332,7,10,-3
6530383,7503332,8,11,-3
6530383,7503332,9,3,6
6530383,7503332,10,7,3
4502920,7718038,2,7,-5
4502920,7718038,6,3,3
4502920,7718038,11,1,10
4901257,6170983,3,2,1
6240352,7815219,1,4,-3
6240352,7815219,2,13,-11
6300737,8739355,5,8,-3
7874031,8104120,4,1,3
4123923,5638708,1,8,-7
4123923,5638708,8,1,7
6309231,8267710,13,13,0
4829622,7891898,2,1,1
6094317,7483351,2,4,-2
6094317,7483351,3,2,1
6624841,8264519,1,4,-3
6624841,8264519,4,3,1
6624841,8264519,7,8,-1
6624841,8264519,10,10,0
6904570,7770113,7,7,0
4682773,6905429,1,1,0
4682773,6905429,6,3,3
5295962,6210392,1,3,-2
5295962,6210392,4,6,-2
5295962,6210392,6,13,-7
5295962,6210392,9,4,5
4717823,5044738,8,5,3
4717823,5044738,11,7,4
4717823,5044738,12,3,9
6329248,7588982,3,2,1
6329248,7588982,5,8,-3
6329248,7588982,10,1,9
5146488,7715371,9,5,4
6480627,8693769,1,2,-1
6480627,8693769,8,1,7
6480627,8693769,10,10,0
7658898,7833932,1,1,0
7658898,7833932,2,2,0
7658898,7833932,3,3,0
7658898,7833932,4,4,0
7658898,7833932,5,5,0
7658898,7833932,6,6,0
7658898,7833932,7,7,0
7658898,7833932,8,8,0
7658898,7833932,9,9,0
7658898,7833932,10,10,0
7658898,7833932,11,11,0
7658898,7833932,12,12,0
7658898,7833932,13,13,0
5525843,7097226,1,7,-6
5525843,7097226,3,6,-3
5525843,7097226,7,2,5
5525843,7097226,12,11,1
4607851,5065493,1,2,-1
4607851,5065493,2,3,-1
4607851,5065493,3,13,-10
4607851,5065493,4,4,0
4607851,5065493,5,10,-5
6178187,7136565,5,1,4
4721763,5556820,1,7,-6
4721763,5556820,6,10,-4
4721763,5556820,8,5,3
4084940,6949235,3,6,-3
4084940,6949235,8,4,4
6603111,8669940,2,6,-4
4054891,5034765,2,6,-4
4054891,5034765,3,2,1
4054891,5034765,5,9,-4
4054891,5034765,6,3,3
4054891,5034765,7,5,2
5224034,8015059,1,11,-10
6418946,8739729,1,2,-1
6418946,8739729,2,1,1
6418946,8739729,6,4,2
5481539,7848316,3,3,0
4136955,4543730,5,5,0
6079316,8286547,3,3,0
4696746,7083956,4,4,0
4696746,7083956,13,7,6
7069220,8738380,11,1,10
4375815,8721599,4,1,3
4375815,8721599,11,5,6
4010854,6964233,3,4,-1
4010854,6964233,4,12,-8
4010854,6964233,12,7,5
6546391,8438330,2,3,-1
6221612,8283116,9,12,-3
6623022,7078630,2,2,0
4780177,6188301,4,3,1
4780177,6188301,9,5,4
5330049,5522487,1,6,-5
5330049,5522487,6,13,-7
7251017,8629971,9,13,-4
7587721,8667507,2,1,1
4064275,4994286,2,2,0
6143926,8178054,1,12,-11
6143926,8178054,13,9,4
6332631,7673909,1,7,-6
6283386,7654223,4,7,-3
6283386,7654223,5,4,1
6283386,7654223,13,5,8
6120571,8029754,3,13,-10
6120571,8029754,5,1,4
6120571,8029754,12,2,10
6578910,7559610,1,6,-5
6578910,7559610,5,2,3
6578910,7559610,7,10,-3
6078926,7890546,2,4,-2
6078926,7890546,5,9,-4
6318037,8297007,1,3,-2
6318037,8297007,2,2,0
4892847,5252521,3,2,1
4892847,5252521,6,4,2
4892847,5252521,8,7,1
4796619,5230330,1,1,0
4796619,5230330,8,6,2
7642469,8237071,9,5,4
4832055,8114116,3,7,-4
4832055,8114116,5,5,0
4832055,8114116,9,8,1
4552544,5482437,3,10,-7
4945799,7373732,1,3,-2
4945799,7373732,5,8,-3
4945799,7373732,7,2,5
4945799,7373732,8,7,1
3941198,8330408,1,8,-7
3941198,8330408,7,1,6
4551673,7989929,3,3,0
4551673,7989929,4,2,2
4551673,7989929,9,1,8
6183519,8277511,2,1,1
6183519,8277511,6,6,0
6183519,8277511,7,3,4
5616919,7351963,3,4,-1
6220851,7128566,1,1,0
6220851,7128566,6,5,1
6856787,7453396,2,4,-2
6856787,7453396,9,1,8
5400969,6135360,10,7,3
6671248,7242660,2,4,-2
6671248,7242660,8,1,7
6671248,7242660,12,9,3
7510052,8066098,1,1,0
7510052,8066098,2,2,0
7510052,8066098,3,3,0
7510052,8066098,4,4,0
7510052,8066098,5,5,0
7510052,8066098,6,6,0
7510052,8066098,7,7,0
7510052,8066098,8,8,0
7510052,8066098,9,9,0
7510052,8066098,10,10,0
7510052,8066098,11,11,0
7510052,8066098,12,12,0
7510052,8066098,13,13,0
4572053,7646157,4,3,1
4146662,5324382,3,9,-6
4764900,4953130,5,2,3
6421134,7551313,1,10,-9
4894672,7772532,3,12,-9
4894672,7772532,11,6,5
5536906,6459343,13,13,0
6417068,7113258,7,3,4
6438487,7061130,3,1,2
6438487,7061130,4,10,-6
6438487,7061130,8,5,3
6195794,8150746,1,13,-12
4877520,8603346,2,3,-1
4877520,8603346,3,4,-1
4877520,8603346,13,5,8
4104403,8299127,7,7,0
6285438,7068350,1,5,-4
6285438,7068350,13,3,10
5288286,6224538,10,12,-2
4634085,6357697,1,5,-4
6134338,7113961,6,2,4
6882214,7288998,5,11,-6
4123269,4281054,5,2,3
4123269,4281054,6,7,-1
4123269,4281054,8,4,4
6653560,7064269,1,6,-5
6653560,7064269,2,4,-2
6653560,7064269,3,10,-7
6653560,7064269,10,2,8
5007904,7029459,1,4,-3
5007904,7029459,3,1,2
5007904,7029459,6,2,4
5038163,6396540,3,1,2
5038163,6396540,12,7,5
6581441,7261812,3,6,-3
6581441,7261812,5,2,3
5012772,5125366,1,3,-2
5012772,5125366,3,4,-1
5012772,5125366,9,6,3
7351066,8087939,1,1,0
7351066,8087939,2,3,-1
7351066,8087939,3,2,1
7351066,8087939,4,4,0
7351066,8087939,5,5,0
7351066,8087939,6,6,0
7351066,8087939,7,7,0
7351066,8087939,8,8,0
7351066,8087939,9,9,0
7351066,8087939,10,10,0
7351066,8087939,11,11,0
7351066,8087939,12,12,0
7351066,8087939,13,13,0
4234595,7473711,2,3,-1
4234595,7473711,12,4,8
4549547,7465546,1,1,0
4549547,7465546,3,10,-7
4776236,7059433,1,9,-8
4776236,7059433,2,2,0
4776236,7059433,11,6,5
6399144,7105198,12,1,11
4103943,5131632,1,2,-1
4103943,5131632,7,3,4
5614830,6453738,1,1,0
5614830,6453738,3,7,-4
7075175,7557596,1,1,0
7075175,7557596,3,2,1
4374690,7039990,10,5,5
6847089,7829939,4,1,3
6847089,7829939,6,2,4
3946448,7069602,1,3,-2
3946448,7069602,5,2,3
5243596,5598568,1,3,-2
5243596,5598568,5,8,-3
5243596,5598568,12,13,-1
5414640,8078330,2,1,1
5373330,7058965,2,4,-2
5246602,6380138,1,7,-6
5246602,6380138,8,4,4
7558332,8229027,3,7,-4
7558332,8229027,6,9,-3
7284904,8460189,3,8,-5
6280423,8152951,2,5,-3
6280423,8152951,4,4,0
6280423,8152951,6,3,3
6924009,7782438,1,13,-12
6924009,7782438,2,1,1
6924009,7782438,5,2,3
6924009,7782438,7,3,4
6924009,7782438,10,7,3
4822488,7981248,7,6,1
5335046,6164204,1,2,-1
5335046,6164204,2,1,1
5335046,6164204,10,13,-3
4127916,8490239,1,1,0
4127916,8490239,2,10,-8
6419389,7461975,3,12,-9
6419389,7461975,10,2,8
4677385,5574371,3,7,-4
4677385,5574371,6,2,4
4677385,5574371,13,9,4
5593026,6152508,1,2,-1
5593026,6152508,4,5,-1
5593026,6152508,10,6,4
4281352,4491872,1,1,0
4281352,4491872,2,9,-7
4281352,4491872,6,2,4
4281352,4491872,8,6,2
6132222,7210225,13,1,12
4772550,6485982,12,1,11
6238702,8252303,11,10,1
6238702,8252303,12,11,1
6476358,7334922,1,1,0
6476358,7334922,13,11,2
4084018,4612233,4,2,2
4415112,8636187,1,1,0
4415112,8636187,2,4,-2
4415112,8636187,3,6,-3
6281109,6653220,1,1,0
6281109,6653220,2,2,0
6281109,6653220,3,3,0
6281109,6653220,4,4,0
6281109,6653220,5,5,0
6281109,6653220,6,6,0
6281109,6653220,7,7,0
6281109,6653220,8,8,0
6281109,6653220,9,9,0
6281109,6653220,10,10,0
6281109,6653220,11,11,0
6281109,6653220,12,12,0
6281109,6653220,13,13,0
5572072,6515363,2,4,-2
5572072,6515363,7,3,4
5545134,7556642,1,4,-3
5545134,7556642,2,1,1
5545134,7556642,6,2,4
5545134,7556642,8,5,3
6665107,8665510,3,2,1
6665107,8665510,6,10,-4
6665107,8665510,9,13,-4
6665107,8665510,11,4,7
5157711,7715534,2,3,-1
5157711,7715534,5,4,1
8381359,8573773,1,5,-4
8381359,8573773,5,6,-1
8381359,8573773,9,4,5
8381359,8573773,12,8,4
6264666,8722068,4,5,-1
6264666,8722068,12,4,8
5549859,8152510,2,5,-3
4531227,8126116,2,2,0
7676206,8208883,1,7,-6
7676206,8208883,6,3,3
7676206,8208883,8,9,-1
7265079,7550413,10,3,7
7265079,7550413,11,2,9
4612978,6257320,5,3,2
4612978,6257320,8,5,3
7114830,8232724,1,9,-8
7114830,8232724,2,13,-11
5082271,5288065,6,2,4
6143451,6410208,3,12,-9
5489185,7137233,1,4,-3
5489185,7137233,2,3,-1
5489185,7137233,12,1,11
5578808,7523860,8,10,-2
3946358,5001476,1,2,-1
3946358,5001476,3,3,0
6203587,6622519,9,7,2
4822569,5650577,4,3,1
4943273,7211037,9,7,2
6361499,8376938,8,11,-3
4221405,7578315,7,3,4
4769603,7167003,2,13,-11
4769603,7167003,5,5,0
4158168,5012195,5,5,0
5275787,6976590,1,2,-1
5275787,6976590,8,10,-2
7265455,8125182,7,10,-3
6213579,7806498,3,7,-4
7359917,8266397,1,1,0
5240954,7947724,7,8,-1
7822728,8255373,13,7,6
4428498,4946062,5,3,2
4428498,4946062,10,7,3
6083254,8636786,5,8,-3
6975727,7650491,1,2,-1
4863769,5032463,6,10,-4
4863769,5032463,7,2,5
4863769,5032463,9,3,6
4863769,5032463,11,1,10
4629673,5358819,10,5,5
4932316,5421885,1,2,-1
4932316,5421885,2,1,1
4932316,5421885,3,3,0
4932316,5421885,5,11,-6
6468906,7692301,4,4,0
6486726,6921182,1,1,0
7053665,7746109,1,10,-9
7053665,7746109,12,7,5
4076436,5033557,7,8,-1
5115233,7627305,7,8,-1
4264333,4681597,1,10,-9
8031420,8654464,1,1,0
8031420,8654464,2,7,-5
8031420,8654464,11,2,9
5175871,5548803,6,8,-2
5175871,5548803,7,10,-3
4335434,4706215,1,1,0
4335434,4706215,2,3,-1
4335434,4706215,6,2,4
4335434,4706215,7,5,2
4335434,4706215,9,11,-2
4335434,4706215,12,9,3
6169542,7639275,3,3,0
3939281,4246184,2,2,0
3939281,4246184,3,12,-9
3939281,4246184,11,4,7
3997007,4086843,4,1,3
3997007,4086843,7,6,1
5300040,6193696,3,2,1
5300040,6193696,6,5,1
5300040,6193696,8,8,0
4002545,6432793,5,1,4
4002545,6432793,13,3,10
6261293,8267969,1,8,-7
7217269,7702495,1,13,-12
7070367,7320566,8,5,3
7070367,7320566,13,11,2
6301513,7142934,1,4,-3
6301513,7142934,4,1,3
4969892,7112171,10,5,5
3989210,4343451,11,10,1
4601380,6467604,1,1,0
4601380,6467604,10,2,8
6293866,8162737,1,8,-7
6293866,8162737,5,4,1
6293866,8162737,10,1,9
4217165,4721688,1,11,-10
4217165,4721688,3,5,-2
4217165,4721688,6,6,0
4217165,4721688,12,3,9
5648020,6517776,1,1,0
5648020,6517776,2,2,0
6447489,8460337,6,4,2
4689444,7180002,6,5,1
4689444,7180002,8,7,1
6256638,6457651,4,8,-4
6256638,6457651,10,6,4
6256638,6457651,13,2,11
5523520,7807898,4,2,2
5523520,7807898,7,4,3
5523520,7807898,9,6,3
5523520,7807898,13,11,2
5154172,8055347,2,2,0
5154172,8055347,9,9,0
5488992,7762344,6,1,5
4871006,6461464,8,7,1
4871006,6461464,13,8,5
5258016,5584860,1,2,-1
5258016,5584860,2,1,1
5258016,5584860,3,3,0
5258016,5584860,11,13,-2
5526509,6324630,1,10,-9
5526509,6324630,12,11,1
4939515,8542831,1,2,-1
5110629,5330601,3,6,-3
5110629,5330601,8,10,-2
5110629,5330601,9,11,-2
5167097,8215066,2,11,-9
5394808,6550404,2,5,-3
5394808,6550404,6,2,4
5394808,6550404,7,9,-2
5394808,6550404,9,11,-2
4864328,6065830,8,1,7
4864328,6065830,11,5,6
5226863,7406278,3,11,-8
5226863,7406278,4,8,-4
6214781,6429180,1,1,0
6214781,6429180,3,3,0
6214781,6429180,4,4,0
6214781,6429180,5,5,0
6214781,6429180,7,7,0
6214781,6429180,8,8,0
6214781,6429180,9,9,0
6214781,6429180,10,11,-1
6214781,6429180,11,12,-1
6214781,6429180,12,13,-1
5013038,8601528,4,9,-5
4453361,4693653,1,12,-11
4453361,4693653,6,4,2
4027832,4717090,1,1,0
4027832,4717090,7,2,5
4988337,8206361,2,3,-1
5233470,8254034,1,1,0
5233470,8254034,6,8,-2
5179274,7297471,11,7,4
4768691,5090605,9,6,3
4768691,5090605,11,12,-1
5483873,6287424,1,8,-7
5483873,6287424,4,7,-3
5483873,6287424,5,6,-1
4053901,4955507,6,1,5
5299264,6337913,1,1,0
5299264,6337913,2,10,-8
5299264,6337913,4,3,1
7500979,8479969,5,5,0
7500979,8479969,9,2,7
8416634,8593886,2,6,-4
8416634,8593886,7,12,-5
8416634,8593886,8,2,6
4375088,4879707,1,2,-1
4375088,4879707,4,9,-5
4375088,4879707,5,4,1
6530308,7063007,1,1,0
5046027,8683182,4,5,-1
4057619,5443505,2,5,-3
4057619,5443505,3,10,-7
4057619,5443505,4,11,-7
5525551,6521544,4,7,-3
5525551,6521544,5,10,-5
5525551,6521544,13,6,7
4670086,7968911,2,1,1
4670086,7968911,5,12,-7
4670086,7968911,12,8,4
4149440,4701872,7,1,6
6280297,6506098,1,2,-1
6280297,6506098,2,1,1
7761712,8265276,1,5,-4
7761712,8265276,5,4,1
7761712,8265276,10,3,7
7761712,8265276,12,7,5
8024483,8706802,2,2,0
8024483,8706802,8,4,4
8024483,8706802,9,3,6
4847818,6192253,3,6,-3
4847818,6192253,4,7,-3
4847818,6192253,6,2,4
4847818,6192253,8,4,4
4119688,6919152,2,3,-1
4119688,6919152,5,11,-6
6510424,8694491,1,2,-1
6510424,8694491,8,1,7
5426378,7782087,2,7,-5
5426378,7782087,6,4,2
4352606,6604892,8,5,3
5179683,6651116,5,2,3
5262325,7390633,1,1,0
5262325,7390633,2,4,-2
5595252,8296115,3,2,1
5595252,8296115,4,9,-5
4319735,5010917,1,1,0
6193811,6370796,1,4,-3
6193811,6370796,3,1,2
6214040,7497872,1,1,0
4838434,8480908,3,5,-2
4621026,5019163,1,12,-11
4621026,5019163,10,3,7
4368098,5539248,9,8,1
5257990,7150747,4,9,-5
5257990,7150747,5,4,1
5257990,7150747,13,11,2
6560471,8066639,4,4,0
5201979,5387301,1,10,-9
5201979,5387301,2,1,1
5201979,5387301,3,3,0
5201979,5387301,5,12,-7
5201979,5387301,6,9,-3
6137193,7522400,1,1,0
6137193,7522400,2,7,-5
6137193,7522400,8,12,-4
5122138,7429262,5,1,4
4564880,5238110,4,7,-3
5256362,7753296,12,3,9
6610622,8227055,1,2,-1
6610622,8227055,6,10,-4
6610622,8227055,12,6,6
4176930,4609269,1,2,-1
4176930,4609269,3,11,-8
4176930,4609269,5,8,-3
4176930,4609269,6,10,-4
3975980,8695317,8,1,7
3975980,8695317,13,7,6
5157510,8355621,2,5,-3
5157510,8355621,6,1,5
5157510,8355621,8,11,-3
5157510,8355621,9,13,-4
5157510,8355621,10,8,2
6339603,7386205,5,11,-6
4030498,8133203,4,1,3
5393968,8733658,1,1,0
5393968,8733658,2,2,0
5393968,8733658,3,8,-5
4062750,4938860,2,7,-5
4062750,4938860,4,2,2
4062750,4938860,6,11,-5
4062750,4938860,8,1,7
4062750,4938860,9,6,3
4062750,4938860,12,9,3
7930117,8340930,2,1,1
7930117,8340930,4,5,-1
7930117,8340930,5,8,-3
7930117,8340930,6,3,3
7930117,8340930,11,6,5
4792082,7552563,6,3,3
4676772,8480612,1,1,0
4676772,8480612,3,2,1
5298349,6503646,4,3,1
5298349,6503646,5,6,-1
5298349,6503646,9,12,-3
6977839,7626846,8,3,5
6977839,7626846,9,8,1
6530836,7559839,1,5,-4
6530836,7559839,2,4,-2
6530836,7559839,5,6,-1
6530836,7559839,6,10,-4
6530836,7559839,9,8,1
5021879,7099515,3,7,-4
5021879,7099515,4,9,-5
5021879,7099515,5,3,2
5395822,7375136,3,1,2
5395822,7375136,7,5,2
5395822,7375136,9,6,3
6991631,8361068,1,1,0
6991631,8361068,5,3,2
7472870,7861983,3,12,-9
7472870,7861983,7,2,5
4671958,7115573,1,7,-6
4671958,7115573,7,3,4
4821096,5479039,1,8,-7
4821096,5479039,3,12,-9
4821096,5479039,9,5,4
6285458,6476811,1,9,-8
6285458,6476811,5,5,0
6285458,6476811,6,7,-1
3975304,6507477,8,4,4
6849190,7972501,4,3,1
6120213,6913421,8,2,6
6088800,7900055,1,6,-5
6088800,7900055,9,3,6
6241242,7791751,2,2,0
6241242,7791751,12,9,3
8185646,8520807,2,8,-6
6572697,8268119,3,5,-2
6572697,8268119,4,10,-6
6572697,8268119,5,4,1
6917086,7385800,7,8,-1
6917086,7385800,8,1,7
6189944,7698145,1,1,0
6189944,7698145,2,5,-3
6307775,7400012,1,8,-7
6307775,7400012,11,2,9
7261743,7645304,1,1,0
7261743,7645304,2,2,0
7261743,7645304,4,9,-5
7261743,7645304,6,11,-5
4452843,5311017,4,1,3
4452843,5311017,5,8,-3
7061016,8120033,2,5,-3
7061016,8120033,8,10,-2
7061016,8120033,13,12,1
4636217,7063700,1,1,0
4636217,7063700,3,5,-2
4636217,7063700,5,11,-6
4636217,7063700,6,10,-4
4636217,7063700,11,3,8
4377649,4711689,1,11,-10
7607749,8240801,6,6,0
7235810,7714329,1,6,-5
7235810,7714329,10,3,7
4164946,7555338,1,7,-6
4787706,6839935,4,4,0
4787706,6839935,9,8,1
6297824,8255820,8,4,4
7143091,7672956,3,7,-4
5061259,6383960,2,1,1
3931648,7955386,4,4,0
3931648,7955386,6,1,5
3931648,7955386,8,3,5
3931648,7955386,13,10,3
6057705,8067948,2,10,-8
6057705,8067948,12,2,10
3986335,4143507,5,2,3
3986335,4143507,6,10,-4
3986335,4143507,13,6,7
5086330,6137124,2,9,-7
5086330,6137124,7,3,4
7147059,7845411,8,7,1
5150304,8241293,1,3,-2
4058340,4792176,1,1,0
4058340,4792176,2,2,0
4058340,4792176,3,3,0
4997432,7618439,10,1,9
6169058,7306037,4,7,-3
6169058,7306037,8,8,0
6282094,7338884,9,10,-1
4146843,4443769,9,8,1
4146843,4443769,10,9,1
4146843,4443769,13,10,3
7345657,8395607,12,2,10
6477374,7376226,4,3,1
6998980,8425469,2,5,-3
4408646,7658455,1,3,-2
4408646,7658455,3,4,-1
4408646,7658455,6,11,-5
4903528,6149770,3,3,0
4903528,6149770,12,6,6
5076656,7661886,1,2,-1
5076656,7661886,3,5,-2
5076656,7661886,4,1,3
4233244,5321180,6,2,4
4435193,6296690,1,3,-2
4435193,6296690,3,9,-6
4339247,7122943,1,3,-2
4339247,7122943,11,6,5
5502766,7913095,2,2,0
7264237,8668198,1,9,-8
7264237,8668198,2,1,1
6640773,7089908,2,8,-6
6640773,7089908,3,7,-4
6640773,7089908,10,6,4
6214306,7704483,6,3,3
5565973,6567643,6,2,4
5565973,6567643,11,13,-2
7130389,8358751,2,5,-3
5036201,6602488,2,3,-1
5036201,6602488,6,5,1
7654083,8205708,2,6,-4
7654083,8205708,6,3,3
5637110,6162220,1,2,-1
5637110,6162220,6,8,-2
5614484,8282878,12,8,4
4835034,6481171,7,3,4
4835034,6481171,8,1,7
4046840,4386188,1,3,-2
4046840,4386188,2,2,0
5613980,7753950,1,3,-2
5613980,7753950,5,2,3
5613980,7753950,7,10,-3
5613980,7753950,11,5,6
6493437,8102994,1,2,-1
5338422,8137510,1,9,-8
5120415,5654037,2,3,-1
5120415,5654037,5,5,0
4864624,5577126,4,5,-1
4357884,4641457,3,5,-2
4357884,4641457,5,2,3
6661863,6952127,1,1,0
6661863,6952127,2,2,0
6661863,6952127,10,3,7
4612039,4684401,2,3,-1
4612039,4684401,5,7,-2
4612039,4684401,8,5,3
5210455,7044586,1,1,0
5210455,7044586,2,2,0
5210455,7044586,3,6,-3
5210455,7044586,4,11,-7
5210455,7044586,12,4,8
4227461,6892643,1,10,-9
4227461,6892643,10,3,7
4227461,6892643,11,12,-1
3945178,4723397,4,1,3
6910693,8167316,3,7,-4
5297262,8001298,9,6,3
5297262,8001298,10,1,9
4776515,5196171,4,4,0
4776515,5196171,8,11,-3
5557765,6516412,5,5,0
5488612,7504687,10,3,7
6174225,6524394,1,2,-1
6174225,6524394,2,3,-1
6174225,6524394,3,7,-4
5590305,8112678,1,4,-3
5590305,8112678,2,2,0
7809489,8688358,1,12,-11
7809489,8688358,2,1,1
7809489,8688358,7,13,-6
7386342,8548573,6,4,2
5571109,8206397,1,10,-9
4796045,5227829,2,13,-11
6163083,8421865,6,10,-4
7162020,7274782,1,1,0
7162020,7274782,2,2,0
7162020,7274782,3,3,0
7162020,7274782,4,4,0
7162020,7274782,5,5,0
7162020,7274782,6,6,0
7162020,7274782,7,7,0
7162020,7274782,8,8,0
7162020,7274782,9,9,0
7162020,7274782,10,10,0
7162020,7274782,11,11,0
7162020,7274782,12,12,0
7162020,7274782,13,13,0
7944307,8594583,1,8,-7
7944307,8594583,9,11,-2
4786561,6495224,8,2,6
4303109,4759584,3,2,1
4303109,4759584,4,1,3
4303109,4759584,5,11,-6
4237015,4400864,3,2,1
4237015,4400864,10,7,3
6893208,8733726,4,5,-1
6291616,6465554,2,1,1
6291616,6465554,3,2,1
6291616,6465554,4,4,0
6291616,6465554,10,8,2
5623681,6522779,7,3,4
5148967,5390844,5,2,3
5578503,8193028,5,6,-1
6268148,8597891,1,2,-1
6268148,8597891,2,6,-4
6268148,8597891,3,4,-1
6268148,8597891,4,8,-4
6268148,8597891,6,7,-1
6268148,8597891,7,12,-5
6268148,8597891,9,3,6
4806844,7755917,11,6,5
6605022,7306549,1,3,-2
6488347,8689705,6,11,-5
6968622,7814664,1,1,0
6968622,7814664,5,2,3
6968622,7814664,6,3,3
6968622,7814664,7,5,2
6968622,7814664,8,8,0
6968622,7814664,9,10,-1
6968622,7814664,10,13,-3
6968622,7814664,12,6,6
5159451,5572248,10,5,5
7881208,8745196,2,4,-2
7148217,7666882,1,1,0
7148217,7666882,2,3,-1
7148217,7666882,4,6,-2
7148217,7666882,7,7,0
7148217,7666882,9,5,4
7148217,7666882,11,13,-2
4895706,5108603,1,6,-5
4895706,5108603,3,3,0
4895706,5108603,5,7,-2
5273126,7425044,3,9,-6
5273126,7425044,4,1,3
5273126,7425044,8,6,2
5273126,7425044,10,3,7
5273126,7425044,11,2,9
6321742,8556122,8,9,-1
5099249,5300936,1,6,-5
5099249,5300936,3,3,0
5099249,5300936,6,5,1
5099249,5300936,10,7,3
4682699,5251761,2,1,1
4682699,5251761,3,2,1
4682699,5251761,5,9,-4
4682699,5251761,12,7,5
5148811,8348844,1,1,0
5148811,8348844,2,12,-10
5148811,8348844,8,5,3
6167362,7840420,8,2,6
5098433,8226653,4,7,-3
4900879,5293146,1,8,-7
4900879,5293146,2,7,-5
4900879,5293146,3,2,1
4900879,5293146,5,1,4
4900879,5293146,8,5,3
6893615,7430858,1,3,-2
6893615,7430858,2,2,0
6893615,7430858,3,5,-2
6893615,7430858,7,7,0
6410233,7611838,6,10,-4
6410233,7611838,13,7,6
4821672,8474378,5,2,3
4821672,8474378,10,4,6
4821672,8474378,12,11,1
5352532,7278241,1,4,-3
4322976,6351714,1,1,0
4322976,6351714,6,10,-4
6182011,8019291,10,1,9
6182011,8019291,12,8,4
4408134,4810908,1,2,-1
4408134,4810908,5,3,2
5415427,7784806,1,1,0
5415427,7784806,2,12,-10
5415427,7784806,4,6,-2
5415427,7784806,7,7,0
6982609,7199679,3,1,2
7034835,8683429,7,7,0
4573141,6523132,3,9,-6
5012677,8234927,1,1,0
5012677,8234927,2,2,0
5012677,8234927,4,5,-1
4917500,6381017,1,5,-4
4917500,6381017,11,6,5
4394168,6080247,2,1,1
4394168,6080247,3,4,-1
6062641,7475464,1,1,0
6062641,7475464,3,2,1
5241752,6526664,1,4,-3
5241752,6526664,6,11,-5
7493955,7950455,3,9,-6
7493955,7950455,6,10,-4
8078231,8666457,1,1,0
8078231,8666457,2,2,0
8078231,8666457,3,3,0
8078231,8666457,4,4,0
8078231,8666457,5,5,0
8078231,8666457,6,6,0
8078231,8666457,7,7,0
8078231,8666457,8,8,0
8078231,8666457,9,9,0
8078231,8666457,10,10,0
8078231,8666457,11,11,0
8078231,8666457,12,12,0
8078231,8666457,13,13,0
6509910,7848509,1,10,-9
6509910,7848509,12,7,5
4715356,7726967,1,4,-3
4715356,7726967,3,1,2
4715356,7726967,4,7,-3
4715356,7726967,5,3,2
4715356,7726967,9,2,7
4715356,7726967,10,8,2
4101260,4249230,4,5,-1
7196928,8000135,1,2,-1
7196928,8000135,3,1,2
7196928,8000135,13,4,9
6894969,7606253,11,3,8
6630761,7646178,11,1,10
4533881,7719373,1,1,0
4533881,7719373,4,3,1
4399936,4681278,3,2,1
4399936,4681278,6,1,5
5278443,7755106,1,5,-4
5278443,7755106,2,1,1
5278443,7755106,5,11,-6
5278443,7755106,7,3,4
6537319,7476255,4,1,3
5010459,6967448,3,3,0
5010459,6967448,8,7,1
7462008,8496493,9,3,6
5100042,7131980,4,6,-2
5100042,7131980,7,12,-5
4772671,5185413,1,5,-4
4772671,5185413,2,4,-2
4772671,5185413,12,10,2
5034883,8363797,2,1,1
4820599,6203944,1,1,0
4820599,6203944,11,2,9
5451219,7137971,2,11,-9
5451219,7137971,4,5,-1
5451219,7137971,6,8,-2
4706914,5595014,3,4,-1
4706914,5595014,9,6,3
4706914,5595014,11,13,-2
4658085,7718870,3,2,1
3958220,4497058,1,3,-2
3958220,4497058,2,2,0
3958220,4497058,5,10,-5
6054128,6562864,7,5,2
6304895,7412625,3,2,1
6304895,7412625,4,1,3
6129280,6363484,2,7,-5
6542516,7242933,1,1,0
4777279,5530142,8,8,0
6161208,6467033,9,6,3
6161208,6467033,11,7,4
4008180,4755498,3,11,-8
4008180,4755498,4,12,-8
4680423,7482535,9,3,6
4680423,7482535,12,7,5
4249400,4633685,4,5,-1
4249400,4633685,12,1,11
6117362,8506843,1,3,-2
6117362,8506843,2,4,-2
6567134,6648475,1,2,-1
6567134,6648475,5,3,2
6889769,7424915,1,13,-12
5636183,7104357,1,8,-7
5636183,7104357,12,5,7
6601061,7716223,1,1,0
6601061,7716223,10,5,5
5070583,7040808,7,1,6
7007945,7591460,4,1,3
7007945,7591460,5,10,-5
7007945,7591460,13,6,7
4331740,4801997,8,1,7
4331740,4801997,10,10,0
5481710,7966605,11,9,2
6195661,7451392,12,11,1
4423794,6428438,3,4,-1
4423794,6428438,5,7,-2
4423794,6428438,6,2,4
7016467,8690425,1,2,-1
7016467,8690425,2,1,1
7016467,8690425,3,3,0
4869943,5262366,1,4,-3
4869943,5262366,2,5,-3
4869943,5262366,4,1,3
4869943,5262366,11,13,-2
6438495,7054750,1,2,-1
4598672,5431130,1,6,-5
4598672,5431130,4,9,-5
5200195,5242910,12,12,0
6154838,7454557,4,5,-1
6154838,7454557,5,1,4
6294403,7772681,1,1,0
6294403,7772681,2,4,-2
4233049,4662925,1,2,-1
4233049,4662925,2,1,1
4233049,4662925,5,3,2
4837028,5023087,1,1,0
4859024,6361299,4,3,1
4859024,6361299,6,10,-4
5364093,7684017,1,8,-7
7251853,7837958,1,2,-1
7251853,7837958,2,7,-5
7251853,7837958,5,5,0
7154696,7428124,6,8,-2
7154696,7428124,7,2,5
7154696,7428124,8,11,-3
5617229,6888610,2,11,-9
5617229,6888610,7,2,5
5617229,6888610,8,6,2
6463326,8271072,2,4,-2
6463326,8271072,10,1,9
6652833,7473549,6,4,2
4750171,5249185,2,7,-5
4775736,5585414,5,2,3
4775736,5585414,13,5,8
5073739,5200665,1,1,0
5073739,5200665,3,6,-3
5073739,5200665,4,3,1
5073739,5200665,5,10,-5
5073739,5200665,12,2,10
4444996,6242700,2,13,-11
4444996,6242700,3,7,-4
4444996,6242700,6,1,5
4444965,7208441,7,10,-3
4225547,7056412,2,7,-5
6491545,7019984,10,4,6
6215678,6971323,6,1,5
5448852,7814702,5,9,-4
4561571,8360285,11,2,9
4143621,4283762,1,12,-11
4143621,4283762,2,1,1
5172139,5359350,7,12,-5
5643291,8657174,2,6,-4
5643291,8657174,4,7,-3
5643291,8657174,5,1,4
6143315,8409626,5,1,4
6412759,7252181,1,3,-2
6412759,7252181,4,11,-7
6412759,7252181,5,1,4
6412759,7252181,8,2,6
6412759,7252181,13,4,9
4704133,5338319,4,6,-2
4704133,5338319,5,1,4
4704133,5338319,6,2,4
4704133,5338319,12,7,5
5335162,7019497,2,1,1
5649114,8732013,4,5,-1
4332194,5601020,1,1,0
4332194,5601020,13,5,8
5267262,7096035,1,1,0
5267262,7096035,3,3,0
5267262,7096035,6,5,1
5267262,7096035,8,2,6
4015246,4723242,9,5,4
4893031,7256622,1,2,-1
4893031,7256622,3,4,-1
4893031,7256622,5,8,-3
4893031,7256622,10,1,9
5070799,5481993,1,9,-8
4801986,8258552,2,7,-5
4801986,8258552,13,9,4
5076769,5407424,1,8,-7
5076769,5407424,2,6,-4
5076769,5407424,4,12,-8
5076769,5407424,5,13,-8
5150426,5596509,4,13,-9
4917686,6528107,2,2,0
4917686,6528107,3,5,-2
4703489,4890294,9,13,-4
4703489,4890294,12,5,7
6452805,7088581,1,5,-4
6452805,7088581,5,8,-3
6310391,7273987,3,8,-5
6310391,7273987,10,13,-3
5385544,7407502,2,1,1
5385544,7407502,3,9,-6
5193645,5344101,3,6,-3
5193645,5344101,4,4,0
5193645,5344101,6,2,4
5193645,5344101,8,8,0
7003722,7692636,3,5,-2
7150962,7732124,2,6,-4
7150962,7732124,3,8,-5
7150962,7732124,4,3,1
7150962,7732124,5,2,3
7150962,7732124,7,7,0
5085450,7857337,1,1,0
5085450,7857337,3,9,-6
5085450,7857337,11,5,6
6971259,7152460,6,2,4
6971259,7152460,7,6,1
6129625,6929540,1,1,0
6129625,6929540,2,5,-3
4617286,4757093,5,8,-3
7224611,8004895,2,1,1
6866520,7445460,4,4,0
4199559,5260441,3,11,-8
4199559,5260441,6,5,1
4199559,5260441,7,8,-1
4422358,6948413,9,2,7
4422358,6948413,11,4,7
4827599,5339597,4,10,-6
4863717,7105151,6,4,2
6312936,6566115,1,1,0
6312936,6566115,6,9,-3
6312936,6566115,7,4,3
4574767,7240672,1,4,-3
4574767,7240672,12,1,11
5642696,6325035,1,9,-8
5642696,6325035,2,5,-3
5642696,6325035,3,4,-1
5642696,6325035,5,13,-8
5642696,6325035,6,3,3
6478961,7189579,11,3,8
5385144,7678058,1,1,0
4040052,5254999,1,5,-4
4040052,5254999,2,10,-8
4040052,5254999,3,4,-1
4040052,5254999,4,3,1
4774696,8279711,1,1,0
4774696,8279711,3,6,-3
4774696,8279711,9,3,6
6360201,7467089,10,3,7
6360201,7467089,13,5,8
6671756,7886091,9,2,7
4873708,5452337,2,3,-1
4873708,5452337,7,1,6
4873708,5452337,11,9,2
5134345,5373217,4,2,2
5134345,5373217,7,13,-6
5134345,5373217,8,4,4
6186752,7008393,2,2,0
6186752,7008393,3,13,-10
4551165,8256160,11,1,10
6608615,8672482,4,2,2
4723121,6980655,2,1,1
5119168,6201667,7,4,3
6072476,8514196,1,1,0
6072476,8514196,2,5,-3
4749966,7071888,11,4,7
4251576,5566892,2,12,-10
4251576,5566892,4,2,2
4251576,5566892,8,1,7
4153022,4696274,1,1,0
4153022,4696274,4,5,-1
4153022,4696274,13,13,0
6076184,7653866,10,4,6
4934362,6460539,2,6,-4
4934362,6460539,7,12,-5
4934362,6460539,9,1,8
4331402,4673278,1,1,0
4331402,4673278,3,6,-3
4331402,4673278,11,5,6
4692666,5410219,7,12,-5
4692666,5410219,8,8,0
5157873,6511369,4,2,2
5157873,6511369,11,12,-1
7064682,7541946,1,1,0
7064682,7541946,2,2,0
7064682,7541946,3,3,0
7064682,7541946,4,4,0
7064682,7541946,5,5,0
7064682,7541946,6,6,0
7064682,7541946,7,7,0
7064682,7541946,8,8,0
7064682,7541946,9,9,0
7064682,7541946,10,10,0
7064682,7541946,11,11,0
7064682,7541946,12,12,0
7064682,7541946,13,13,0
4528904,7797909,1,4,-3
4528904,7797909,9,3,6
4214273,7805738,2,8,-6
7836093,8194986,4,13,-9
5456662,7255110,2,6,-4
5456662,7255110,11,1,10
5480746,6524752,2,12,-10
5480746,6524752,10,2,8
4863196,6119943,2,5,-3
4863196,6119943,3,1,2
4863196,6119943,7,8,-1
7134686,8113539,1,6,-5
7134686,8113539,7,5,2
7134686,8113539,9,9,0
6964663,7887498,6,1,5
6964663,7887498,8,4,4
5295430,7354088,2,7,-5
5295430,7354088,4,3,1
6424725,8036419,3,7,-4
6487004,7577370,3,7,-4
6487004,7577370,5,3,2
6487004,7577370,6,9,-3
4837758,5309421,2,3,-1
4837758,5309421,3,5,-2
4837758,5309421,9,2,7
4837758,5309421,13,6,7
6639968,7680243,1,4,-3
6639968,7680243,4,5,-1
5629913,7075871,1,1,0
5629913,7075871,9,8,1
6083236,6358260,3,5,-2
6083236,6358260,5,13,-8
6083236,6358260,9,3,6
6083236,6358260,10,4,6
6083236,6358260,13,1,12
4282472,7279860,5,2,3
5287085,6507468,9,3,6
6566824,8061876,2,11,-9
6566824,8061876,10,1,9
6291221,8551724,1,1,0
6291221,8551724,4,12,-8
6160368,6549359,1,3,-2
6160368,6549359,4,1,3
6160368,6549359,5,11,-6
6160368,6549359,12,6,6
6160368,6549359,13,2,11
5520659,8066688,2,2,0
5059899,7242208,1,3,-2
5059899,7242208,4,4,0
5059899,7242208,5,1,4
6544049,7994436,2,7,-5
6544049,7994436,5,1,4
5616000,8534999,1,1,0
5616000,8534999,8,11,-3
6320376,8009006,2,10,-8
6320376,8009006,13,3,10
5184466,8414454,3,2,1
5184466,8414454,6,13,-7
4673932,8730044,1,5,-4
5069078,7559868,12,13,-1
7796938,8619660,12,12,0
6398726,8414598,3,4,-1
4849766,7012531,4,5,-1
6016868,6889769,2,2,0
6016868,6889769,10,3,7
4921895,7718268,2,1,1
6329831,7091733,3,5,-2
4761435,5523115,4,12,-8
4761435,5523115,5,1,4
3980061,8678816,6,9,-3
3980061,8678816,10,1,9
4165642,6940163,7,4,3
6874598,8191685,4,7,-3
4428032,6200008,1,6,-5
4428032,6200008,4,2,2
4428032,6200008,5,3,2
4428032,6200008,12,4,8
6411674,8551785,6,1,5
6411674,8551785,8,2,6
4078227,4234867,2,1,1
4078227,4234867,4,4,0
4078227,4234867,6,6,0
4078227,4234867,12,3,9
6436278,7678952,1,3,-2
6567902,7139282,2,8,-6
5631782,7704773,5,6,-1
5631782,7704773,6,3,3
6642376,7314941,8,12,-4
6642376,7314941,11,5,6
6642376,7314941,12,13,-1
6855317,8197824,1,2,-1
6855317,8197824,2,1,1
6855317,8197824,3,4,-1
6855317,8197824,4,8,-4
6855317,8197824,5,5,0
6855317,8197824,6,7,-1
6855317,8197824,10,13,-3
4258421,4539641,1,2,-1
5395131,7963545,1,1,0
5395131,7963545,2,2,0
5395131,7963545,7,4,3
5494255,6138652,2,2,0
5494255,6138652,5,11,-6
5494255,6138652,6,6,0
5415368,6128487,1,5,-4
5028753,7186960,1,1,0
5028753,7186960,2,3,-1
5028753,7186960,3,6,-3
5454940,6908550,1,5,-4
5454940,6908550,8,3,5
5454940,6908550,10,8,2
7771473,8267999,1,9,-8
5456667,7691127,4,8,-4
5412130,7709423,5,10,-5
5339365,8437043,1,6,-5
5339365,8437043,2,12,-10
6950240,7549755,4,3,1
6950240,7549755,5,9,-4
6950240,7549755,8,4,4
4995710,8675034,11,3,8
5488632,8351321,4,3,1
5262305,8116840,4,1,3
4807096,6642851,3,4,-1
4807096,6642851,6,6,0
4339707,4547881,1,9,-8
4339707,4547881,4,12,-8
4339707,4547881,7,7,0
5360389,6860235,3,3,0
5360389,6860235,8,12,-4
5360389,6860235,11,5,6
7776066,8535339,5,6,-1
7776066,8535339,8,1,7
5268023,7041155,1,3,-2
5268023,7041155,5,4,1
5268023,7041155,7,2,5
5268023,7041155,8,1,7
6264289,7139650,4,1,3
6264289,7139650,5,3,2
6264289,7139650,9,9,0
4230598,5006366,2,8,-6
6557615,8096340,1,1,0
6557615,8096340,11,8,3
6910017,7725376,1,8,-7
6910017,7725376,7,5,2
6910017,7725376,9,1,8
7330765,8126571,1,7,-6
7330765,8126571,2,1,1
7330765,8126571,4,5,-1
7330608,7623711,2,1,1
7330608,7623711,7,3,4
7031864,7328416,2,2,0
7031864,7328416,4,11,-7
7031864,7328416,8,8,0
4553852,6241383,1,1,0
4553852,6241383,2,3,-1
4553852,6241383,3,2,1
6982872,8467180,10,1,9
5650865,8040589,1,1,0
5650865,8040589,6,12,-6
6629990,7761168,8,4,4
6629990,7761168,13,2,11
5319491,6295403,6,2,4
5319491,6295403,7,12,-5
6560634,8332487,3,3,0
4421509,6391010,2,2,0
5526427,7350082,5,13,-8
5526427,7350082,11,12,-1
5326179,7954720,1,1,0
5326179,7954720,2,5,-3
5326179,7954720,6,9,-3
5326179,7954720,12,2,10
5625809,7418664,1,1,0
5625809,7418664,12,3,9
6404647,8745421,1,8,-7
6404647,8745421,4,10,-6
6404647,8745421,5,1,4
6404647,8745421,6,3,3
6404647,8745421,10,4,6
6404647,8745421,11,12,-1
6189621,7283061,10,2,8
5182204,6451574,6,7,-1
5182204,6451574,9,5,4
4961047,8485993,2,4,-2
4961047,8485993,4,2,2
4961047,8485993,6,8,-2
4277526,7861476,10,7,3
4570243,5280452,7,1,6
5437770,8686199,2,2,0
5437770,8686199,13,1,12
6610427,7545084,4,2,2
6610427,7545084,10,3,7
6610427,7545084,12,9,3
5391800,7169390,10,5,5
6548050,8299127,2,9,-7
6548050,8299127,7,4,3
7036360,7530263,2,10,-8
6504689,7535683,2,9,-7
6504689,7535683,3,1,2
6504689,7535683,9,13,-4
6504689,7535683,11,4,7
5423885,7886419,1,2,-1
5423885,7886419,5,1,4
5584509,8454053,1,7,-6
5584509,8454053,2,3,-1
5584509,8454053,3,6,-3
5035715,8742072,1,12,-11
5035715,8742072,5,6,-1
5035715,8742072,8,13,-5
6184973,8722357,1,1,0
6184973,8722357,2,2,0
6184973,8722357,4,3,1
4547488,4643987,1,6,-5
4547488,4643987,2,7,-5
4547488,4643987,3,10,-7
4547488,4643987,7,1,6
4547488,4643987,9,9,0
4547488,4643987,13,11,2
4203759,4276083,6,1,5
4060492,4440965,3,8,-5
4060492,4440965,4,9,-5
4060492,4440965,6,12,-6
4060492,4440965,8,5,3
4060492,4440965,9,6,3
4060492,4440965,10,2,8
4060492,4440965,13,11,2
7238195,7793812,2,1,1
7238195,7793812,9,3,6
5203772,5397321,2,9,-7
5203772,5397321,3,5,-2
5556157,7296856,1,2,-1
5556157,7296856,2,4,-2
5556157,7296856,3,3,0
5556157,7296856,5,1,4
5556157,7296856,8,7,1
5030889,6313570,3,1,2
5030889,6313570,4,3,1
7266223,7728905,7,2,5
5279283,6450942,5,12,-7
5279283,6450942,7,1,6
5287269,8417601,10,4,6
7706125,8288301,3,2,1
7706125,8288301,11,5,6
5577046,7693126,3,1,2
5577046,7693126,12,7,5
4878209,6437597,2,9,-7
4878209,6437597,4,4,0
4878209,6437597,9,8,1
4889577,5330860,3,1,2
4889577,5330860,10,2,8
4889577,5330860,12,4,8
6981967,8287495,10,4,6
6213249,8262109,1,1,0
7345937,7969776,6,6,0
7345937,7969776,12,4,8
6890926,8592410,7,9,-2
6950833,8533158,12,4,8
6950833,8533158,13,1,12
4193370,5063868,2,2,0
4193370,5063868,5,5,0
4193370,5063868,13,4,9
5600628,7188350,7,7,0
6248946,8001612,3,1,2
6351410,6961262,8,7,1
6351410,6961262,13,2,11
7322122,8600206,2,2,0
7322122,8600206,4,1,3
6090144,8556983,4,9,-5
5261178,8613157,7,7,0
8207005,8673676,1,1,0
8207005,8673676,2,6,-4
4624248,8070699,1,10,-9
4624248,8070699,7,6,1
6177940,8731968,13,12,1
4745731,6098380,4,8,-4
4745731,6098380,12,9,3
4251298,4447904,4,6,-2
4251298,4447904,5,12,-7
5190499,8297171,1,4,-3
5190499,8297171,4,13,-9
5190499,8297171,9,10,-1
5640254,6456397,3,2,1
5640254,6456397,10,6,4
5640254,6456397,13,5,8
4573532,5460224,2,6,-4
4500204,6137105,1,6,-5
4500204,6137105,2,9,-7
4500204,6137105,6,1,5
4900748,5187165,8,3,5
5295864,7833053,1,1,0
5295864,7833053,6,7,-1
5295864,7833053,7,2,5
5496832,8026276,5,10,-5
5496832,8026276,9,3,6
4220725,5334527,5,7,-2
4220725,5334527,6,8,-2
5493071,8375694,2,3,-1
5493071,8375694,3,2,1
5493071,8375694,4,1,3
5493071,8375694,9,4,5
6409384,7364362,2,6,-4
6409384,7364362,12,5,7
7827186,8620930,5,1,4
4478613,7356987,6,3,3
6062790,7207762,9,9,0
5560532,7780055,1,6,-5
5560532,7780055,12,7,5
7563915,8017796,1,3,-2
7611065,8740096,1,1,0
7611065,8740096,2,2,0
7611065,8740096,3,9,-6
7611065,8740096,4,10,-6
7611065,8740096,6,3,3
6168598,8137382,4,1,3
6168598,8137382,6,9,-3
6168598,8137382,8,3,5
6168598,8137382,9,5,4
5280527,7412056,5,1,4
5280527,7412056,11,7,4
6080637,7327009,1,9,-8
6080637,7327009,2,6,-4
6080637,7327009,3,2,1
6080637,7327009,4,5,-1
6080637,7327009,10,8,2
3984621,5336097,9,5,4
7393683,8329443,1,1,0
7393683,8329443,2,2,0
7393683,8329443,5,4,1
7393683,8329443,7,5,2
7393683,8329443,8,6,2
7393683,8329443,9,7,2
7393683,8329443,10,3,7
7393683,8329443,11,9,2
7393683,8329443,12,10,2
5336980,8637801,1,6,-5
8226864,8663530,4,3,1
8226864,8663530,13,6,7
7734327,8709088,3,5,-2
7358604,8530248,11,9,2
5017989,5576561,1,2,-1
6908591,7850622,12,3,9
5643957,6071538,1,12,-11
5643957,6071538,6,9,-3
6854618,7828147,1,1,0
6064743,8008569,5,3,2
6064743,8008569,13,11,2
5016913,5332259,1,3,-2
5016913,5332259,4,6,-2
5016913,5332259,6,10,-4
5016913,5332259,10,2,8
4858488,6257067,8,5,3
4858488,6257067,12,6,6
4888001,6949086,1,1,0
4888001,6949086,6,7,-1
5037020,6073525,11,12,-1
6537133,7374477,3,7,-4
6537133,7374477,4,12,-8
6537133,7374477,7,1,6
6537133,7374477,11,3,8
4041099,5510557,2,1,1
4041099,5510557,5,8,-3
5396653,6580918,3,2,1
4635148,4853805,1,1,0
4635148,4853805,5,4,1
6458142,8328822,9,3,6
5646968,6087869,2,9,-7
5646968,6087869,3,7,-4
5646968,6087869,6,3,3
5304198,7785318,2,4,-2
5304198,7785318,7,6,1
4769504,8415517,1,3,-2
4769504,8415517,3,7,-4
5161644,7845470,1,1,0
6554044,7727607,4,3,1
5298599,6093399,13,10,3
4409573,6377144,1,3,-2
4262237,6091222,2,3,-1
4262237,6091222,6,4,2
4262237,6091222,10,9,1
4262237,6091222,12,1,11
4262237,6091222,13,7,6
7675509,8264341,4,8,-4
7882960,8286801,10,5,5
7882960,8286801,11,3,8
5625533,6335859,3,9,-6
5625533,6335859,5,7,-2
4528457,4819121,1,4,-3
4528457,4819121,4,3,1
5434683,6476793,1,1,0
7177230,7342838,4,12,-8
7177230,7342838,6,9,-3
7177230,7342838,7,6,1
7177230,7342838,12,10,2
7209757,8204953,6,11,-5
6268435,6444756,1,1,0
6268435,6444756,2,2,0
6268435,6444756,3,3,0
6268435,6444756,4,4,0
6268435,6444756,5,5,0
6268435,6444756,6,7,-1
6268435,6444756,7,8,-1
6268435,6444756,8,9,-1
6268435,6444756,9,10,-1
6268435,6444756,10,11,-1
6268435,6444756,11,6,5
6268435,6444756,12,12,0
6268435,6444756,13,13,0
6576222,7966056,8,7,1
6650910,8170512,1,3,-2
3939315,4465997,4,7,-3
3939315,4465997,7,1,6
5399180,8101002,1,6,-5
5379182,7663871,2,1,1
6259405,6542794,2,2,0
6259405,6542794,9,4,5
5130264,7138657,6,2,4
5130264,7138657,13,5,8
4725849,6341856,1,1,0
4725849,6341856,3,3,0
4725849,6341856,4,10,-6
4888247,8329248,7,9,-2
4888247,8329248,9,7,2
6235020,8357154,3,3,0
6235020,8357154,10,9,1
4305860,8241462,3,2,1
7493659,8301635,4,9,-5
7493659,8301635,6,2,4
5621455,8190116,5,2,3
4804577,5346756,1,1,0
4804577,5346756,6,6,0
4804577,5346756,8,8,0
6342004,7616901,4,6,-2
5344144,8641507,4,1,3
5375244,7328169,12,4,8
4799222,5485589,1,1,0
4799222,5485589,3,4,-1
4799222,5485589,13,5,8
5417742,5562756,1,8,-7
5417742,5562756,8,4,4
7663607,8040321,1,4,-3
7663607,8040321,9,6,3
5149720,5560878,13,2,11
4891324,5252459,6,6,0
4891324,5252459,7,3,4
4891324,5252459,8,2,6
4459122,6315486,6,1,5
4459122,6315486,8,9,-1
6969426,8568529,1,7,-6
6451021,7998177,10,11,-1
6191623,7663413,4,3,1
6191623,7663413,5,9,-4
6191623,7663413,10,6,4
5347387,6661935,10,10,0
5558897,7115297,6,1,5
5636052,7550810,6,11,-5
5622649,8496939,1,4,-3
5622649,8496939,5,9,-4
6075181,7338660,1,2,-1
6075181,7338660,2,11,-9
6075181,7338660,4,4,0
4269504,5239351,3,6,-3
4269504,5239351,8,2,6
7003971,7757753,2,8,-6
4249982,7665192,3,9,-6
4249982,7665192,5,2,3
4249982,7665192,7,4,3
5642031,6930485,1,1,0
5642031,6930485,8,6,2
4670387,5336617,1,2,-1
4670387,5336617,2,3,-1
4670387,5336617,4,6,-2
4670387,5336617,7,9,-2
4670387,5336617,9,10,-1
4670387,5336617,10,12,-2
4670387,5336617,12,13,-1
5233404,7010148,2,1,1
4607685,5375652,3,9,-6
5586553,8731630,1,1,0
5586553,8731630,2,9,-7
4334432,4542653,1,5,-4
4334432,4542653,5,1,4
4334432,4542653,9,2,7
4334432,4542653,10,7,3
4334432,4542653,11,8,3
6522847,7403741,1,10,-9
4461839,6469443,2,3,-1
6567840,7926058,1,3,-2
6567840,7926058,5,4,1
4383895,5223101,2,6,-4
4383895,5223101,3,3,0
4383895,5223101,4,5,-1
4383895,5223101,6,9,-3
6618249,7145770,2,1,1
6618249,7145770,10,3,7
5372502,8363228,2,3,-1
5372502,8363228,7,11,-4
5372502,8363228,10,7,3
4791496,7760868,1,5,-4
4791496,7760868,3,3,0
7120473,8358278,1,11,-10
7120473,8358278,10,10,0
6898604,7251697,4,2,2
6898604,7251697,6,1,5
6898604,7251697,8,7,1
6522728,8238328,2,5,-3
6522728,8238328,6,2,4
6522728,8238328,7,12,-5
6336587,7533821,13,7,6
4357110,4520651,1,12,-11
6611716,8150526,2,10,-8
6611716,8150526,5,7,-2
6021850,6371203,1,3,-2
6021850,6371203,3,7,-4
6021850,6371203,7,10,-3
6095561,7806954,13,6,7
3973419,4462232,1,1,0
3973419,4462232,3,9,-6
3973419,4462232,5,8,-3
3973419,4462232,8,5,3
6262710,7352488,1,3,-2
7136540,7840357,6,11,-5
7136540,7840357,9,4,5
5592990,6391121,2,6,-4
5592990,6391121,4,2,2
4983966,8051117,7,1,6
5243495,6549372,2,2,0
5243495,6549372,3,10,-7
4706109,7840976,4,8,-4
6178699,7698855,1,1,0
6178699,7698855,2,2,0
6178699,7698855,3,4,-1
6178699,7698855,4,8,-4
6178699,7698855,5,10,-5
6178699,7698855,6,6,0
6178699,7698855,7,7,0
6178699,7698855,8,13,-5
6855142,8486061,3,5,-2
6855142,8486061,4,2,2
6855142,8486061,8,3,5
5064717,7666337,8,4,4
6957701,8490702,1,2,-1
6957701,8490702,4,13,-9
5115950,7147121,1,1,0
6062026,6530366,2,3,-1
6062026,6530366,4,8,-4
6062026,6530366,9,5,4
6062026,6530366,11,2,9
6062026,6530366,13,4,9
6516823,7422026,1,7,-6
6516823,7422026,3,8,-5
6516823,7422026,13,9,4
6332965,7351318,2,8,-6
6332965,7351318,4,9,-5
6332965,7351318,6,1,5
6430513,8649839,1,3,-2
5130313,6316442,6,3,3
5130313,6316442,7,5,2
5354242,6301978,1,1,0
5354242,6301978,3,8,-5
4365599,4694798,4,4,0
4365599,4694798,6,11,-5
4365599,4694798,11,3,8
6211635,8421383,3,1,2
6211635,8421383,6,7,-1
6211635,8421383,9,11,-2
6211635,8421383,11,5,6
4230229,7228979,4,7,-3
4230229,7228979,6,3,3
4230229,7228979,7,4,3
4230229,7228979,13,2,11
4982992,5622401,1,2,-1
4982992,5622401,3,4,-1
4982992,5622401,4,3,1
4982992,5622401,11,9,2
4922281,7280147,5,2,3
6126718,7413592,1,11,-10
6126718,7413592,2,8,-6
6126718,7413592,4,3,1
6126718,7413592,7,1,6
4861450,6503387,1,2,-1
4861450,6503387,7,10,-3
4861450,6503387,13,9,4
4272984,4854384,1,1,0
4272984,4854384,2,4,-2
4461840,4560606,2,2,0
4461840,4560606,4,4,0
5405564,6119567,2,1,1
5405564,6119567,4,6,-2
6589968,7067286,1,3,-2
4794264,4954723,4,8,-4
4794264,4954723,10,13,-3
4794264,4954723,13,4,9
7249695,8517223,1,1,0
7249695,8517223,4,4,0
5557301,6184873,12,11,1
6248031,7144343,7,6,1
6248031,7144343,10,7,3
6248031,7144343,11,3,8
6248031,7144343,12,10,2
5297536,8057386,2,1,1
4972476,6519351,11,7,4
4562699,4841724,10,13,-3
4032425,4824541,1,11,-10
4032425,4824541,8,9,-1
4032425,4824541,9,4,5
5295962,8252044,3,8,-5
7035027,7983002,1,1,0
4999636,6208062,1,7,-6
7008412,8608713,3,4,-1
7008412,8608713,8,1,7
5302190,7056370,3,8,-5
5408435,6421800,2,6,-4
7457040,8743464,2,4,-2
7457040,8743464,4,9,-5
7457040,8743464,9,10,-1
4914029,5593855,4,1,3
5618891,7634852,3,8,-5
7946176,8286492,3,2,1
4567669,6493954,3,7,-4
5407915,7919462,3,6,-3
4607695,8722588,2,1,1
4607695,8722588,8,13,-5
4872169,6490641,3,1,2
4872169,6490641,7,7,0
4701047,6146390,2,3,-1
4701047,6146390,7,8,-1
4060615,4315007,1,5,-4
4060615,4315007,8,7,1
4136051,4639326,4,2,2
4136051,4639326,7,9,-2
6497993,7799511,1,10,-9
6497993,7799511,4,4,0
6497993,7799511,5,3,2
6497993,7799511,8,9,-1
6497993,7799511,11,12,-1
4862150,5265204,3,1,2
4862150,5265204,5,5,0
4862150,5265204,8,3,5
4862150,5265204,11,8,3
6904772,7903917,2,4,-2
6904772,7903917,3,8,-5
7992744,8499959,4,6,-2
3979773,6501620,1,1,0
4920074,7064009,1,4,-3
4920074,7064009,8,10,-2
4920074,7064009,13,9,4
4714812,8530807,2,1,1
4714812,8530807,4,5,-1
4879619,5134533,3,8,-5
4879619,5134533,4,10,-6
4200669,7666522,1,8,-7
4200669,7666522,8,5,3
5555988,6601721,2,4,-2
5555988,6601721,7,6,1
5555988,6601721,11,5,6
7923447,8563574,1,3,-2
6245710,7749581,1,2,-1
6245710,7749581,3,1,2
6245710,7749581,12,3,9
6519201,7362641,1,5,-4
6519201,7362641,3,4,-1
6519201,7362641,4,2,2
6519201,7362641,5,9,-4
6519201,7362641,7,10,-3
6519201,7362641,8,7,1
6519201,7362641,13,8,5
5061578,7297437,2,3,-1
5061578,7297437,9,11,-2
4565846,5342727,7,3,4
4043017,4086697,2,4,-2
4043017,4086697,5,8,-3
7299039,8224322,2,7,-5
7299039,8224322,10,12,-2
6072282,7525255,3,3,0
5595809,7958812,2,2,0
5595809,7958812,3,9,-6
7429936,8115593,13,2,11
6387098,7713271,3,3,0
4119861,7112891,1,6,-5
4632896,5049475,2,9,-7
4632896,5049475,3,4,-1
4632896,5049475,6,7,-1
4632896,5049475,8,13,-5
4632896,5049475,10,11,-1
5276950,6088998,1,1,0
6064259,6552606,1,7,-6
6064259,6552606,3,9,-6
6064259,6552606,8,4,4
3982911,4442180,6,4,2
3982911,4442180,7,11,-4
3982911,4442180,11,6,5
4066118,8020396,1,3,-2
4066118,8020396,3,2,1
4066118,8020396,4,1,3
4066118,8020396,6,11,-5
4066118,8020396,8,4,4
4923461,5320629,1,1,0
4923461,5320629,5,2,3
5360010,8444268,3,6,-3
7488625,8026607,7,5,2
5089929,7271991,3,6,-3
5089929,7271991,9,4,5
7048978,7902320,1,2,-1
7048978,7902320,5,8,-3
6266755,7788420,2,9,-7
6266755,7788420,8,3,5
6266755,7788420,9,7,2
4615878,4810487,1,9,-8
4615878,4810487,12,4,8
4230985,4701700,2,8,-6
4230985,4701700,4,11,-7
4230985,4701700,7,3,4
4230985,4701700,13,1,12
4675652,5260703,1,1,0
4675652,5260703,3,3,0
4675652,5260703,4,5,-1
4675652,5260703,5,13,-8
4675652,5260703,7,6,1
4675652,5260703,8,7,1
4675652,5260703,13,4,9
5016318,6860064,2,6,-4
4014673,7857883,7,13,-6
4014673,7857883,12,11,1
5326104,8342529,1,3,-2
5326104,8342529,8,9,-1
5326104,8342529,11,2,9
4006271,4255480,2,3,-1
4006271,4255480,7,7,0
5341215,6277330,8,10,-2
4703699,7607396,1,1,0
4703699,7607396,5,4,1
6624507,7199440,1,3,-2
6624507,7199440,3,2,1
6624507,7199440,6,11,-5
6624507,7199440,9,12,-3
5572006,8596542,5,1,4
5572006,8596542,10,4,6
7159918,8727415,1,1,0
7159918,8727415,9,4,5
6597760,8213570,1,7,-6
5575435,7156260,3,9,-6
4830868,5244684,2,4,-2
4830868,5244684,4,1,3
7772489,8424691,3,9,-6
7772489,8424691,7,2,5
7772489,8424691,9,7,2
4218433,4663147,9,9,0
6182162,7102671,1,12,-11
6182162,7102671,2,4,-2
7590684,8327432,1,2,-1
7590684,8327432,3,6,-3
7590684,8327432,9,5,4
4124899,6448808,3,7,-4
4009261,4138550,2,3,-1
4009261,4138550,3,4,-1
4009261,4138550,4,5,-1
4009261,4138550,6,6,0
4009261,4138550,7,2,5
4009261,4138550,8,7,1
4009261,4138550,9,8,1
4009261,4138550,10,9,1
4009261,4138550,11,10,1
4009261,4138550,12,11,1
4009261,4138550,13,13,0
8199145,8667498,1,6,-5
8199145,8667498,2,8,-6
8199145,8667498,4,5,-1
8199145,8667498,5,1,4
4189919,7610927,4,1,3
5149325,8414519,6,5,1
6128287,8694000,2,12,-10
6128287,8694000,13,2,11
4940388,5488825,1,2,-1
4940388,5488825,4,4,0
4940388,5488825,9,8,1
4940388,5488825,11,9,2
4940388,5488825,13,10,3
5618045,6527641,3,1,2
5618045,6527641,5,5,0
5618045,6527641,12,3,9
4379803,4595631,1,2,-1
4379803,4595631,5,3,2
4379803,4595631,9,6,3
5309170,6459416,9,6,3
5309170,6459416,11,12,-1
6476469,7265444,2,12,-10
4532290,4707511,1,8,-7
4532290,4707511,6,3,3
4938013,5319914,3,10,-7
4938013,5319914,4,9,-5
4938013,5319914,7,5,2
6129761,7896893,1,2,-1
5355126,7062281,8,8,0
6343492,8156770,1,2,-1
6343492,8156770,3,3,0
6343492,8156770,5,1,4
6343492,8156770,9,11,-2
6343492,8156770,10,5,5
4276523,4795372,2,2,0
4725828,7136083,12,6,6
5300307,6492281,8,5,3
5051824,5377669,11,13,-2
6345842,8336669,1,3,-2
5453168,7087290,4,7,-3
4947331,6079288,1,5,-4
4947331,6079288,7,9,-2
4947331,6079288,10,1,9
6613691,6800213,1,1,0
6613691,6800213,2,7,-5
6145513,6848452,7,1,6
5564241,8276711,2,1,1
5564241,8276711,6,7,-1
5564241,8276711,10,9,1
6236525,8068300,10,8,2
4208298,6461572,6,8,-2
5013403,6086716,6,12,-6
5488496,7711479,9,2,7
5283734,7988559,4,6,-2
5283734,7988559,9,5,4
7338897,7691754,4,8,-4
7338897,7691754,7,6,1
7338897,7691754,13,7,6
4230978,5239222,3,3,0
7499817,7816928,1,1,0
7499817,7816928,2,2,0
7499817,7816928,3,3,0
7499817,7816928,4,4,0
7499817,7816928,5,5,0
7499817,7816928,6,6,0
7499817,7816928,7,7,0
7499817,7816928,8,8,0
7499817,7816928,9,9,0
7499817,7816928,10,10,0
7499817,7816928,11,11,0
7499817,7816928,12,12,0
7499817,7816928,13,13,0
4943851,6341044,4,11,-7
4943851,6341044,6,10,-4
4094914,5334778,9,7,2
7440576,7577259,1,2,-1
7440576,7577259,4,11,-7
7440576,7577259,6,1,5
7440576,7577259,7,12,-5
7056321,8206292,11,3,8
4404160,5098281,3,9,-6
4404160,5098281,8,10,-2
6424657,6636505,1,3,-2
6424657,6636505,6,8,-2
4643937,8057903,8,7,1
7019334,7458703,1,4,-3
7019334,7458703,2,8,-6
7019334,7458703,10,1,9
7019334,7458703,13,10,3
7366669,8015006,7,2,5
5330534,7422605,3,2,1
5330534,7422605,4,3,1
5330534,7422605,9,1,8
5330534,7422605,10,5,5
6222388,7936181,2,4,-2
6222388,7936181,4,1,3
6222388,7936181,7,9,-2
3981357,6579040,1,5,-4
5383442,7694669,6,7,-1
6436143,7753941,5,3,2
6436143,7753941,6,1,5
6631333,7359802,1,1,0
6631333,7359802,2,2,0
6631333,7359802,3,3,0
6631333,7359802,4,4,0
6631333,7359802,5,5,0
6631333,7359802,6,6,0
6631333,7359802,7,7,0
6631333,7359802,8,8,0
6631333,7359802,9,9,0
6631333,7359802,10,10,0
6631333,7359802,11,11,0
6631333,7359802,12,12,0
6631333,7359802,13,13,0
4205355,5646926,1,8,-7
5219244,6536461,2,1,1
5219244,6536461,3,5,-2
5219244,6536461,4,2,2
5304176,7229418,10,3,7
4192272,4664081,2,6,-4
4192272,4664081,3,2,1
4192272,4664081,4,12,-8
4192272,4664081,9,13,-4
6625796,7772881,1,12,-11
6625796,7772881,2,4,-2
6625796,7772881,4,10,-6
4715520,7644848,4,8,-4
4715520,7644848,7,6,1
5581658,8086445,5,3,2
5581658,8086445,12,1,11
6522906,7371210,11,9,2
4114151,7102490,6,7,-1
5506597,7289256,3,2,1
5506597,7289256,5,3,2
4187721,5038620,2,8,-6
4187721,5038620,4,10,-6
4187721,5038620,8,12,-4
4187721,5038620,11,3,8
6358926,8483831,5,10,-5
6616824,8007724,2,4,-2
6616824,8007724,7,13,-6
4881561,6363952,2,1,1
6219277,7369440,1,9,-8
4714463,8672875,6,9,-3
4714463,8672875,8,13,-5
4153438,5173096,1,4,-3
4827347,6894686,2,7,-5
4415087,8435613,2,2,0
4415087,8435613,9,3,6
5297637,6640731,4,5,-1
5297637,6640731,7,7,0
5297637,6640731,13,8,5
5179638,6636214,5,4,1
7581308,7815122,1,2,-1
7581308,7815122,4,4,0
7581308,7815122,11,6,5
5591678,7955969,3,7,-4
5591678,7955969,4,1,3
5289290,6459508,1,5,-4
5289290,6459508,9,1,8
5289290,6459508,11,10,1
5289290,6459508,13,7,6
4057908,7727329,7,7,0
6256398,7583842,6,3,3
5147966,6180746,1,11,-10
5147966,6180746,5,1,4
6222948,7993272,2,3,-1
6222948,7993272,7,4,3
6222948,7993272,9,5,4
6222948,7993272,11,2,9
5584078,6481845,5,13,-8
5584078,6481845,10,9,1
6124273,6849092,1,2,-1
4832153,6578327,1,1,0
4951677,6626852,4,2,2
4951677,6626852,12,9,3
6915254,8082280,3,4,-1
4211269,4781122,1,3,-2
4211269,4781122,3,11,-8
7464557,8523481,4,4,0
7464557,8523481,5,10,-5
7464557,8523481,9,1,8
7208550,8486502,10,11,-1
4569021,5079711,3,13,-10
4569021,5079711,7,12,-5
4977901,7875285,1,11,-10
4977901,7875285,3,2,1
4909798,5312362,2,3,-1
4909798,5312362,10,2,8
4909798,5312362,11,1,10
4499647,6537004,1,1,0
4499647,6537004,2,4,-2
4499647,6537004,11,6,5
5414007,6610744,1,8,-7
4875947,4979997,1,2,-1
4875947,4979997,3,4,-1
4875947,4979997,4,5,-1
4875947,4979997,5,7,-2
4524484,7886396,4,9,-5
4524484,7886396,12,3,9
6115816,7089418,13,12,1
5309036,6472930,1,4,-3
5309036,6472930,4,1,3
5342150,7097389,1,1,0
5342150,7097389,4,2,2
4079367,4254416,1,1,0
4079367,4254416,3,3,0
4079367,4254416,6,12,-6
5403312,7329256,3,12,-9
5403312,7329256,5,3,2
5403312,7329256,7,4,3
6312437,7713277,9,3,6
4663831,6528837,4,3,1
4663831,6528837,10,8,2
7545652,7916497,1,1,0
7545652,7916497,2,2,0
7545652,7916497,3,3,0
7545652,7916497,4,4,0
7545652,7916497,5,5,0
7545652,7916497,6,6,0
7545652,7916497,7,7,0
7545652,7916497,8,8,0
7545652,7916497,9,9,0
7545652,7916497,10,10,0
7545652,7916497,11,11,0
7545652,7916497,12,12,0
7545652,7916497,13,13,0
4952475,5009975,1,1,0
4952475,5009975,2,3,-1
4952475,5009975,3,5,-2
4952475,5009975,4,4,0
4952475,5009975,5,2,3
4952475,5009975,11,9,2
4952475,5009975,12,7,5
4674025,7283379,12,1,11
4946090,5372298,1,11,-10
4946090,5372298,2,3,-1
4946090,5372298,7,6,1
4946090,5372298,8,13,-5
4993815,7085486,3,13,-10
4993815,7085486,4,7,-3
4993815,7085486,8,1,7
6488675,7454358,2,3,-1
6488675,7454358,4,6,-2
5366237,6530580,6,2,4
6353808,8332228,9,5,4
6132384,8684916,4,3,1
4403197,5249201,1,2,-1
4403197,5249201,2,5,-3
4403197,5249201,5,8,-3
4403197,5249201,6,9,-3
7615356,7994174,2,3,-1
7615356,7994174,5,4,1
7217268,7708733,1,3,-2
7217268,7708733,4,2,2
7217268,7708733,6,10,-4
7217268,7708733,10,6,4
7948727,8363370,1,1,0
7948727,8363370,2,2,0
7948727,8363370,3,3,0
7948727,8363370,4,4,0
7948727,8363370,5,5,0
7948727,8363370,6,6,0
7948727,8363370,7,7,0
7948727,8363370,8,8,0
7948727,8363370,9,9,0
7948727,8363370,10,10,0
7948727,8363370,11,11,0
7948727,8363370,12,12,0
7948727,8363370,13,13,0
4781029,6347910,4,8,-4
4781029,6347910,10,6,4
7328577,7383118,6,12,-6
7328577,7383118,8,1,7
5272323,7857223,8,4,4
7149698,7496097,4,12,-8
4064705,5027602,3,5,-2
5049906,5241349,1,2,-1
5049906,5241349,10,6,4
5094977,6455935,3,3,0
5094977,6455935,4,7,-3
5094977,6455935,11,1,10
4124552,6624276,13,5,8
6609047,8588966,1,8,-7
6609047,8588966,4,13,-9
6931328,8282576,1,1,0
6931328,8282576,5,10,-5
5486774,7348804,6,5,1
5486774,7348804,8,4,4
5486774,7348804,9,7,2
6068098,6626276,3,4,-1
6068098,6626276,4,8,-4
6068098,6626276,5,12,-7
6607777,8158175,4,4,0
6607777,8158175,8,2,6
6566699,7133313,1,3,-2
6566699,7133313,2,1,1
6566699,7133313,3,6,-3
6566699,7133313,7,13,-6
6566699,7133313,9,8,1
6510895,8091648,2,2,0
5069312,6186284,3,1,2
5069312,6186284,13,9,4
4193321,5105679,1,3,-2
4193321,5105679,10,5,5
5342084,6840534,2,1,1
5342084,6840534,4,4,0
4925670,7407669,11,1,10
4028958,4125034,2,1,1
4028958,4125034,4,11,-7
5651224,7210272,5,10,-5
7283348,8238116,6,7,-1
6075605,6369879,5,2,3
6075605,6369879,7,1,6
6514942,7687465,6,6,0
6064689,7126961,2,5,-3
6064689,7126961,4,7,-3
6064689,7126961,5,11,-6
6064689,7126961,7,3,4
5410434,8730572,2,5,-3
5410434,8730572,5,2,3
7075981,8094713,1,11,-10
7075981,8094713,2,12,-10
6195082,8325137,2,3,-1
6195082,8325137,10,12,-2
5031744,8627935,1,7,-6
5031744,8627935,3,4,-1
5031744,8627935,4,3,1
5031744,8627935,5,10,-5
5031744,8627935,6,1,5
5031744,8627935,12,8,4
6837951,8732868,1,2,-1
4357558,6097023,6,2,4
5217003,7844657,3,4,-1
5217003,7844657,13,12,1
5187638,8324065,3,11,-8
5187638,8324065,10,2,8
6091085,7079748,3,4,-1
4855466,5179084,5,3,2
4855466,5179084,9,13,-4
5336236,5584844,5,12,-7
7570861,8331752,3,7,-4
7570861,8331752,4,2,2
7570861,8331752,10,11,-1
4556141,4889438,2,11,-9
4536990,6138432,1,1,0
6535764,7175638,1,10,-9
6535764,7175638,5,3,2
4847698,8255966,5,1,4
4847698,8255966,6,4,2
5179079,7070799,12,1,11
5179079,7070799,13,7,6
6495168,7754194,2,2,0
6432969,7687625,4,8,-4
6432969,7687625,7,9,-2
7086061,8738766,12,8,4
5627886,7313545,3,6,-3
3987391,7755760,1,2,-1
4988384,5125956,1,1,0
4988384,5125956,2,2,0
4988384,5125956,4,5,-1
4988384,5125956,5,6,-1
4988384,5125956,6,10,-4
4988384,5125956,10,13,-3
5301287,7254806,4,4,0
4802233,6121578,2,12,-10
4802233,6121578,11,5,6
5278825,5640389,10,8,2
5278825,5640389,11,6,5
4343927,5334681,4,1,3
4343927,5334681,5,2,3
4343927,5334681,6,4,2
5621195,6556927,6,4,2
5277933,7195641,3,8,-5
6294468,8329576,3,1,2
5159925,6849063,12,9,3
7079102,8274465,1,1,0
7079102,8274465,2,8,-6
7079102,8274465,3,9,-6
7079102,8274465,4,10,-6
7079102,8274465,8,6,2
4758280,5601883,4,12,-8
4758280,5601883,6,1,5
4799381,6301544,11,6,5
5502481,6215579,2,8,-6
4779922,5169210,2,2,0
4779922,5169210,6,4,2
5225609,5569789,2,13,-11
5225609,5569789,3,4,-1
5225609,5569789,8,11,-3
4597444,8261832,10,3,7
4597444,8261832,11,13,-2
3990435,7708697,1,2,-1
3990435,7708697,5,3,2
3941746,6096811,7,9,-2
6158655,8534887,7,4,3
5361924,6913162,3,10,-7
5361924,6913162,7,5,2
5361924,6913162,8,6,2
7235031,8171636,11,6,5
4610115,8287701,1,1,0
5412391,6549151,7,2,5
5412391,6549151,10,9,1
4990558,5324755,1,9,-8
4990558,5324755,2,7,-5
4990558,5324755,3,2,1
4990558,5324755,4,1,3
4990558,5324755,5,6,-1
4990558,5324755,6,3,3
6193739,8361103,1,1,0
6193739,8361103,12,8,4
4743595,6657083,4,3,1
7770995,8009321,3,2,1
7770995,8009321,9,1,8
7770995,8009321,10,4,6
6852608,7705430,2,3,-1
6852608,7705430,5,5,0
4778463,8109998,5,1,4
4778463,8109998,6,8,-2
4778463,8109998,9,3,6
6929930,7404958,1,1,0
6929930,7404958,4,3,1
6929930,7404958,5,5,0
6929930,7404958,6,6,0
6929930,7404958,7,4,3
6929930,7404958,11,11,0
5377004,8094294,5,4,1
5377004,8094294,12,5,7
6897364,8563828,2,2,0
6897364,8563828,4,3,1
6897364,8563828,5,5,0
6897364,8563828,7,6,1
5216340,5568026,1,5,-4
5216340,5568026,2,8,-6
5216340,5568026,3,2,1
5216340,5568026,5,4,1
5216340,5568026,6,1,5
7583581,8325587,1,1,0
7583581,8325587,2,2,0
7583581,8325587,3,3,0
7583581,8325587,4,4,0
7583581,8325587,5,5,0
7583581,8325587,6,6,0
7583581,8325587,7,7,0
7583581,8325587,8,8,0
7583581,8325587,9,9,0
7583581,8325587,10,10,0
7583581,8325587,11,11,0
7583581,8325587,12,12,0
7583581,8325587,13,13,0
3990459,8119110,9,1,8
6868081,7522714,1,3,-2
6868081,7522714,9,6,3
6175782,8355836,2,9,-7
6175782,8355836,4,2,2
6175782,8355836,5,5,0
6561986,8358213,6,5,1
6561986,8358213,8,3,5
3938125,4352098,5,13,-8
3938125,4352098,6,3,3
4157830,5213328,1,1,0
4157830,5213328,7,4,3
4255652,5240116,4,1,3
4719239,6294192,3,5,-2
5618381,7662719,1,2,-1
5618381,7662719,4,8,-4
5146465,6408015,1,10,-9
5146465,6408015,5,5,0
6951217,7487778,10,8,2
5132063,5400490,1,2,-1
4060246,7490832,5,5,0
7260173,7724868,5,2,3
7260173,7724868,10,5,5
5029911,7665245,8,7,1
5029911,7665245,13,6,7
6242377,7723539,4,8,-4
6242377,7723539,6,10,-4
4079366,5566237,4,12,-8
4079366,5566237,9,8,1
6188694,7720055,10,7,3
5198752,8151872,5,4,1
5198752,8151872,12,9,3
3969434,6303701,5,5,0
4832525,6457902,1,6,-5
4832525,6457902,2,1,1
4832525,6457902,3,4,-1
5500138,6869923,1,1,0
5500138,6869923,3,2,1
5500138,6869923,8,6,2
7340213,8285278,1,3,-2
6444725,8722760,3,7,-4
6444725,8722760,5,3,2
7596135,8526446,5,7,-2
7596135,8526446,12,9,3
6354611,7762363,3,4,-1
6354611,7762363,10,1,9
6173065,6490363,5,1,4
7270511,8651795,1,6,-5
7270511,8651795,4,5,-1
7270511,8651795,13,7,6
6578006,7899952,4,7,-3
6496763,6651482,1,3,-2
6496763,6651482,6,1,5
4788394,5336868,3,1,2
4788394,5336868,4,2,2
4788394,5336868,5,12,-7
6359892,7385721,4,12,-8
4537446,6481520,5,8,-3
4537446,6481520,10,10,0
4639212,4977742,4,1,3
4639212,4977742,9,2,7
4639212,4977742,10,7,3
4392876,8390950,9,1,8
4392876,8390950,10,3,7
6070184,8255984,4,7,-3
4446664,4573298,1,1,0
4446664,4573298,3,7,-4
4446664,4573298,4,4,0
4446664,4573298,5,8,-3
4446664,4573298,9,6,3
4446664,4573298,10,13,-3
7138928,7768579,1,4,-3
5169774,6165464,3,6,-3
5169774,6165464,5,13,-8
5173762,8633102,2,1,1
5173762,8633102,3,12,-9
5173762,8633102,5,6,-1
5173762,8633102,13,10,3
5125175,7306304,6,1,5
7161833,7345918,2,6,-4
7161833,7345918,4,13,-9
7161833,7345918,8,2,6
7161833,7345918,10,12,-2
7416528,8623042,2,3,-1
7416528,8623042,9,2,7
6340053,7328886,6,11,-5
4871821,6280171,13,2,11
5521173,6620807,1,5,-4
5521173,6620807,7,6,1
5521173,6620807,8,7,1
5448996,7183930,5,4,1
5059823,5502414,7,7,0
5555375,7062541,1,1,0
5555375,7062541,6,3,3
6282309,7379175,5,5,0
6282309,7379175,6,8,-2
7111213,7394708,2,11,-9
6668622,7287415,4,9,-5
6668622,7287415,7,6,1
5597660,7232626,4,1,3
5597660,7232626,5,9,-4
6280458,8382754,2,2,0
4043934,6562749,3,9,-6
5517707,7096874,1,3,-2
5517707,7096874,4,6,-2
6519290,7127541,2,3,-1
6519290,7127541,5,8,-3
6519290,7127541,12,13,-1
5630055,8145985,1,8,-7
5630055,8145985,4,13,-9
5630055,8145985,9,1,8
4159758,4965903,7,4,3
4159758,4965903,12,13,-1
5152187,8006429,3,5,-2
5152187,8006429,7,1,6
5152187,8006429,10,8,2
4184554,4457384,1,4,-3
4184554,4457384,3,13,-10
4184554,4457384,5,6,-1
7010294,7526727,7,11,-4
7010294,7526727,9,7,2
7010294,7526727,13,5,8
8028090,8447831,1,13,-12
8028090,8447831,2,5,-3
8028090,8447831,4,2,2
8028090,8447831,5,1,4
8028090,8447831,6,3,3
8028090,8447831,7,4,3
8028090,8447831,8,11,-3
8028090,8447831,9,8,1
4224606,4322847,3,5,-2
4224606,4322847,9,6,3
4325195,5398431,1,2,-1
4325195,5398431,2,11,-9
4325195,5398431,8,8,0
6373036,8358949,1,8,-7
6373036,8358949,3,2,1
6373036,8358949,4,6,-2
6373036,8358949,5,3,2
6373036,8358949,13,9,4
7459952,7855588,2,3,-1
7459952,7855588,4,2,2
7459952,7855588,9,1,8
7459952,7855588,11,8,3
7459952,7855588,12,6,6
7974062,8547677,1,1,0
7974062,8547677,2,2,0
7974062,8547677,3,3,0
7974062,8547677,4,4,0
7974062,8547677,5,5,0
7974062,8547677,6,6,0
7974062,8547677,7,7,0
7974062,8547677,8,8,0
7974062,8547677,9,9,0
7974062,8547677,10,10,0
7974062,8547677,11,12,-1
7974062,8547677,12,13,-1
6226534,8395590,4,9,-5
4903201,8332302,3,3,0
4439939,7103995,2,8,-6
5168841,6073345,1,1,0
4065133,8608587,1,5,-4
4065133,8608587,2,3,-1
4065133,8608587,3,4,-1
4201562,5599369,8,12,-4
4201562,5599369,9,1,8
5125871,7749054,1,1,0
5125871,7749054,2,13,-11
5125871,7749054,3,2,1
7065405,8731666,2,1,1
7065405,8731666,3,9,-6
7065405,8731666,4,12,-8
7065405,8731666,6,5,1
7065405,8731666,10,7,3
5104077,6547033,6,5,1
6089181,7718539,3,9,-6
6089181,7718539,11,10,1
5591166,8114134,12,6,6
5518379,7298285,1,9,-8
7060690,8067384,4,4,0
4919900,6447726,10,7,3
3993841,4169187,3,2,1
3993841,4169187,5,4,1
3993841,4169187,13,1,12
4291912,5052745,3,3,0
4291912,5052745,4,1,3
4291912,5052745,7,2,5
4635189,5109330,3,2,1
4635189,5109330,13,7,6
4376132,7452563,2,2,0
4376132,7452563,4,1,3
4376132,7452563,5,5,0
4804560,8329576,1,1,0
4804560,8329576,4,3,1
4410300,8286700,2,9,-7
4410300,8286700,9,5,4
4761349,5190834,5,11,-6
5138259,6556009,4,7,-3
5138259,6556009,8,6,2
5138259,6556009,10,9,1
5138259,6556009,12,4,8
6367885,7143472,4,5,-1
6367885,7143472,6,6,0
7226503,8658184,2,1,1
7226503,8658184,8,4,4
7226503,8658184,11,6,5
4331074,6851357,2,2,0
4331074,6851357,5,1,4
4066530,4151070,2,2,0
6316316,6888749,2,8,-6
6316316,6888749,13,10,3
5365577,6553062,5,10,-5
5365577,6553062,11,5,6
5142578,6988204,1,2,-1
5142578,6988204,9,3,6
5639278,6478813,1,1,0
5639278,6478813,2,8,-6
5081524,8253783,1,2,-1
5081524,8253783,6,6,0
5081524,8253783,13,10,3
7505573,7783021,2,4,-2
7505573,7783021,5,1,4
7505573,7783021,8,9,-1
5217454,6221080,10,3,7
6359349,7777388,2,9,-7
6359349,7777388,5,11,-6
5355942,6481491,2,2,0
5355942,6481491,8,1,7
4489713,6962570,1,1,0
4489713,6962570,2,5,-3
6582873,7491337,6,6,0
4366394,7180349,3,1,2
4366394,7180349,5,2,3
4366394,7180349,7,8,-1
4366394,7180349,9,3,6
4366394,7180349,12,7,5
7003738,8484601,1,4,-3
7003738,8484601,3,1,2
4917094,5334153,7,7,0
4718417,7207984,3,1,2
4718417,7207984,7,3,4
4718417,7207984,9,2,7
4718417,7207984,12,7,5
6935896,8523597,2,1,1
6935896,8523597,4,2,2
6935896,8523597,8,10,-2
6935896,8523597,9,3,6
6935896,8523597,13,5,8
5251194,6134199,1,11,-10
5251194,6134199,6,8,-2
5251194,6134199,7,7,0
4322981,4409841,1,1,0
4322981,4409841,9,2,7
6504921,7068769,3,1,2
5092133,6516626,3,5,-2
5198074,8262854,6,6,0
4306907,4754494,1,1,0
4890033,8216289,6,7,-1
5591714,7074890,7,5,2
5591714,7074890,8,1,7
5524014,5627852,3,1,2
5524014,5627852,11,2,9
5524014,5627852,12,3,9
7163543,8262726,6,5,1
7163543,8262726,9,12,-3
4066850,6472626,8,2,6
3968788,6245024,11,3,8
3968788,6245024,12,2,10
5495279,8558859,2,2,0
4847851,5257277,2,2,0
4847851,5257277,3,1,2
4847851,5257277,12,5,7
5547373,6481433,1,1,0
5547373,6481433,8,12,-4
6846574,7704596,1,1,0
6846574,7704596,9,5,4
4556940,5001635,7,6,1
4556940,5001635,10,2,8
4907862,7385579,12,10,2
7614648,8267423,1,2,-1
7614648,8267423,2,10,-8
7614648,8267423,9,9,0
6313543,8153078,2,10,-8
5490841,7156825,1,1,0
6498721,7148874,2,11,-9
6498721,7148874,3,2,1
6498721,7148874,4,8,-4
6847189,7398147,1,13,-12
6847189,7398147,2,3,-1
6847189,7398147,3,11,-8
6847189,7398147,5,4,1
5070323,7906756,1,3,-2
5070323,7906756,4,12,-8
5070323,7906756,7,6,1
6248973,7705268,1,4,-3
6248973,7705268,3,6,-3
6248973,7705268,4,2,2
4862718,6598453,2,1,1
4862718,6598453,7,5,2
4330066,8579142,4,5,-1
4805746,6454056,1,9,-8
4805746,6454056,2,6,-4
4805746,6454056,6,8,-2
5492858,6218720,1,1,0
5492858,6218720,5,8,-3
5492858,6218720,10,6,4
6848683,7896323,13,2,11
6101168,6353626,13,5,8
6617137,7846666,6,2,4
6617137,7846666,9,13,-4
6096096,8131883,12,1,11
4398151,8608249,7,2,5
4139957,5410453,1,3,-2
4139957,5410453,4,9,-5
7009640,7773257,1,3,-2
7258399,8342603,13,1,12
5589863,7717531,4,4,0
5589863,7717531,5,2,3
6353953,7546647,6,5,1
4135559,6234347,2,5,-3
4135559,6234347,3,2,1
4137563,7111179,10,4,6
5594720,8107425,5,5,0
4826811,5618919,3,4,-1
4826811,5618919,4,7,-3
4826811,5618919,10,1,9
4826811,5618919,11,5,6
6935136,7386998,3,2,1
6935136,7386998,7,4,3
6935136,7386998,10,9,1
4556050,5092901,1,4,-3
4556050,5092901,2,9,-7
5097607,6065230,10,5,5
5097607,6065230,12,6,6
5590660,6198532,3,3,0
5590660,6198532,4,6,-2
5652547,6307406,1,1,0
5652547,6307406,2,8,-6
5652547,6307406,5,10,-5
5652547,6307406,6,7,-1
5652547,6307406,8,11,-3
5652547,6307406,10,6,4
4279711,4431496,1,6,-5
4279711,4431496,2,5,-3
5453348,6077650,1,1,0
5453348,6077650,5,2,3
6514720,7943385,4,9,-5
6514720,7943385,5,5,0
6514720,7943385,6,11,-5
5407909,7645723,2,2,0
5407909,7645723,8,4,4
5451222,8444601,1,3,-2
6797435,7087348,7,6,1
6436514,6986919,2,1,1
6436514,6986919,3,2,1
6436514,6986919,6,8,-2
6436514,6986919,8,13,-5
6436514,6986919,10,4,6
5654497,6290911,7,13,-6
5654497,6290911,12,2,10
4145184,5387622,1,1,0
4145184,5387622,9,12,-3
4145184,5387622,11,13,-2
6422314,7553800,1,1,0
6422314,7553800,2,6,-4
6422314,7553800,3,11,-8
6422314,7553800,4,12,-8
6422314,7553800,8,5,3
5147272,7984844,4,4,0
6384711,8640514,3,1,2
6384711,8640514,13,7,6
7394931,8059892,1,3,-2
7394931,8059892,5,2,3
7394931,8059892,7,6,1
7106354,7478956,1,6,-5
7106354,7478956,2,8,-6
7106354,7478956,3,1,2
7106354,7478956,4,7,-3
7106354,7478956,7,10,-3
7106354,7478956,10,2,8
7106354,7478956,11,5,6
3971536,7461812,10,13,-3
4396648,5376177,3,1,2
4396648,5376177,8,13,-5
6346144,6881129,9,8,1
5239417,8355212,12,3,9
6120049,7708296,5,5,0
6120049,7708296,7,6,1
6120049,7708296,8,4,4
6120049,7708296,10,7,3
7891355,8715206,2,2,0
7891355,8715206,3,11,-8
4530152,7061120,9,1,8
4530152,7061120,13,5,8
4831392,4999718,1,1,0
4831392,4999718,2,3,-1
4831392,4999718,3,7,-4
4831392,4999718,5,4,1
4831392,4999718,7,5,2
4831392,4999718,8,6,2
4831392,4999718,12,8,4
5136876,7817050,1,1,0
4641502,6915651,3,1,2
4641502,6915651,6,9,-3
4641502,6915651,9,8,1
4641502,6915651,10,4,6
4124946,4674206,2,5,-3
4124946,4674206,8,10,-2
4124946,4674206,9,4,5
7232447,7951157,1,1,0
4462847,7285495,9,11,-2
6107654,6956235,1,1,0
6224487,8205731,1,2,-1
6224487,8205731,12,1,11
5077608,5561723,1,2,-1
5077608,5561723,2,1,1
5042232,5388388,1,2,-1
5042232,5388388,2,4,-2
5042232,5388388,3,1,2
5042232,5388388,5,12,-7
5042232,5388388,7,5,2
6911478,8158187,3,1,2
6911478,8158187,4,2,2
6911478,8158187,5,5,0
6911478,8158187,7,6,1
5236037,8272433,1,1,0
5236037,8272433,4,4,0
5236037,8272433,8,12,-4
4752024,6478804,1,2,-1
4752024,6478804,9,4,5
4156932,4466079,5,3,2
4946793,8114070,4,8,-4
6943397,8288020,5,10,-5
5507725,8376990,1,1,0
5507725,8376990,3,10,-7
5507725,8376990,7,3,4
5507725,8376990,9,2,7
5562429,6123525,1,2,-1
4573473,8504133,5,6,-1
4573473,8504133,6,12,-6
5432710,7846569,3,6,-3
5432710,7846569,4,1,3
5432710,7846569,9,2,7
8112810,8712631,10,7,3
4137535,5333422,5,3,2
4137535,5333422,8,4,4
6295463,8177716,9,1,8
4898133,6978751,1,2,-1
4898133,6978751,2,6,-4
4898133,6978751,6,3,3
4898133,6978751,12,9,3
5377269,6263440,4,3,1
5377269,6263440,7,1,6
5017832,5485056,3,5,-2
5017832,5485056,4,6,-2
5017832,5485056,6,7,-1
5017832,5485056,8,2,6
4386791,4673193,1,12,-11
4386791,4673193,10,6,4
6119106,7068832,13,7,6
7138287,7923763,1,1,0
4458260,7759623,9,8,1
4458260,7759623,11,11,0
4683702,7946766,6,4,2
5614330,6997712,4,2,2
5320529,8545509,2,1,1
5320529,8545509,4,4,0
5320529,8545509,10,10,0
4043342,7857812,4,3,1
4485949,7156387,6,4,2
4802104,7619768,2,1,1
4802104,7619768,5,2,3
4858091,7631993,2,1,1
7264378,8264138,9,2,7
6352466,6974364,2,1,1
6352466,6974364,3,9,-6
6352466,6974364,7,8,-1
6418874,7137354,1,1,0
6418874,7137354,11,7,4
6305840,7785002,2,1,1
6305840,7785002,7,2,5
6305840,7785002,10,3,7
7214360,7862791,8,2,6
7240321,7716624,6,9,-3
5622432,6951999,2,3,-1
7343026,8094189,2,3,-1
7343026,8094189,9,1,8
4027403,4340878,4,13,-9
4027403,4340878,10,5,5
6536293,7201070,1,1,0
6536293,7201070,3,3,0
6536293,7201070,4,2,2
6536293,7201070,5,5,0
6536293,7201070,8,4,4
6536293,7201070,11,8,3
4994475,7049336,5,7,-2
6175914,8533677,2,12,-10
6089318,7087556,1,13,-12
6089318,7087556,3,3,0
6089318,7087556,13,12,1
6544430,7648862,2,6,-4
6544430,7648862,4,9,-5
6544430,7648862,8,5,3
6544430,7648862,12,2,10
4286639,6063065,2,4,-2
4286639,6063065,6,9,-3
6568919,7862875,8,7,1
7973565,8362811,1,1,0
7973565,8362811,2,4,-2
7973565,8362811,3,3,0
7973565,8362811,6,2,4
7973565,8362811,8,5,3
7973565,8362811,9,6,3
7973565,8362811,10,7,3
7973565,8362811,12,8,4
6360215,7926102,2,2,0
6360215,7926102,11,10,1
5142953,5528963,1,9,-8
5142953,5528963,9,6,3
5142953,5528963,12,1,11
7697995,8634893,7,6,1
7697995,8634893,13,1,12
4802259,5056191,5,10,-5
4802259,5056191,7,1,6
4201887,4916443,2,2,0
4201887,4916443,6,11,-5
6415759,8616185,1,3,-2
6415759,8616185,2,1,1
6415759,8616185,13,11,2
4686517,4864280,3,6,-3
5396114,6429724,1,13,-12
5396114,6429724,5,6,-1
5297851,6062649,2,12,-10
5297851,6062649,4,6,-2
4165453,6388547,7,1,6
5289309,6064512,7,13,-6
3943609,6541098,1,2,-1
7165213,8244889,3,4,-1
6618066,8061269,3,6,-3
6330102,8081364,3,6,-3
6330102,8081364,5,3,2
6348059,7666203,5,1,4
5166057,5578473,1,1,0
5166057,5578473,2,7,-5
5166057,5578473,3,2,1
5166057,5578473,4,3,1
5166057,5578473,5,4,1
5166057,5578473,6,5,1
5166057,5578473,7,6,1
5166057,5578473,8,8,0
5166057,5578473,9,9,0
5166057,5578473,10,10,0
5166057,5578473,11,12,-1
5166057,5578473,13,13,0
4401945,7489149,1,1,0
6523796,7621565,1,3,-2
6523796,7621565,4,11,-7
6523796,7621565,11,6,5
5590305,6384630,1,2,-1
5590305,6384630,2,4,-2
5590305,6384630,6,1,5
5590305,6384630,8,5,3
5590305,6384630,11,7,4
5590305,6384630,13,9,4
5584052,8531279,7,4,3
5584052,8531279,10,2,8
5584052,8531279,13,5,8
4243623,4492884,1,7,-6
4243623,4492884,4,5,-1
5591185,8652131,8,3,5
5033770,7302331,8,7,1
6253545,8020538,8,2,6
6253545,8020538,13,3,10
4750106,5247618,3,8,-5
4750106,5247618,6,13,-7
4750106,5247618,10,4,6
4557723,5149539,1,3,-2
4557723,5149539,13,1,12
5229012,8691098,2,6,-4
5229012,8691098,3,10,-7
4435383,6099850,4,6,-2
4404853,5007291,1,11,-10
4404853,5007291,3,1,2
6103117,7144505,1,3,-2
6103117,7144505,2,2,0
6103117,7144505,4,1,3
4714435,6447321,2,1,1
4714435,6447321,3,2,1
6578305,6898886,4,5,-1
4184603,7140510,1,11,-10
4184603,7140510,3,13,-10
4184603,7140510,8,5,3
4426959,8434308,1,2,-1
4426959,8434308,2,1,1
5649186,7523161,11,4,7
3983413,4275387,1,1,0
3983413,4275387,8,11,-3
6478729,7445594,2,6,-4
4750785,5017081,1,1,0
4750785,5017081,2,2,0
4750785,5017081,3,3,0
4750785,5017081,4,4,0
4750785,5017081,5,5,0
4750785,5017081,7,7,0
4750785,5017081,8,8,0
4750785,5017081,9,10,-1
4750785,5017081,10,12,-2
4750785,5017081,11,13,-2
6565659,8703169,2,5,-3
6565659,8703169,4,9,-5
6565659,8703169,6,10,-4
4529688,5391461,4,5,-1
4143368,6462648,3,1,2
6554829,7189233,1,4,-3
6554829,7189233,2,6,-4
6554829,7189233,3,1,2
4641286,6075732,1,3,-2
4641286,6075732,4,9,-5
4641286,6075732,9,6,3
4641286,6075732,11,5,6
4641286,6075732,13,8,5
6067133,6956627,2,4,-2
7159191,8711098,2,3,-1
7159191,8711098,3,13,-10
7159191,8711098,7,6,1
7159191,8711098,8,7,1
7159191,8711098,10,9,1
4190677,4857074,5,7,-2
4190677,4857074,10,10,0
4842703,6451179,4,1,3
6169209,6630605,1,1,0
6169209,6630605,9,6,3
6169209,6630605,10,9,1
4208591,8065040,2,8,-6
4208591,8065040,3,12,-9
5525304,8206662,12,10,2
6159824,7094667,2,10,-8
6159824,7094667,3,1,2
6159824,7094667,5,12,-7
6159824,7094667,9,4,5
6159824,7094667,13,5,8
4997043,6612547,2,13,-11
7489342,8571113,2,1,1
7489342,8571113,3,2,1
7489342,8571113,4,11,-7
7489342,8571113,5,3,2
7489342,8571113,12,10,2
6936766,7262371,1,1,0
6936766,7262371,4,6,-2
6576050,8741052,2,2,0
4358848,6966011,4,12,-8
5317655,6631220,2,4,-2
6888604,7084923,4,5,-1
6888604,7084923,6,9,-3
4238902,4462181,2,2,0
4238902,4462181,7,8,-1
4238902,4462181,9,11,-2
4238902,4462181,10,1,9
4491628,6686429,13,11,2
6490879,7000490,1,4,-3
4537264,6913090,8,3,5
4537264,6913090,11,10,1
4490883,7591086,2,5,-3
4490883,7591086,3,10,-7
4985634,7276714,2,9,-7
4985634,7276714,7,4,3
3976138,7721804,7,11,-4
6081572,7957500,3,2,1
6081572,7957500,9,11,-2
6081572,7957500,11,5,6
6081572,7957500,13,4,9
4500402,4639302,9,3,6
4500402,4639302,13,11,2
4318980,6303325,2,2,0
4318980,6303325,8,12,-4
4165099,5597175,1,3,-2
4165099,5597175,5,1,4
4165099,5597175,6,8,-2
4165099,5597175,8,2,6
4165099,5597175,13,7,6
5560426,6513588,1,6,-5
5560426,6513588,4,2,2
6467543,7225866,2,12,-10
6368636,8603462,1,9,-8
6368636,8603462,2,12,-10
6368636,8603462,3,6,-3
6368636,8603462,6,4,2
6368636,8603462,10,13,-3
4938309,7526833,12,1,11
4898843,7091154,8,1,7
4898843,7091154,9,6,3
6091956,8639235,2,9,-7
5225457,6787586,5,8,-3
6867430,7567882,2,4,-2
6867430,7567882,4,2,2
4669172,6530137,3,4,-1
5146815,7788996,4,1,3
5146815,7788996,7,2,5
4219829,4667393,12,2,10
4219829,4667393,13,8,5
4241378,7074507,4,2,2
4241378,7074507,5,7,-2
4241378,7074507,10,9,1
4485780,5347968,2,9,-7
4485780,5347968,3,5,-2
4485780,5347968,5,13,-8
4485780,5347968,6,1,5
4485780,5347968,12,11,1
5041331,7192628,3,1,2
5041331,7192628,4,6,-2
7608428,8231866,3,6,-3
7608428,8231866,8,4,4
6160054,6867264,6,12,-6
6231759,7107894,3,1,2
6528950,8593066,4,6,-2
4324784,5558108,8,6,2
4324784,5558108,12,13,-1
6271135,7651934,1,4,-3
6271135,7651934,7,8,-1
7338513,8161977,3,2,1
7338513,8161977,10,1,9
5407441,8231609,1,5,-4
6066073,7214168,1,6,-5
6066073,7214168,12,5,7
4292203,7851397,2,2,0
4292203,7851397,7,10,-3
4374220,4673699,1,2,-1
4374220,4673699,2,7,-5
4374220,4673699,5,9,-4
4807704,7117957,1,5,-4
4807704,7117957,10,2,8
4807704,7117957,13,4,9
4123061,8674023,1,7,-6
4123061,8674023,3,5,-2
7839121,8288994,2,3,-1
7839121,8288994,3,1,2
4101960,5617577,2,9,-7
4101960,5617577,7,11,-4
4240452,5454133,6,5,1
5627999,6553554,8,6,2
6601577,8733338,2,6,-4
6361892,7622214,3,3,0
6361892,7622214,6,9,-3
6361892,7622214,8,7,1
4842371,5247289,5,13,-8
4842371,5247289,7,7,0
4842371,5247289,12,5,7
4078967,4278501,3,1,2
4078967,4278501,4,13,-9
4078967,4278501,5,6,-1
4078967,4278501,7,4,3
6523117,7424475,2,13,-11
6523117,7424475,4,8,-4
4006547,5628132,1,4,-3
4006547,5628132,3,1,2
4006547,5628132,10,6,4
4495483,4567483,1,1,0
4495483,4567483,2,5,-3
4495483,4567483,3,3,0
4495483,4567483,4,4,0
4495483,4567483,8,7,1
6275807,8036968,1,11,-10
6275807,8036968,12,3,9
5206796,5392461,1,9,-8
4384824,6530748,1,1,0
4384824,6530748,3,8,-5
4358987,7047864,12,8,4
4403248,7405861,7,7,0
4499282,4758671,3,10,-7
4499282,4758671,11,8,3
4841756,7306254,12,2,10
5453730,8436721,7,2,5
5453730,8436721,12,1,11
5222971,7691078,1,3,-2
5257799,8382127,1,5,-4
5636466,6092322,3,5,-2
5636466,6092322,9,2,7
6432177,6638339,1,1,0
6432177,6638339,2,2,0
6432177,6638339,3,3,0
6432177,6638339,4,4,0
6432177,6638339,5,5,0
6432177,6638339,6,6,0
6432177,6638339,7,7,0
6432177,6638339,8,8,0
6432177,6638339,9,9,0
6432177,6638339,10,10,0
6432177,6638339,11,11,0
6432177,6638339,12,12,0
6432177,6638339,13,13,0
6981120,7836274,2,6,-4
6981120,7836274,4,1,3
6981120,7836274,7,4,3
5589842,6081235,1,6,-5
5589842,6081235,8,13,-5
4716203,8124687,1,5,-4
4716203,8124687,6,1,5
4716203,8124687,7,4,3
5418466,7719432,8,2,6
6176776,8099974,2,2,0
6176776,8099974,10,5,5
6427188,7216201,1,2,-1
6427188,7216201,2,8,-6
6427188,7216201,5,12,-7
6427188,7216201,6,3,3
6427188,7216201,7,10,-3
4850163,5483776,1,1,0
4850163,5483776,9,11,-2
5562501,7106070,6,5,1
8003582,8714827,2,11,-9
8003582,8714827,9,4,5
5652983,8327483,1,1,0
6621211,7267785,1,1,0
6621211,7267785,3,2,1
6621211,7267785,5,9,-4
6621211,7267785,6,6,0
6621211,7267785,7,11,-4
6621211,7267785,8,12,-4
6621211,7267785,9,3,6
6621211,7267785,10,4,6
6621211,7267785,11,5,6
4111903,4701486,1,2,-1
4111903,4701486,6,3,3
4111903,4701486,13,5,8
7451894,8020734,4,2,2
7451894,8020734,6,6,0
7451894,8020734,8,10,-2
6144773,6995761,1,11,-10
6144773,6995761,3,4,-1
6144773,6995761,8,1,7
6144773,6995761,9,9,0
8129205,8709846,1,1,0
8129205,8709846,2,2,0
8129205,8709846,3,3,0
8129205,8709846,4,4,0
8129205,8709846,5,5,0
8129205,8709846,6,6,0
8129205,8709846,7,7,0
8129205,8709846,8,8,0
8129205,8709846,9,9,0
8129205,8709846,10,10,0
8129205,8709846,11,11,0
8129205,8709846,12,12,0
8129205,8709846,13,13,0
4769261,5098794,10,2,8
5198753,7443186,3,4,-1
4664935,6241857,11,6,5
6537227,8021306,2,1,1
6537227,8021306,3,6,-3
4886014,6295949,1,1,0
4886014,6295949,2,3,-1
4886014,6295949,4,6,-2
4886014,6295949,6,7,-1
7071747,7872516,4,7,-3
6123116,6860969,1,9,-8
6123116,6860969,2,1,1
6123116,6860969,3,7,-4
6123116,6860969,10,5,5
4536001,7121575,1,2,-1
4536001,7121575,2,1,1
4536001,7121575,4,5,-1
4536001,7121575,5,6,-1
4536001,7121575,7,3,4
4536001,7121575,9,8,1
4536001,7121575,12,7,5
5594819,8647588,5,3,2
4225526,4629491,6,1,5
4361544,4565687,2,2,0
4361544,4565687,6,10,-4
7139916,8549003,5,10,-5
7139916,8549003,8,6,2
6199102,8281146,2,5,-3
6199102,8281146,10,7,3
6304648,7814150,7,7,0
4554544,8508128,3,1,2
4554544,8508128,11,11,0
4554544,8508128,12,13,-1
5042667,5158183,2,6,-4
5042667,5158183,10,3,7
5042667,5158183,11,7,4
5485893,7871095,1,1,0
5485893,7871095,5,5,0
5485893,7871095,8,7,1
7453194,7980871,2,6,-4
7453194,7980871,3,4,-1
7453194,7980871,6,2,4
7453194,7980871,9,5,4
5203401,6994151,13,5,8
4672754,7051458,1,6,-5
4672754,7051458,10,1,9
4231865,7311831,1,2,-1
5057031,6530797,1,13,-12
6848177,7757385,6,7,-1
6848177,7757385,10,11,-1
4806205,6603054,1,6,-5
4806205,6603054,9,12,-3
4806205,6603054,12,1,11
5287548,8688258,3,2,1
5287548,8688258,5,7,-2
5287548,8688258,13,9,4
5280785,8011364,2,7,-5
3930291,4598184,7,5,2
3930291,4598184,13,12,1
4862808,8170715,7,1,6
4862808,8170715,8,4,4
4421503,8287742,1,1,0
4421503,8287742,2,4,-2
4421503,8287742,3,5,-2
6470975,8281875,8,2,6
4451230,5240410,3,6,-3
4451230,5240410,4,7,-3
4013071,6443989,12,4,8
4562019,5498644,5,5,0
5121729,7281522,3,3,0
5121729,7281522,7,2,5
5121729,7281522,13,6,7
7340015,7680059,1,1,0
7340015,7680059,9,2,7
4554611,6923979,4,9,-5
5268602,6355996,1,2,-1
5268602,6355996,6,11,-5
6347220,7103384,1,7,-6
6347220,7103384,5,5,0
6347220,7103384,8,1,7
6347220,7103384,13,3,10
4714475,8298262,6,4,2
4746701,7649057,2,4,-2
4746701,7649057,4,2,2
4746701,7649057,10,8,2
4746701,7649057,11,6,5
4746701,7649057,13,11,2
5165209,6216407,4,10,-6
5165209,6216407,6,7,-1
4317451,7552854,1,4,-3
4317451,7552854,3,5,-2
4317451,7552854,8,8,0
5179228,8669396,13,13,0
6910385,6989677,6,1,5
6910385,6989677,7,2,5
6095002,7001308,4,3,1
6095002,7001308,7,1,6
6095002,7001308,13,4,9
6460848,7011309,1,2,-1
6460848,7011309,2,1,1
6460848,7011309,5,9,-4
6460848,7011309,6,10,-4
6460848,7011309,10,3,7
6460848,7011309,12,12,0
5022672,7726529,8,3,5
4917435,6921130,3,12,-9
4917435,6921130,13,9,4
4129103,6941914,1,1,0
4129103,6941914,7,4,3
3976580,6482473,6,9,-3
6292896,7523490,2,1,1
6292896,7523490,3,3,0
6292896,7523490,6,11,-5
6292896,7523490,11,7,4
4689962,6237364,2,6,-4
4961154,7077638,4,1,3
6205557,8576700,1,3,-2
6205557,8576700,2,8,-6
6205557,8576700,12,4,8
5627016,6505977,1,2,-1
5627016,6505977,10,8,2
5594422,7265678,2,6,-4
5594422,7265678,3,10,-7
6548299,8460650,2,10,-8
4138796,6202340,1,5,-4
4138796,6202340,5,1,4
4138796,6202340,8,11,-3
4138796,6202340,11,4,7
4520041,6614098,1,2,-1
7388182,8066415,3,10,-7
4158574,4711669,1,7,-6
4158574,4711669,4,13,-9
5596706,7519851,5,6,-1
4466096,5239630,7,13,-6
6544371,7942182,1,1,0
4240727,7046821,10,3,7
6385358,7330270,9,11,-2
6385358,7330270,10,4,6
7264047,8302696,7,3,4
7264047,8302696,10,4,6
6231516,8634921,3,4,-1
5179517,7695366,1,5,-4
5179517,7695366,7,2,5
4695129,4870600,10,13,-3
6073454,7096679,2,1,1
6073454,7096679,5,12,-7
6073454,7096679,7,4,3
6881199,7011095,1,5,-4
6881199,7011095,2,6,-4
6881199,7011095,3,3,0
6881199,7011095,5,1,4
6881199,7011095,6,13,-7
6881199,7011095,9,10,-1
5199431,8005527,9,3,6
5053722,5166643,3,12,-9
5053722,5166643,6,1,5
5053722,5166643,7,3,4
5053722,5166643,10,7,3
4395926,7857003,6,1,5
6310306,7575467,4,12,-8
6310306,7575467,8,3,5
6310306,7575467,9,11,-2
4267792,4494474,3,6,-3
4267792,4494474,9,12,-3
4267792,4494474,11,2,9
6300301,7530150,3,6,-3
5163480,7021337,4,1,3
5371654,7893704,8,8,0
5303867,7062937,1,2,-1
5303867,7062937,6,3,3
5303867,7062937,9,1,8
4080982,8522887,6,4,2
5643835,6867507,11,2,9
4521796,6566699,3,4,-1
5404388,7436935,2,7,-5
5404388,7436935,13,1,12
6946763,8227946,6,3,3
6946763,8227946,9,7,2
6946763,8227946,11,2,9
6946763,8227946,13,12,1
6385655,8069407,5,5,0
6385655,8069407,8,8,0
6127439,7677009,3,11,-8
4109762,7032719,1,2,-1
4109762,7032719,3,3,0
4109762,7032719,4,1,3
4329253,5432244,1,9,-8
4329253,5432244,2,11,-9
6085188,6980995,8,4,4
4675262,7108947,1,8,-7
4675262,7108947,3,7,-4
4675262,7108947,5,1,4
5422271,8133671,3,13,-10
5422271,8133671,4,11,-7
4913990,8263292,1,4,-3
4712314,6195916,3,4,-1
6560766,7712068,2,1,1
6560766,7712068,9,4,5
6966449,8210379,3,3,0
6308609,7302774,5,2,3
6308609,7302774,11,1,10
4056976,4301686,7,1,6
4056976,4301686,11,5,6
4056976,4301686,13,7,6
6118310,6316957,4,4,0
6118310,6316957,7,8,-1
6118310,6316957,8,3,5
6118310,6316957,10,1,9
4155127,4451940,1,1,0
4155127,4451940,3,2,1
4155127,4451940,7,7,0
4155127,4451940,8,3,5
4155127,4451940,9,4,5
3992468,8283280,11,5,6
5002184,5295089,2,3,-1
5004241,7819759,1,3,-2
5004241,7819759,2,10,-8
5004241,7819759,5,5,0
5004241,7819759,11,13,-2
4518926,8599623,3,13,-10
6598075,8504920,10,2,8
4404506,6556886,1,1,0
4404506,6556886,7,5,2
4404506,6556886,11,4,7
4404506,6556886,12,2,10
7125763,7906807,1,9,-8
7125763,7906807,4,5,-1
7125763,7906807,5,3,2
5610203,8278366,1,7,-6
5610203,8278366,2,4,-2
5610203,8278366,3,3,0
5610203,8278366,13,5,8
6275536,6404814,1,3,-2
6275536,6404814,3,5,-2
6275536,6404814,12,4,8
6538742,8223168,1,3,-2
6538742,8223168,6,11,-5
4322014,8505807,9,9,0
5354323,8494116,1,4,-3
5354323,8494116,8,11,-3
5629765,6095651,7,1,6
5629765,6095651,11,6,5
5629765,6095651,12,10,2
5625576,6084587,10,10,0
4936862,8282646,1,1,0
4936862,8282646,3,9,-6
4936862,8282646,5,11,-6
4248491,4887977,1,2,-1
4248491,4887977,10,6,4
7375324,7806008,9,1,8
7375324,7806008,12,4,8
7656103,8125805,6,1,5
4518811,8415514,1,9,-8
4518811,8415514,7,3,4
4518811,8415514,8,4,4
6328740,7635380,4,2,2
4882912,5363670,6,1,5
4798171,5381759,2,6,-4
7336952,8526394,1,1,0
7336952,8526394,2,2,0
7336952,8526394,3,3,0
7336952,8526394,4,4,0
7336952,8526394,5,5,0
7336952,8526394,6,6,0
7336952,8526394,7,7,0
7336952,8526394,8,8,0
7336952,8526394,9,9,0
7336952,8526394,10,10,0
7336952,8526394,11,11,0
7336952,8526394,12,12,0
7336952,8526394,13,13,0
5650384,7749951,13,6,7
7839020,8263276,2,2,0
7839020,8263276,3,7,-4
7839020,8263276,7,6,1
7839020,8263276,10,11,-1
5569247,8496687,10,9,1
5083086,6937944,12,5,7
5157364,7142074,10,3,7
5172413,6305017,1,1,0
5172413,6305017,13,10,3
6602263,8303624,9,7,2
6602263,8303624,11,4,7
6165748,7682607,5,1,4
4905050,5247336,5,1,4
4905050,5247336,6,2,4
4905050,5247336,7,4,3
6205795,6993918,1,1,0
6205795,6993918,10,4,6
5327520,5546395,4,2,2
5327520,5546395,5,3,2
5638501,6573905,5,2,3
5638501,6573905,13,3,10
4803325,6460007,1,1,0
4900652,6190844,1,1,0
4900652,6190844,4,6,-2
4900652,6190844,10,10,0
4900652,6190844,11,11,0
7230895,7983126,2,9,-7
5136636,8447025,5,1,4
4041123,4547337,2,8,-6
4041123,4547337,4,11,-7
4041123,4547337,8,12,-4
6920572,7437583,1,3,-2
6920572,7437583,8,1,7
6920572,7437583,9,12,-3
4429309,7474255,1,12,-11
4429309,7474255,2,6,-4
4429309,7474255,4,3,1
5265145,7254226,5,9,-4
5265145,7254226,7,2,5
4183407,5118629,1,7,-6
4183407,5118629,3,3,0
5094008,6988403,1,1,0
5094008,6988403,3,8,-5
5094008,6988403,5,13,-8
5088768,5239888,8,8,0
5088768,5239888,11,9,2
5088768,5239888,13,4,9
5194428,8697858,1,2,-1
5194428,8697858,2,11,-9
7356015,8755350,7,12,-5
7356015,8755350,11,2,9
6504148,7157698,1,1,0
6504148,7157698,2,5,-3
6504148,7157698,4,2,2
6504148,7157698,6,9,-3
6504148,7157698,7,6,1
6504148,7157698,8,12,-4
4418129,8445137,4,7,-3
4418129,8445137,13,3,10
4303072,7749172,8,8,0
5503879,6540867,2,2,0
5503879,6540867,3,9,-6
5503879,6540867,7,5,2
4563961,6142088,1,1,0
4563961,6142088,2,13,-11
4563961,6142088,3,2,1
4563961,6142088,6,12,-6
4137083,5213613,1,1,0
4824401,7104839,2,1,1
4824401,7104839,5,3,2
4824401,7104839,11,4,7
4952226,5284500,3,5,-2
4952226,5284500,7,9,-2
5271377,7699051,3,1,2
5576020,7661767,13,4,9
4090114,6324038,1,1,0
4090114,6324038,3,4,-1
4090114,6324038,8,3,5
6908905,7087579,2,8,-6
6908905,7087579,11,7,4
6908905,7087579,12,9,3
4003375,6551220,3,1,2
5259904,6286189,5,1,4
6519530,8126680,1,3,-2
6519530,8126680,6,11,-5
6519530,8126680,7,12,-5
5601617,6295472,2,12,-10
5613954,8257316,8,1,7
6573276,8268593,1,6,-5
6573276,8268593,9,3,6
4909940,7375191,2,3,-1
6096706,7147839,9,6,3
4086919,5279281,2,2,0
4086919,5279281,10,10,0
5081871,7992422,1,4,-3
5081871,7992422,6,2,4
7604593,8750955,3,1,2
7604593,8750955,4,5,-1
7604593,8750955,8,9,-1
5195964,7921848,3,2,1
5141655,5211237,1,3,-2
5141655,5211237,5,8,-3
5141655,5211237,6,1,5
4027653,4166446,3,4,-1
4027653,4166446,7,1,6
4151465,7190181,1,4,-3
4151465,7190181,3,8,-5
6198534,7132647,7,3,4
5255343,6148281,2,1,1
5255343,6148281,6,13,-7
6427361,6643954,4,5,-1
6427361,6643954,13,6,7
6462624,6930560,4,1,3
6462624,6930560,5,7,-2
6462624,6930560,10,6,4
6462624,6930560,11,4,7
6462624,6930560,12,2,10
5619558,8234164,1,2,-1
4375662,5268832,8,5,3
4079014,8338069,3,1,2
5041527,6184333,6,1,5
4617579,4830909,1,1,0
4617579,4830909,10,13,-3
4860846,5016723,4,5,-1
4860846,5016723,6,2,4
4860846,5016723,12,12,0
6258115,8628566,1,2,-1
5410676,6516134,8,2,6
5410676,6516134,9,8,1
5410676,6516134,10,11,-1
6208653,7076716,5,2,3
6208653,7076716,10,13,-3
4939682,8467641,6,1,5
4939682,8467641,12,5,7
5305326,7647451,4,5,-1
4272334,5584984,3,2,1
4272334,5584984,7,1,6
4272334,5584984,10,3,7
6074794,7695878,1,2,-1
6074794,7695878,4,6,-2
6074794,7695878,8,3,5
6077321,7491036,10,11,-1
6951520,7201674,1,1,0
6951520,7201674,3,6,-3
6951520,7201674,4,3,1
6951520,7201674,5,9,-4
6951520,7201674,10,2,8
6951520,7201674,11,5,6
6515310,8018152,1,3,-2
5296922,8384625,8,2,6
8036941,8573492,13,4,9
6238415,7582101,2,7,-5
6238415,7582101,8,4,4
6115580,7280555,1,2,-1
6115580,7280555,2,5,-3
6115580,7280555,10,7,3
6706402,8354593,2,2,0
5121928,6497412,2,1,1
5121928,6497412,3,5,-2
5121928,6497412,5,2,3
5121928,6497412,6,10,-4
5121928,6497412,7,6,1
5121928,6497412,13,11,2
4600524,6503420,1,6,-5
5578048,6143005,9,6,3
6607562,8209785,1,4,-3
6607562,8209785,3,6,-3
4486244,4770848,1,1,0
4486244,4770848,9,3,6
4486244,4770848,11,4,7
5113697,7526959,4,8,-4
5113697,7526959,11,7,4
6219669,7836075,2,6,-4
4624011,4918732,1,2,-1
4624011,4918732,7,9,-2
6272440,6476915,10,6,4
5227874,7085731,7,5,2
4000238,4246747,1,4,-3
4000238,4246747,2,1,1
4000238,4246747,3,2,1
6170332,7848004,2,8,-6
4349947,5169071,1,1,0
7056286,8252004,1,4,-3
7056286,8252004,2,2,0
7056286,8252004,11,6,5
5635348,7060458,4,8,-4
6274535,8383550,1,1,0
5101900,6138753,4,5,-1
5101900,6138753,9,4,5
5492229,7256375,2,11,-9
5492229,7256375,5,3,2
6269022,6449190,1,2,-1
6269022,6449190,2,1,1
6269022,6449190,3,11,-8
6269022,6449190,4,8,-4
6269022,6449190,6,5,1
6269022,6449190,8,7,1
4083605,4674802,5,11,-6
4083605,4674802,11,12,-1
5339452,7116959,3,5,-2
5339452,7116959,4,9,-5
5339452,7116959,8,13,-5
5581110,7452825,3,3,0
6916260,8012048,1,6,-5
6916260,8012048,3,2,1
6916260,8012048,10,13,-3
4795242,7202987,4,1,3
4795242,7202987,6,6,0
6093246,6452713,3,5,-2
6093246,6452713,5,9,-4
6093246,6452713,11,8,3
4166457,5087241,7,9,-2
4166457,5087241,9,3,6
5240376,6467167,7,12,-5
6319070,6918795,1,1,0
6319070,6918795,2,11,-9
6319070,6918795,3,7,-4
6319070,6918795,5,3,2
6319070,6918795,9,13,-4
6319070,6918795,11,8,3
4114625,4642092,1,9,-8
4114625,4642092,13,1,12
5561282,7748620,2,7,-5
5561282,7748620,6,4,2
5561282,7748620,12,2,10
5006141,8056366,1,1,0
5006141,8056366,3,11,-8
5006141,8056366,4,3,1
5006141,8056366,7,5,2
5404918,8256415,3,2,1
4840694,6941994,2,3,-1
4840694,6941994,6,5,1
4036915,4704893,12,6,6
6922276,8199395,5,5,0
5441177,7991334,1,1,0
5441177,7991334,4,3,1
5441177,7991334,10,13,-3
4820973,7114391,3,1,2
4820973,7114391,4,2,2
5103466,7272201,2,4,-2
5103466,7272201,7,9,-2
5631028,7258829,1,2,-1
5631028,7258829,3,7,-4
5631028,7258829,7,9,-2
4384443,4680922,10,1,9
6973380,7778759,1,1,0
6973380,7778759,4,5,-1
6973380,7778759,5,12,-7
6973380,7778759,7,10,-3
6973380,7778759,9,2,7
6973380,7778759,13,8,5
5287527,6084819,1,11,-10
5287527,6084819,4,7,-3
7637957,8512415,2,5,-3
4038973,8146191,1,4,-3
4038973,8146191,2,1,1
7108603,7666081,1,2,-1
7108603,7666081,4,11,-7
7108603,7666081,9,4,5
6199255,7439558,11,9,2
4870913,7114612,1,3,-2
4870913,7114612,13,6,7
4933743,7670646,4,6,-2
5263546,5385212,1,1,0
5263546,5385212,2,2,0
5263546,5385212,3,3,0
5263546,5385212,4,4,0
5263546,5385212,5,5,0
5263546,5385212,6,6,0
5263546,5385212,7,7,0
5263546,5385212,8,8,0
5263546,5385212,9,9,0
5263546,5385212,10,10,0
5263546,5385212,11,11,0
5263546,5385212,12,12,0
5263546,5385212,13,13,0
4019301,6083589,4,6,-2
6075993,8385530,2,2,0
5434004,8389107,12,1,11
7124451,7857151,9,10,-1
4041528,4616255,1,6,-5
4041528,4616255,2,2,0
4041528,4616255,6,4,2
4041528,4616255,7,11,-4
4041528,4616255,12,12,0
4574980,5062545,2,2,0
4574980,5062545,8,3,5
4574980,5062545,10,11,-1
4574980,5062545,12,5,7
7084078,7575978,2,7,-5
7084078,7575978,4,6,-2
7084078,7575978,6,10,-4
4547015,6398297,1,3,-2
4547015,6398297,9,7,2
4547015,6398297,11,1,10
4625232,4709257,1,7,-6
4625232,4709257,6,2,4
4625232,4709257,9,3,6
4625232,4709257,11,1,10
4625232,4709257,13,4,9
6021428,7603411,12,9,3
6310270,6967021,6,4,2
4234907,4875144,1,1,0
4234907,4875144,2,9,-7
4234907,4875144,3,2,1
4234907,4875144,4,4,0
4995261,5266530,3,6,-3
4980694,5493704,2,2,0
4980694,5493704,8,13,-5
4050534,6877573,1,2,-1
4050534,6877573,5,5,0
4050534,6877573,7,13,-6
4050534,6877573,9,7,2
4050534,6877573,12,8,4
4712218,5309461,1,1,0
4712218,5309461,10,9,1
4573530,7128153,8,1,7
6863264,8286950,1,7,-6
6863264,8286950,3,9,-6
6863264,8286950,12,2,10
6863264,8286950,13,1,12
5642478,7617420,1,1,0
5219786,6921686,1,11,-10
5219786,6921686,2,2,0
5219786,6921686,13,5,8
4600413,8444751,5,1,4
4600413,8444751,11,2,9
5006788,5424633,3,8,-5
5006788,5424633,4,3,1
5006788,5424633,13,11,2
7197067,8526485,3,1,2
7197067,8526485,4,10,-6
7197067,8526485,12,9,3
4846153,7044909,2,7,-5
5401656,8580272,3,6,-3
4669089,6871023,4,4,0
4669089,6871023,9,9,0
7387909,8284590,1,11,-10
7387909,8284590,12,10,2
7387909,8284590,13,7,6
6934390,7778929,1,11,-10
6934390,7778929,8,1,7
4953396,6167751,1,4,-3
4953396,6167751,2,9,-7
4953396,6167751,5,2,3
6871682,7721956,1,3,-2
6871682,7721956,3,9,-6
6871682,7721956,8,12,-4
6871682,7721956,10,11,-1
5455583,7477177,1,6,-5
5455583,7477177,3,5,-2
5455583,7477177,6,2,4
5455583,7477177,7,4,3
5455583,7477177,8,11,-3
5455583,7477177,12,3,9
6097336,8331953,2,4,-2
6097336,8331953,3,1,2
6097336,8331953,5,3,2
7533144,8606852,1,1,0
7533144,8606852,5,11,-6
7533144,8606852,11,2,9
7533144,8606852,13,7,6
5073371,7524816,3,9,-6
5567655,7067916,1,3,-2
5567655,7067916,10,5,5
4268920,4892547,1,3,-2
4268920,4892547,2,7,-5
4268920,4892547,3,6,-3
4268920,4892547,5,8,-3
4268920,4892547,6,10,-4
6454561,7442036,1,1,0
6454561,7442036,2,2,0
6454561,7442036,6,13,-7
4818922,5220266,9,7,2
4818922,5220266,10,9,1
5597897,6504079,1,2,-1
6194754,6664159,4,12,-8
6194754,6664159,5,4,1
6175824,8326851,5,13,-8
5355604,6467209,1,1,0
7772192,8557782,7,6,1
5480957,7485242,9,2,7
5480957,7485242,11,5,6
4830109,7793721,12,1,11
6849886,7354841,1,12,-11
6849886,7354841,5,6,-1
6849886,7354841,9,11,-2
4755465,7820409,8,13,-5
4755465,7820409,11,5,6
5381137,7397438,9,2,7
6959965,8104837,1,2,-1
5593563,6490777,2,6,-4
5413690,8512239,7,1,6
6163466,7675758,3,3,0
5012683,6190617,11,4,7
6162805,7053080,1,2,-1
6162805,7053080,7,5,2
6162805,7053080,9,7,2
6162805,7053080,11,11,0
6162805,7053080,13,12,1
6088451,7594224,6,6,0
5569608,7098041,3,3,0
7538064,8153548,1,3,-2
7538064,8153548,3,11,-8
7538064,8153548,4,2,2
7538064,8153548,5,4,1
7538064,8153548,8,8,0
5348584,7147705,1,1,0
5348584,7147705,9,4,5
5348584,7147705,12,8,4
5348584,7147705,13,10,3
6942571,8384675,1,1,0
4776890,7214765,8,12,-4
6379001,8047629,5,4,1
6379001,8047629,6,10,-4
7270138,8528577,9,7,2
7270138,8528577,11,12,-1
7697492,8307225,7,11,-4
6959994,8271187,1,9,-8
6959994,8271187,3,3,0
5203838,6095354,4,4,0
4376460,7104315,2,3,-1
4376460,7104315,3,5,-2
4376460,7104315,5,7,-2
4376460,7104315,6,1,5
6614646,7649730,3,8,-5
6614646,7649730,13,6,7
4497875,6149760,12,3,9
4665913,5589184,1,5,-4
4665913,5589184,3,2,1
4826844,7402698,11,2,9
6188684,7917920,12,1,11
7052537,7569104,1,1,0
7052537,7569104,2,2,0
7052537,7569104,4,3,1
7052537,7569104,10,6,4
6537330,7341604,6,2,4
5404071,6184617,4,4,0
5404071,6184617,5,5,0
5404071,6184617,11,7,4
5404071,6184617,12,6,6
5404071,6184617,13,10,3
5191217,6229258,1,2,-1
5191217,6229258,5,4,1
4242281,4554385,2,4,-2
5124270,5324671,1,13,-12
5124270,5324671,2,4,-2
5124270,5324671,4,10,-6
5124270,5324671,11,11,0
5124270,5324671,12,8,4
5406051,7796005,7,12,-5
6654817,7404022,1,1,0
6654817,7404022,8,12,-4
6492223,7371651,2,11,-9
6492223,7371651,3,2,1
6492223,7371651,6,12,-6
6492223,7371651,7,4,3
6987451,7893840,2,2,0
6987451,7893840,3,13,-10
6274295,7855045,10,5,5
4830122,8360174,1,2,-1
4830122,8360174,4,1,3
8140389,8280018,5,9,-4
8140389,8280018,6,3,3
8140389,8280018,12,13,-1
5217021,8532762,1,6,-5
5217021,8532762,3,3,0
5217021,8532762,6,1,5
7084553,7425787,6,3,3
6645721,8481112,1,4,-3
4899954,7100867,1,13,-12
6117438,6984439,1,1,0
6117438,6984439,3,8,-5
6117438,6984439,7,4,3
4278567,5233099,9,8,1
4278567,5233099,10,9,1
4129788,8421400,2,10,-8
6645547,7077860,1,2,-1
6645547,7077860,5,11,-6
6645547,7077860,6,3,3
4723614,5345041,6,2,4
4723614,5345041,9,1,8
4493384,8530763,1,1,0
4493384,8530763,5,2,3
4313830,4574049,4,4,0
6445921,8538387,2,5,-3
6445921,8538387,3,10,-7
4148578,4383753,5,5,0
4148578,4383753,6,1,5
4945915,5097709,1,6,-5
4945915,5097709,8,7,1
4945915,5097709,10,8,2
6128602,7686208,1,7,-6
6128602,7686208,5,12,-7
6128602,7686208,12,3,9
5623220,8627723,1,3,-2
5623220,8627723,2,7,-5
6990631,7885993,9,12,-3
5095396,7362545,1,10,-9
5095396,7362545,13,3,10
5550548,7916001,1,2,-1
5550548,7916001,2,1,1
6206539,7334914,1,6,-5
6206539,7334914,5,12,-7
5128880,6331893,1,1,0
4202395,7222655,13,2,11
8126805,8548886,12,4,8
6850540,7804805,9,2,7
6850540,7804805,11,1,10
6850540,7804805,12,12,0
5142812,8448375,2,6,-4
5142812,8448375,5,9,-4
6161944,7813715,6,5,1
7223180,7753806,3,3,0
7223180,7753806,4,6,-2
7223180,7753806,6,1,5
7223180,7753806,7,2,5
4093041,4605267,3,2,1
6144722,8547212,9,10,-1
6512559,8460098,3,1,2
5373817,7958864,3,3,0
5373817,7958864,6,1,5
6899476,8002173,13,6,7
6567980,7117453,1,4,-3
6567980,7117453,9,9,0
6497549,7673743,3,8,-5
6497549,7673743,7,1,6
6497549,7673743,8,3,5
4521578,8187581,11,10,1
4439986,5353683,4,6,-2
4439986,5353683,12,10,2
5136171,7935944,1,3,-2
5136171,7935944,2,4,-2
5136171,7935944,5,1,4
5136171,7935944,8,10,-2
5136171,7935944,13,8,5
6923035,7757774,3,3,0
6923035,7757774,8,8,0
6489862,7728696,2,10,-8
6489862,7728696,5,4,1
6489862,7728696,6,5,1
6489862,7728696,11,12,-1
5032826,7034706,1,5,-4
5032826,7034706,2,2,0
5032826,7034706,8,7,1
5032826,7034706,12,10,2
4522789,5171613,12,11,1
4430251,5622650,1,5,-4
4430251,5622650,3,2,1
5409134,6644796,2,1,1
5409134,6644796,4,2,2
4627206,5325579,1,12,-11
4627206,5325579,10,2,8
4627206,5325579,13,7,6
4714341,7931599,2,10,-8
4766874,8522762,3,5,-2
4766874,8522762,6,3,3
4766874,8522762,9,2,7
5365039,7784457,13,5,8
6084952,7653081,1,2,-1
6084952,7653081,10,12,-2
6084952,7653081,11,9,2
6425632,7004541,3,1,2
4177389,4754161,3,4,-1
4177389,4754161,7,3,4
4177389,4754161,10,1,9
3953148,8087253,2,7,-5
3953148,8087253,3,3,0
3953148,8087253,13,1,12
4920997,5245725,2,3,-1
4920997,5245725,4,5,-1
4920997,5245725,5,4,1
8275924,8478913,2,1,1
8275924,8478913,5,6,-1
8275924,8478913,12,10,2
8275924,8478913,13,9,4
5624130,6364344,2,5,-3
5624130,6364344,3,2,1
5624130,6364344,9,6,3
5624130,6364344,13,3,10
6308853,7011228,13,11,2
4761590,7687932,8,2,6
4761590,7687932,11,12,-1
6507282,7261762,2,2,0
6507282,7261762,9,3,6
6507282,7261762,13,7,6
6069398,7902629,1,4,-3
6069398,7902629,3,1,2
6069398,7902629,6,7,-1
4533182,7073595,2,4,-2
4533182,7073595,13,1,12
6099592,7326259,2,4,-2
6099592,7326259,3,1,2
6099592,7326259,4,9,-5
6099592,7326259,11,12,-1
5331571,7765095,1,7,-6
5331571,7765095,3,1,2
4618002,4715447,1,2,-1
4618002,4715447,7,1,6
4753965,4904697,1,1,0
4753965,4904697,2,2,0
4753965,4904697,3,4,-1
4753965,4904697,4,5,-1
4753965,4904697,5,6,-1
4753965,4904697,7,10,-3
4753965,4904697,8,11,-3
4753965,4904697,9,3,6
4753965,4904697,10,12,-2
4753965,4904697,11,7,4
4753965,4904697,12,8,4
4753965,4904697,13,13,0
6404163,8452490,1,2,-1
6404163,8452490,2,5,-3
5576635,6496054,1,2,-1
5576635,6496054,3,6,-3
5576635,6496054,6,5,1
5576635,6496054,7,8,-1
5576635,6496054,8,4,4
5360929,7098363,2,2,0
5360929,7098363,5,9,-4
5105949,5597072,3,1,2
4761843,5390384,2,1,1
4761843,5390384,4,7,-3
4761843,5390384,8,8,0
6997375,8095236,2,13,-11
5421334,7150739,1,2,-1
5421334,7150739,2,3,-1
6132384,7993279,9,5,4
4778855,7807745,4,13,-9
4778855,7807745,7,9,-2
4233292,6541179,5,2,3
4233292,6541179,6,8,-2
5334236,7135236,1,10,-9
5334236,7135236,2,5,-3
6331785,8081931,1,1,0
6251343,8287820,1,6,-5
5385373,8231147,3,10,-7
4949706,7060024,1,2,-1
4949706,7060024,6,1,5
4949706,7060024,7,4,3
4949706,7060024,11,7,4
4159671,4422808,2,6,-4
4159671,4422808,6,4,2
4159671,4422808,7,8,-1
4159671,4422808,8,5,3
5614856,8111570,3,5,-2
5614856,8111570,4,7,-3
5614856,8111570,7,8,-1
6122579,7510038,11,11,0
6122579,7510038,12,5,7
7230512,8004160,1,8,-7
7230512,8004160,9,4,5
4828781,5011172,2,5,-3
4828781,5011172,8,7,1
7149893,8295450,1,1,0
5015247,7699877,4,1,3
6412593,8578935,3,1,2
4818370,7051808,10,8,2
5562736,7753937,6,7,-1
5029588,7651493,6,12,-6
7432240,8669281,8,2,6
7432240,8669281,12,1,11
6556083,7781983,4,4,0
6274059,7938131,4,3,1
6851315,7437929,4,6,-2
6851315,7437929,6,8,-2
4698606,5119054,1,5,-4
4698606,5119054,4,4,0
7136093,7490294,5,2,3
7136093,7490294,9,4,5
7136093,7490294,10,3,7
4921817,5376580,3,7,-4
4921817,5376580,7,1,6
4921817,5376580,12,2,10
5503631,8697212,1,1,0
5335717,7258158,7,13,-6
5335717,7258158,8,2,6
6139179,6599004,1,4,-3
6139179,6599004,2,2,0
6139179,6599004,3,5,-2
6139179,6599004,5,3,2
6436134,7815675,1,3,-2
6436134,7815675,3,1,2
6436134,7815675,13,12,1
5176702,6936042,3,5,-2
4191424,4583279,2,1,1
6120751,7138136,3,2,1
6120751,7138136,4,3,1
6120751,7138136,5,5,0
6120751,7138136,12,11,1
5433202,6932768,1,4,-3
5433202,6932768,5,9,-4
5433202,6932768,6,6,0
4717968,6097511,3,5,-2
4717968,6097511,10,13,-3
6949237,8697180,3,8,-5
4135619,4442657,1,1,0
4135619,4442657,4,3,1
4135619,4442657,10,11,-1
6429883,6518983,6,4,2
6308429,7591073,3,2,1
6308429,7591073,4,1,3
6308429,7591073,8,7,1
5112050,5569082,3,8,-5
5112050,5569082,5,1,4
5112050,5569082,6,4,2
5112050,5569082,10,2,8
5416987,6367169,3,1,2
5416987,6367169,12,6,6
6258202,7329324,9,6,3
6077262,8257396,10,7,3
7502669,8131743,4,9,-5
7502669,8131743,9,10,-1
6839375,7072375,1,1,0
6438234,8331797,1,1,0
6438234,8331797,2,8,-6
6438234,8331797,9,13,-4
4410804,5569907,4,12,-8
4410804,5569907,13,8,5
5450860,7182769,4,2,2
7199480,7812466,1,2,-1
6837271,8640729,1,4,-3
6837271,8640729,2,9,-7
4639665,4875370,6,12,-6
4639665,4875370,9,4,5
3959398,6326439,5,2,3
7170350,7714654,1,6,-5
7170350,7714654,3,12,-9
7170350,7714654,9,8,1
6168447,6504103,3,1,2
6168447,6504103,7,10,-3
6671143,8363431,1,13,-12
6671143,8363431,2,2,0
4438641,4567740,2,5,-3
4438641,4567740,6,4,2
5236716,7682329,1,1,0
5236716,7682329,11,6,5
4779922,5452950,4,2,2
4779922,5452950,7,11,-4
7117214,7299450,2,10,-8
5484186,6490828,1,1,0
5484186,6490828,7,3,4
6122403,7065228,1,3,-2
4158163,4843533,6,10,-4
4158163,4843533,9,11,-2
5265185,5402514,1,2,-1
5265185,5402514,12,1,11
4052770,5230651,2,2,0
4052770,5230651,3,1,2
4052770,5230651,7,5,2
7042869,8149812,6,10,-4
6513107,7107436,1,6,-5
6513107,7107436,2,4,-2
6513107,7107436,7,2,5
6513107,7107436,13,13,0
5417079,7448225,3,5,-2
5417079,7448225,6,9,-3
5600642,7089211,1,6,-5
5299150,7804701,1,1,0
5299150,7804701,4,6,-2
5299150,7804701,11,5,6
4793353,8326426,10,2,8
5087335,6134912,1,1,0
6950416,7395084,11,6,5
6950416,7395084,12,4,8
5380299,7419696,4,11,-7
5434611,7765113,7,2,5
6205787,7210296,3,3,0
6205787,7210296,5,11,-6
6205787,7210296,6,8,-2
7040774,7845825,1,4,-3
6938045,7421549,8,10,-2
6938045,7421549,10,2,8
6938045,7421549,12,5,7
4362776,4839213,3,2,1
4362776,4839213,12,6,6
4277253,8551429,3,3,0
4277253,8551429,10,7,3
4492389,4762421,1,1,0
4857506,6254884,5,12,-7
4857506,6254884,7,9,-2
4857506,6254884,8,10,-2
4637859,7670457,2,2,0
4637859,7670457,5,5,0
6484186,8117158,2,1,1
7165615,7559367,2,3,-1
7165615,7559367,3,5,-2
7165615,7559367,5,8,-3
7165615,7559367,6,1,5
7165615,7559367,7,2,5
4037186,6262647,2,2,0
4037186,6262647,6,7,-1
4440170,7972265,6,7,-1
4440170,7972265,10,9,1
6951123,8424349,4,4,0
6951123,8424349,6,3,3
5279501,7909533,9,7,2
4561257,7883315,6,11,-5
4561257,7883315,8,5,3
6138218,6370621,3,9,-6
6138218,6370621,8,12,-4
3996514,5365180,4,5,-1
3996514,5365180,10,2,8
3996514,5365180,11,3,8
6329017,6509279,2,2,0
6329017,6509279,3,3,0
6329017,6509279,5,6,-1
6329017,6509279,6,7,-1
6329017,6509279,11,1,10
4563645,7893690,3,1,2
4563645,7893690,8,7,1
4563645,7893690,9,3,6
4563645,7893690,11,2,9
4563645,7893690,13,4,9
7132551,8357700,1,6,-5
7132551,8357700,10,8,2
7132551,8357700,13,2,11
7689638,8680386,6,11,-5
5336221,7087054,1,3,-2
5336221,7087054,4,6,-2
5336221,7087054,7,10,-3
5453933,7734360,2,2,0
5453933,7734360,3,4,-1
6556578,6856596,3,5,-2
6556578,6856596,4,2,2
6556578,6856596,8,1,7
4047496,4798165,8,8,0
4047496,4798165,9,12,-3
4047496,4798165,10,1,9
4859034,5177501,1,9,-8
4859034,5177501,9,7,2
4896627,5564362,9,1,8
4896627,5564362,10,7,3
4896627,5564362,12,2,10
4896627,5564362,13,4,9
6952945,7598487,1,4,-3
6952945,7598487,13,13,0
5649071,6072591,2,1,1
6127928,7619529,5,4,1
6127928,7619529,6,6,0
4037377,7121059,2,2,0
4037377,7121059,7,7,0
4037377,7121059,11,8,3
7375673,8698608,2,3,-1
7375673,8698608,9,6,3
7375673,8698608,13,10,3
4894626,8120442,1,6,-5
4898599,6863711,5,3,2
6918677,7053799,2,6,-4
5423555,8272011,4,5,-1
5423555,8272011,11,12,-1
5564076,7787882,3,9,-6
5564076,7787882,6,1,5
6249705,8504152,8,12,-4
6304086,7659722,4,7,-3
6304086,7659722,6,4,2
5206471,5451259,1,8,-7
5206471,5451259,3,2,1
5206471,5451259,12,9,3
4260765,4406905,11,9,2
7254040,8411461,7,5,2
7254040,8411461,11,1,10
6303963,7534670,3,1,2
6303963,7534670,6,3,3
6303963,7534670,7,2,5
6959866,8189215,5,4,1
6157406,8107003,3,6,-3
6157406,8107003,9,3,6
4958747,6443334,2,4,-2
4958747,6443334,3,3,0
4958747,6443334,12,5,7
5586254,7991739,12,8,4
6222443,8369780,4,11,-7
6222443,8369780,6,3,3
4676317,4770795,12,10,2
6276061,8281491,1,3,-2
6276061,8281491,2,1,1
6913607,8236026,2,9,-7
4793895,6561873,1,1,0
4793895,6561873,4,6,-2
7509194,8340865,5,9,-4
7509194,8340865,8,10,-2
5346905,7902245,8,13,-5
4873734,6295675,5,2,3
4873734,6295675,10,5,5
4873734,6295675,12,7,5
6014379,6324183,11,2,9
5261408,8137278,3,1,2
6066384,7727617,1,1,0
6438399,7894869,7,4,3
6478938,7723099,2,5,-3
6654707,7673171,5,5,0
6654707,7673171,6,11,-5
6654707,7673171,8,9,-1
4298866,6426735,1,4,-3
4298866,6426735,6,2,4
4298866,6426735,7,8,-1
4298866,6426735,8,3,5
4631097,6190476,3,2,1
4631097,6190476,9,12,-3
4631097,6190476,12,6,6
6084528,8051169,2,11,-9
6084528,8051169,10,6,4
4808921,7752886,3,5,-2
4808921,7752886,4,1,3
4808921,7752886,6,13,-7
5269303,6556868,2,2,0
5269303,6556868,3,1,2
5269303,6556868,5,3,2
5269303,6556868,8,11,-3
5269303,6556868,12,8,4
5367298,7761175,13,4,9
4290603,8231478,4,2,2
4841733,7458228,3,1,2
4687980,6255796,4,7,-3
3941625,4040877,5,11,-6
3941625,4040877,7,4,3
3941625,4040877,8,13,-5
5377354,6249805,2,3,-1
5377354,6249805,10,1,9
4540412,7763769,2,3,-1
6643960,7836879,2,8,-6
6643960,7836879,4,5,-1
6569252,7754609,2,4,-2
6337594,8583111,1,4,-3
6337594,8583111,7,5,2
4750089,6403009,2,4,-2
4750089,6403009,12,9,3
6317134,8140721,2,2,0
4249800,6493057,3,4,-1
4249800,6493057,13,2,11
4830714,5182135,9,3,6
5044752,6631935,2,2,0
5452447,8001096,3,1,2
5452447,8001096,6,5,1
6308014,7750970,2,8,-6
6308014,7750970,6,4,2
6308014,7750970,7,5,2
6308014,7750970,13,11,2
6427388,8250813,1,1,0
6427388,8250813,2,4,-2
5586940,6640200,2,12,-10
5586940,6640200,3,3,0
4599647,6215873,2,9,-7
4599647,6215873,8,7,1
4599647,6215873,11,10,1
4716131,7768051,5,13,-8
4716131,7768051,13,7,6
5034399,5120782,5,8,-3
5034399,5120782,8,6,2
5451879,7532955,6,13,-7
4704112,8138388,2,6,-4
4704112,8138388,8,10,-2
4704112,8138388,10,3,7
4751525,7824029,6,9,-3
4751525,7824029,7,4,3
4549036,4990108,2,1,1
5238420,6309233,1,6,-5
5238420,6309233,2,7,-5
5238420,6309233,6,8,-2
4089270,8720345,2,11,-9
4089270,8720345,13,5,8
5180959,7316304,4,5,-1
5180959,7316304,6,9,-3
5180959,7316304,10,1,9
6129075,6581372,1,1,0
6129075,6581372,2,4,-2
6129075,6581372,3,2,1
6129075,6581372,4,5,-1
6129075,6581372,5,3,2
6129075,6581372,6,6,0
6129075,6581372,7,7,0
6129075,6581372,8,10,-2
6129075,6581372,9,11,-2
6129075,6581372,10,12,-2
4680931,7134993,6,11,-5
7228141,7840513,6,7,-1
7228141,7840513,9,3,6
6218312,7186943,5,5,0
6218312,7186943,12,6,6
6285321,8213955,2,3,-1
6285321,8213955,11,11,0
6144959,7840010,3,13,-10
6332120,6973256,1,2,-1
6332120,6973256,2,1,1
6332120,6973256,13,4,9
5145771,7749693,1,10,-9
5145771,7749693,6,1,5
7301924,7565173,1,1,0
7301924,7565173,6,3,3
6173464,8266745,1,2,-1
6173464,8266745,2,1,1
6908565,8518796,1,6,-5
6908565,8518796,4,13,-9
6438114,7120141,1,1,0
6438114,7120141,4,3,1
6438114,7120141,5,4,1
6501867,7881621,2,2,0
6501867,7881621,8,3,5
6987763,7751327,1,1,0
6987763,7751327,12,4,8
4711484,7374225,2,3,-1
4608981,7886952,1,2,-1
4608981,7886952,13,5,8
6368658,8003156,1,4,-3
6368658,8003156,3,10,-7
6368658,8003156,10,6,4
5304102,6616560,5,8,-3
5304102,6616560,8,1,7
6942518,7717863,2,6,-4
6493229,7521289,4,1,3
7071035,8507334,2,2,0
4778553,5653555,6,4,2
4778553,5653555,8,3,5
4284405,5059118,6,9,-3
4284405,5059118,7,2,5
4284405,5059118,11,4,7
5421697,6085573,3,2,1
5421697,6085573,5,12,-7
4718693,6485040,3,1,2
4718693,6485040,4,2,2
4718693,6485040,11,10,1
6384807,7333096,1,1,0
6384807,7333096,5,2,3
5007786,6448898,1,1,0
5007786,6448898,5,2,3
5007786,6448898,11,4,7
4237474,4679908,3,1,2
4237474,4679908,11,11,0
4237474,4679908,13,8,5
5036113,6232389,5,4,1
5036113,6232389,11,2,9
5155816,6473837,4,9,-5
5336360,6183714,2,10,-8
5336360,6183714,6,6,0
4709972,6903924,1,2,-1
4709972,6903924,2,1,1
4709972,6903924,6,3,3
7030775,8465163,11,8,3
5111355,6458645,4,6,-2
5111355,6458645,7,12,-5
5111355,6458645,8,5,3
5111355,6458645,13,1,12
5243164,6229128,1,4,-3
6787523,8124353,4,3,1
6787523,8124353,6,13,-7
6126058,7494038,2,2,0
4166623,4408315,3,4,-1
4166623,4408315,4,7,-3
6519612,7872675,9,3,6
4081871,7665389,4,2,2
4081871,7665389,7,4,3
6602590,8268417,3,7,-4
6467022,8250310,2,8,-6
6467022,8250310,13,1,12
5582446,6656278,1,1,0
5582446,6656278,3,7,-4
4446589,8230547,1,2,-1
4446589,8230547,2,1,1
4446589,8230547,3,3,0
7637887,8273056,1,1,0
7637887,8273056,2,5,-3
7637887,8273056,8,4,4
6432963,7601714,2,9,-7
6425828,7727071,5,1,4
6425828,7727071,7,13,-6
6226618,7987502,3,5,-2
6226618,7987502,7,2,5
4553789,4660894,1,10,-9
4553789,4660894,6,3,3
4553789,4660894,10,12,-2
4553789,4660894,11,9,2
4707816,5412630,2,1,1
4707816,5412630,4,4,0
4707816,5412630,5,13,-8
4707816,5412630,11,11,0
4684556,4724178,1,1,0
4684556,4724178,2,13,-11
4684556,4724178,3,3,0
4684556,4724178,5,5,0
4684556,4724178,11,9,2
4684556,4724178,13,10,3
6900737,8059009,2,1,1
6900737,8059009,3,8,-5
4347637,6098313,1,1,0
4347637,6098313,3,7,-4
4347637,6098313,7,4,3
6838322,8304760,3,2,1
6838322,8304760,10,9,1
6434520,7076427,1,1,0
6434520,7076427,2,6,-4
5035715,7722895,1,10,-9
5035715,7722895,2,13,-11
4135514,5378475,3,2,1
4135514,5378475,4,10,-6
4714469,7621954,11,12,-1
4714203,7686240,3,1,2
4714203,7686240,5,4,1
6132637,6218305,1,2,-1
6132637,6218305,2,4,-2
6132637,6218305,3,1,2
6132637,6218305,4,3,1
6132637,6218305,5,6,-1
6132637,6218305,6,7,-1
6132637,6218305,7,8,-1
6132637,6218305,8,9,-1
6132637,6218305,9,10,-1
6132637,6218305,10,11,-1
6132637,6218305,11,12,-1
6132637,6218305,12,13,-1
6015015,7121342,10,3,7
6015015,7121342,13,4,9
6949221,7297151,4,3,1
6949221,7297151,5,2,3
4026643,5212522,2,5,-3
4026643,5212522,3,4,-1
4026643,5212522,6,1,5
4026643,5212522,10,2,8
4026643,5212522,12,3,9
4346195,5340875,1,2,-1
4346195,5340875,8,6,2
4346195,5340875,10,7,3
4346195,5340875,12,8,4
6624635,8513949,1,6,-5
6095651,7232436,6,5,1
5202666,7411511,4,3,1
5202666,7411511,7,5,2
6894653,7696943,1,1,0
6894653,7696943,2,2,0
6894653,7696943,3,3,0
6894653,7696943,4,4,0
6894653,7696943,5,5,0
6894653,7696943,6,6,0
6894653,7696943,7,7,0
6894653,7696943,9,8,1
6894653,7696943,10,9,1
6894653,7696943,11,10,1
6894653,7696943,12,11,1
6894653,7696943,13,12,1
5276819,6073185,2,6,-4
5276819,6073185,9,9,0
5276819,6073185,11,8,3
7502339,8442491,4,1,3
7502339,8442491,5,5,0
7502339,8442491,6,13,-7
7502339,8442491,13,10,3
4802229,7646934,8,1,7
6267366,6893016,6,7,-1
6267366,6893016,7,2,5
6267366,6893016,8,10,-2
6437291,8084719,5,1,4
6437291,8084719,6,2,4
6437291,8084719,8,4,4
4986174,6536334,1,12,-11
4986174,6536334,11,8,3
4986174,6536334,13,10,3
4715849,6406434,2,1,1
5268604,7923872,10,5,5
5268604,7923872,13,2,11
4452292,5129442,1,1,0
7449355,7544531,1,6,-5
7449355,7544531,11,12,-1
6374342,7650465,5,6,-1
6374342,7650465,9,11,-2
4010118,4162631,6,9,-3
6874115,8365054,1,1,0
6874115,8365054,3,11,-8
6295245,7580318,7,2,5
6295245,7580318,12,6,6
5143416,7182396,1,12,-11
5143416,7182396,2,13,-11
4557091,8240104,3,5,-2
4557091,8240104,9,13,-4
7059603,8235812,7,3,4
7059603,8235812,9,1,8
7626137,8526091,3,3,0
7626137,8526091,5,5,0
5105746,6976435,1,1,0
5598115,6961810,1,3,-2
5598115,6961810,6,4,2
6127616,6987220,2,2,0
6127616,6987220,3,6,-3
6127616,6987220,13,1,12
4499451,8072318,1,1,0
4499451,8072318,5,9,-4
5305789,8100145,1,1,0
5305789,8100145,4,11,-7
5305789,8100145,8,13,-5
6466211,8250651,3,4,-1
6989947,7173774,1,1,0
6989947,7173774,2,3,-1
4562663,5572827,2,1,1
4370760,8343217,3,5,-2
7625981,8598274,2,4,-2
7625981,8598274,3,3,0
7625981,8598274,4,5,-1
7625981,8598274,7,10,-3
7625981,8598274,8,11,-3
7625981,8598274,9,13,-4
6993062,8429504,5,12,-7
6936562,7094722,2,4,-2
6936562,7094722,4,6,-2
6936562,7094722,11,2,9
6477535,7269595,1,4,-3
6477535,7269595,2,8,-6
6477535,7269595,3,1,2
6327633,7148853,9,10,-1
6327633,7148853,10,1,9
6666453,7140612,1,1,0
6666453,7140612,2,5,-3
6666453,7140612,5,10,-5
4896540,7367239,4,13,-9
6369184,8304084,1,3,-2
6369184,8304084,2,5,-3
6369184,8304084,8,7,1
5257933,6527551,3,7,-4
6501810,8218425,5,12,-7
4396582,7666369,1,1,0
5304943,7327803,4,2,2
5304943,7327803,5,5,0
5254121,8043286,5,10,-5
4872308,8046989,1,1,0
4872308,8046989,2,2,0
4748539,5227954,9,7,2
4467012,6514615,1,9,-8
6551929,7056806,5,13,-8
7072392,7813422,6,4,2
7072392,7813422,8,1,7
3943735,4858448,1,1,0
3943735,4858448,4,7,-3
3943735,4858448,7,3,4
6846696,7651932,4,8,-4
6846696,7651932,5,2,3
5008891,5309003,4,6,-2
4709245,6079805,1,6,-5
7056337,7651519,6,2,4
7563772,7915219,2,5,-3
5481528,7212488,5,1,4
5481528,7212488,12,13,-1
4051264,6482450,1,1,0
4051264,6482450,2,4,-2
4051264,6482450,3,5,-2
4051264,6482450,5,2,3
4051264,6482450,6,9,-3
5165816,7665268,1,6,-5
5165816,7665268,11,2,9
4488245,4686538,1,13,-12
4629004,8627892,3,1,2
4629004,8627892,8,2,6
7220237,7721932,1,1,0
7220237,7721932,2,3,-1
5250060,6152909,2,4,-2
4709265,8550192,1,8,-7
4709265,8550192,5,6,-1
6320225,7064036,1,6,-5
6320225,7064036,2,3,-1
6320225,7064036,13,5,8
5350705,6323510,1,2,-1
5350705,6323510,2,5,-3
5350705,6323510,8,6,2
4249976,4756943,1,11,-10
4249976,4756943,3,4,-1
4561862,5405417,8,1,7
5342913,8685601,11,10,1
4153970,4997139,4,1,3
6433261,7732684,2,6,-4
6433261,7732684,3,3,0
6433261,7732684,4,2,2
6433261,7732684,5,5,0
6433261,7732684,6,12,-6
6433261,7732684,7,7,0
6433261,7732684,8,10,-2
6433261,7732684,11,13,-2
6433261,7732684,12,8,4
6433261,7732684,13,9,4
6214024,6589240,1,2,-1
6214024,6589240,3,1,2
6214024,6589240,10,3,7
4753231,5259835,2,1,1
4753231,5259835,3,3,0
4753231,5259835,6,12,-6
4522165,5375569,1,5,-4
4522165,5375569,4,2,2
4522165,5375569,9,6,3
4522165,5375569,13,10,3
4550245,4958061,8,7,1
4550245,4958061,10,5,5
5655119,7913311,6,1,5
5655119,7913311,8,3,5
5655119,7913311,11,7,4
5139633,7604865,4,4,0
5139633,7604865,6,9,-3
5139633,7604865,7,11,-4
4523128,5055746,1,2,-1
4523128,5055746,2,1,1
4523128,5055746,3,5,-2
4523128,5055746,4,6,-2
4523128,5055746,11,3,8
7966289,8286029,9,12,-3
6453365,7940572,3,5,-2
7101121,8690491,8,12,-4
6276698,8066163,5,1,4
6627980,7109731,5,2,3
5422489,6319426,1,1,0
5422489,6319426,2,13,-11
6373557,7907257,3,12,-9
6373557,7907257,7,6,1
6373557,7907257,8,3,5
4798126,5048396,1,10,-9
4798126,5048396,5,3,2
4798126,5048396,7,2,5
4798126,5048396,8,1,7
5072313,8743489,8,7,1
5072313,8743489,10,1,9
6418305,7130388,4,3,1
6334108,7690560,8,3,5
4879519,5334946,1,6,-5
4879519,5334946,3,1,2
4879519,5334946,4,4,0
4879519,5334946,7,13,-6
4879519,5334946,12,7,5
6648068,7878253,3,10,-7
5401267,6479728,2,1,1
5401267,6479728,5,5,0
7319379,8458356,11,13,-2
5365657,8413316,2,2,0
5365657,8413316,9,13,-4
4174191,4687419,2,2,0
4174191,4687419,6,6,0
4174191,4687419,10,13,-3
4174191,4687419,12,5,7
4174191,4687419,13,8,5
6442129,7826466,13,8,5
5404952,8555971,7,3,4
5404952,8555971,9,12,-3
4231355,8002684,2,6,-4
4872102,7715195,2,1,1
4872102,7715195,3,7,-4
6184801,6525768,5,7,-2
4194473,4487172,9,10,-1
4194473,4487172,10,5,5
6153043,6458674,1,4,-3
6130706,8194132,1,5,-4
6130706,8194132,3,12,-9
7431311,8540252,1,5,-4
7431311,8540252,2,1,1
7431311,8540252,5,6,-1
7431311,8540252,12,8,4
6661162,7302830,2,4,-2
5611477,7588179,5,5,0
4985514,5453323,4,10,-6
4985514,5453323,6,1,5
6638523,8420835,1,2,-1
6638523,8420835,2,1,1
6638523,8420835,5,6,-1
6638523,8420835,9,12,-3
4437093,7091968,3,6,-3
4437093,7091968,11,5,6
4437093,7091968,13,3,10
6167120,8289991,3,5,-2
5286254,8211085,13,11,2
6303020,7090767,5,2,3
4144122,7951266,3,10,-7
4144122,7951266,10,12,-2
4561324,4604912,1,8,-7
4561324,4604912,3,5,-2
4561324,4604912,4,1,3
4561324,4604912,9,4,5
4561324,4604912,11,3,8
7413022,8291972,4,12,-8
7413022,8291972,5,8,-3
6080182,8257389,2,1,1
5043548,8481449,11,11,0
4793442,4939679,2,1,1
4793442,4939679,3,10,-7
4673900,4772224,1,7,-6
6122042,8669515,5,10,-5
4225989,6098222,1,10,-9
4225989,6098222,8,11,-3
4225989,6098222,9,5,4
5394141,7364203,4,1,3
7041659,7547802,1,1,0
7041659,7547802,2,2,0
7041659,7547802,3,3,0
7041659,7547802,4,4,0
7041659,7547802,5,5,0
7041659,7547802,6,6,0
7041659,7547802,7,7,0
7041659,7547802,8,8,0
7041659,7547802,9,9,0
7041659,7547802,10,10,0
7041659,7547802,11,11,0
7041659,7547802,12,12,0
7041659,7547802,13,13,0
5430609,6069791,1,4,-3
5430609,6069791,9,8,1
6918925,8066755,5,2,3
6918925,8066755,7,1,6
6918925,8066755,9,7,2
4772871,6927716,6,1,5
4772871,6927716,11,2,9
6930816,7483197,10,7,3
5396264,8015501,1,5,-4
5396264,8015501,6,13,-7
6122515,7194083,4,1,3
6122515,7194083,11,8,3
4293415,5637135,1,3,-2
6267776,7879062,3,6,-3
6267776,7879062,9,4,5
5656536,7554788,2,2,0
6311921,8535780,2,8,-6
6311921,8535780,5,3,2
6405795,7093680,1,3,-2
6405795,7093680,3,2,1
6405795,7093680,4,1,3
6405795,7093680,5,9,-4
6405795,7093680,12,4,8
5583377,8659146,2,7,-5
5583377,8659146,7,13,-6
7244125,8407888,3,3,0
7244125,8407888,5,6,-1
7244125,8407888,8,12,-4
5321541,6490065,4,6,-2
5321541,6490065,5,4,1
5321541,6490065,6,2,4
5321541,6490065,9,10,-1
5321541,6490065,11,13,-2
4643923,5265377,2,4,-2
4643923,5265377,5,6,-1
4797945,5001767,6,12,-6
4797945,5001767,8,3,5
6490837,7963727,2,3,-1
6490837,7963727,3,1,2
6490837,7963727,6,6,0
4442998,8413685,12,2,10
4927331,5197854,1,2,-1
4927331,5197854,5,9,-4
5013632,8389592,4,2,2
5641756,6150092,5,12,-7
5641756,6150092,7,7,0
5641756,6150092,9,9,0
7315946,8051441,8,1,7
7315946,8051441,12,13,-1
6081742,8277387,10,3,7
5078287,5638968,1,8,-7
4888687,8280714,4,2,2
7054888,8634761,1,2,-1
4718148,5350195,2,9,-7
4718148,5350195,7,1,6
4718148,5350195,8,6,2
4718148,5350195,9,4,5
5365521,8396052,2,4,-2
4927567,6231322,1,5,-4
4927567,6231322,5,1,4
5201501,6592324,2,3,-1
3993955,7734251,1,8,-7
3993955,7734251,2,3,-1
6517565,7727185,9,3,6
4319576,7758613,3,5,-2
4319576,7758613,10,1,9
5528397,7279711,4,6,-2
5528397,7279711,6,4,2
5655016,6308086,9,4,5
5655016,6308086,10,1,9
5655016,6308086,13,7,6
6159175,8287484,5,4,1
6159175,8287484,8,1,7
4045442,5182272,1,2,-1
4045442,5182272,9,10,-1
6419579,7690982,1,1,0
7963833,8465352,1,12,-11
7963833,8465352,6,6,0
7963833,8465352,7,2,5
4493320,7678119,10,11,-1
4913085,6334937,10,2,8
5636261,7471698,8,7,1
5504826,6496621,10,1,9
5059042,7922419,6,13,-7
5059042,7922419,7,2,5
7873374,8527013,4,3,1
7873374,8527013,8,12,-4
6969539,7410918,1,7,-6
6969539,7410918,4,9,-5
5545193,6447506,1,7,-6
5545193,6447506,2,1,1
5545193,6447506,3,8,-5
5545193,6447506,6,9,-3
5545193,6447506,7,4,3
5545193,6447506,9,2,7
5545193,6447506,12,10,2
4701417,6964771,7,9,-2
4268080,4745642,9,3,6
4268080,4745642,12,10,2
5290501,6450985,2,1,1
5290501,6450985,4,13,-9
5290501,6450985,12,3,9
4075036,4725399,2,1,1
4075036,4725399,11,4,7
6362571,8358070,1,3,-2
6362571,8358070,2,13,-11
6362571,8358070,3,9,-6
6362571,8358070,4,7,-3
6362571,8358070,5,5,0
6362571,8358070,6,1,5
4992850,6255840,3,3,0
5581464,8239086,2,6,-4
5064685,7938341,8,3,5
4563350,5106748,3,6,-3
4563350,5106748,12,5,7
4563350,5106748,13,8,5
4537127,5018445,12,12,0
4537127,5018445,13,4,9
7036187,7578032,10,6,4
7036187,7578032,12,8,4
6383192,6605108,3,8,-5
5395786,6670235,1,1,0
5395786,6670235,2,12,-10
5395786,6670235,3,6,-3
5395786,6670235,4,4,0
6616874,8101113,11,3,8
6455597,7262334,1,3,-2
6455597,7262334,9,2,7
7877121,8184983,1,1,0
7877121,8184983,6,10,-4
6028887,7236754,4,1,3
4793825,7615012,3,2,1
4793825,7615012,5,9,-4
6904808,8313468,2,8,-6
6904808,8313468,4,11,-7
6073116,7792719,1,6,-5
6073116,7792719,12,7,5
4071672,4555496,2,13,-11
4071672,4555496,10,10,0
4071672,4555496,11,9,2
4071672,4555496,12,1,11
4071672,4555496,13,2,11
5449459,6290483,3,2,1
5449459,6290483,4,4,0
5449459,6290483,8,12,-4
5335277,7984468,10,1,9
7123881,7818022,8,3,5
7542816,8040233,4,1,3
5334673,8093337,12,13,-1
5334673,8093337,13,1,12
5216987,7743747,2,2,0
4366215,8282691,7,10,-3
6522580,7170802,4,3,1
4309703,6989782,4,2,2
4309703,6989782,5,1,4
7590490,7783417,1,2,-1
7590490,7783417,6,11,-5
4459514,6501229,2,1,1
4459514,6501229,3,3,0
4459514,6501229,9,7,2
4629943,7701147,1,1,0
4629943,7701147,8,9,-1
4667438,6453606,10,7,3
6188807,6349348,9,4,5
6188807,6349348,13,3,10
6331597,8268911,2,4,-2
6331597,8268911,12,8,4
6293684,8251544,2,1,1
5622169,7697972,7,4,3
6097367,6950115,1,6,-5
6476848,7414768,5,5,0
6502402,7194869,1,2,-1
6502402,7194869,5,3,2
6502402,7194869,8,4,4
6413161,7690983,2,1,1
6510406,7752218,1,1,0
6510406,7752218,3,8,-5
4919850,6201037,1,9,-8
4919850,6201037,3,11,-8
4919850,6201037,4,3,1
4919850,6201037,6,2,4
4628942,7844344,7,9,-2
4373534,4807640,1,1,0
5209400,7644591,7,1,6
7914933,8282907,1,2,-1
7914933,8282907,3,1,2
7914933,8282907,4,3,1
7914933,8282907,8,12,-4
7841315,8210306,1,1,0
7841315,8210306,2,11,-9
6179198,8188605,1,1,0
6179198,8188605,4,8,-4
6179198,8188605,6,12,-6
5634053,8468174,1,1,0
5634053,8468174,9,3,6
5634053,8468174,11,6,5
4757870,4874056,1,1,0
4757870,4874056,2,10,-8
4757870,4874056,3,11,-8
4757870,4874056,5,2,3
4757870,4874056,6,7,-1
4757870,4874056,7,6,1
4757870,4874056,8,5,3
4757870,4874056,12,9,3
5182620,6337731,2,3,-1
5182620,6337731,3,8,-5
5182620,6337731,4,5,-1
5181280,6349421,1,3,-2
5264061,6980014,3,4,-1
6260063,8667023,4,2,2
6525615,8179293,5,12,-7
4681099,7368005,2,4,-2
4681099,7368005,5,9,-4
4681099,7368005,12,10,2
5378475,8298570,10,3,7
5522680,6293734,1,1,0
5522680,6293734,4,3,1
6123925,7087249,3,2,1
6123925,7087249,12,5,7
4925384,7137807,2,12,-10
4925384,7137807,10,5,5
4706671,6458139,2,7,-5
4706671,6458139,3,5,-2
4706671,6458139,4,1,3
4706671,6458139,6,13,-7
4270256,5273708,1,7,-6
4270256,5273708,4,6,-2
4270256,5273708,12,8,4
8520682,8730917,3,1,2
4101955,5653524,1,2,-1
6269195,7826683,2,3,-1
6269195,7826683,3,5,-2
6269195,7826683,5,10,-5
5121325,6600991,13,7,6
6990518,7707282,2,2,0
6990518,7707282,9,1,8
6669729,7998175,2,11,-9
6669729,7998175,3,8,-5
6669729,7998175,7,13,-6
6669729,7998175,8,1,7
5283870,6484272,1,12,-11
5283870,6484272,3,5,-2
4406535,4660958,1,1,0
4406535,4660958,11,3,8
5048755,8260465,3,1,2
5048755,8260465,10,8,2
5422214,6524762,1,3,-2
5422214,6524762,2,1,1
5422214,6524762,4,4,0
5422214,6524762,5,6,-1
5422214,6524762,7,9,-2
5422214,6524762,8,5,3
6266554,7167747,1,1,0
6266554,7167747,10,5,5
6423848,8633125,11,10,1
5155428,6492791,2,2,0
5155428,6492791,5,13,-8
5155428,6492791,6,9,-3
5155428,6492791,9,6,3
5403484,7163824,3,6,-3
5268324,6906360,1,1,0
5268324,6906360,3,2,1
7106703,7369512,3,10,-7
7106703,7369512,10,4,6
7106703,7369512,13,7,6
5290281,7753936,2,3,-1
5290281,7753936,4,8,-4
6508282,8590716,8,5,3
6882912,7190946,1,2,-1
6882912,7190946,6,3,3
4644838,5394780,1,2,-1
4644838,5394780,2,1,1
4644838,5394780,4,12,-8
4543852,5568853,1,3,-2
4543852,5568853,7,1,6
4543852,5568853,11,5,6
4543852,5568853,13,7,6
4496217,7787198,1,2,-1
4496217,7787198,4,12,-8
4641866,6626018,1,5,-4
4641866,6626018,7,3,4
5054678,5588577,11,11,0
5395362,6409718,1,2,-1
6092189,7257707,7,11,-4
5027328,6232677,1,7,-6
5027328,6232677,4,2,2
5027328,6232677,8,3,5
7431122,7900735,1,12,-11
7431122,7900735,4,5,-1
7431122,7900735,5,8,-3
7431122,7900735,8,6,2
7431122,7900735,11,13,-2
7431122,7900735,12,10,2
7431122,7900735,13,11,2
4911695,6475192,1,7,-6
4911695,6475192,3,1,2
4911695,6475192,6,6,0
5006550,6555690,4,2,2
5006550,6555690,8,4,4
5006550,6555690,11,7,4
5643826,8017951,2,2,0
5643826,8017951,5,4,1
4818327,6257001,1,5,-4
4818327,6257001,7,1,6
6199141,7673105,3,6,-3
6199141,7673105,8,2,6
7395436,8544110,1,9,-8
7395436,8544110,12,8,4
4433731,5298070,2,1,1
4433731,5298070,4,2,2
4433731,5298070,5,11,-6
4433731,5298070,8,12,-4
4433731,5298070,12,10,2
4627615,8137248,3,2,1
4627615,8137248,4,1,3
4627615,8137248,8,4,4
4627615,8137248,9,10,-1
5448373,7031232,2,1,1
5448373,7031232,4,4,0
6379017,8475010,1,2,-1
6379017,8475010,6,7,-1
6379017,8475010,11,12,-1
7328053,7499741,1,6,-5
7328053,7499741,3,5,-2
7328053,7499741,4,10,-6
7328053,7499741,5,8,-3
7328053,7499741,6,11,-5
7328053,7499741,9,7,2
7796276,8437535,7,9,-2
4248682,6127059,1,5,-4
4248682,6127059,3,7,-4
4248682,6127059,6,11,-5
4248682,6127059,11,13,-2
3945023,4345825,13,1,12
6324544,7505970,2,2,0
6596547,8513100,1,2,-1
6182142,7657946,1,3,-2
6182142,7657946,4,4,0
6182142,7657946,10,7,3
6297417,7727383,5,10,-5
6297417,7727383,10,8,2
7601261,8470172,12,12,0
5099852,6120456,1,13,-12
7295068,8653995,8,11,-3
7295068,8653995,13,12,1
4706121,6442332,3,1,2
4706121,6442332,13,6,7
5479543,6481856,5,1,4
5479543,6481856,8,2,6
4143269,5478242,5,5,0
7315418,7703928,10,3,7
4461966,5550412,2,13,-11
4461966,5550412,5,4,1
4461966,5550412,6,7,-1
6441943,7665861,2,1,1
6441943,7665861,6,2,4
6614781,7593414,1,1,0
6614781,7593414,6,2,4
6298718,8375714,1,2,-1
6298718,8375714,7,1,6
6298718,8375714,8,7,1
4025818,7592564,7,8,-1
4025818,7592564,12,3,9
4747789,6402555,2,5,-3
4747789,6402555,3,7,-4
4747789,6402555,6,12,-6
6128608,7788193,1,8,-7
6128608,7788193,2,4,-2
6128608,7788193,3,7,-4
6128608,7788193,4,12,-8
6128608,7788193,5,1,4
7335522,8203167,1,10,-9
7184516,8009892,1,1,0
7184516,8009892,3,3,0
7184516,8009892,5,7,-2
7184516,8009892,8,2,6
7184516,8009892,13,12,1
6083162,7043064,10,7,3
5223994,7079343,2,1,1
5223994,7079343,3,9,-6
5223994,7079343,6,5,1
5223994,7079343,9,13,-4
5223994,7079343,11,12,-1
5231975,8562547,1,2,-1
5231975,8562547,12,9,3
5231975,8562547,13,10,3
5166487,5424518,1,1,0
5166487,5424518,3,10,-7
5166487,5424518,13,6,7
4919820,7048878,2,3,-1
4919820,7048878,9,9,0
4218111,6612840,5,6,-1
4218111,6612840,8,3,5
6170047,8327105,4,3,1
6170047,8327105,6,1,5
5323108,7478281,2,1,1
4130104,5186158,1,1,0
4130104,5186158,8,7,1
7953176,8190207,7,4,3
5105599,6430870,1,5,-4
5625164,6126197,6,2,4
4342029,4782335,5,3,2
4342029,4782335,10,13,-3
6285999,7233950,3,4,-1
6285999,7233950,5,3,2
6285999,7233950,9,5,4
6285999,7233950,10,6,4
6285999,7233950,12,2,10
7457228,8537654,1,1,0
7457228,8537654,2,2,0
7457228,8537654,3,3,0
7457228,8537654,4,4,0
7457228,8537654,5,5,0
7457228,8537654,6,6,0
7457228,8537654,7,7,0
7457228,8537654,8,8,0
7457228,8537654,9,9,0
7457228,8537654,10,10,0
7457228,8537654,11,11,0
7457228,8537654,12,12,0
7457228,8537654,13,13,0
6138130,7640493,1,8,-7
5605348,6462649,3,7,-4
4440392,6506134,1,2,-1
5020323,6371713,2,12,-10
6311214,7945636,9,1,8
6197535,7678882,9,7,2
6996461,8380361,13,10,3
4764244,5374449,3,7,-4
4764244,5374449,4,1,3
6860564,7901007,1,2,-1
6860564,7901007,11,11,0
4286951,5482413,11,3,8
4286951,5482413,12,1,11
3978694,7637127,11,11,0
5379418,7673107,5,13,-8
4096000,4775430,3,10,-7
4096000,4775430,4,2,2
4096000,4775430,7,1,6
4096000,4775430,8,4,4
4411268,5328442,2,3,-1
4411268,5328442,4,8,-4
4411268,5328442,6,5,1
6373399,7752309,2,2,0
7502955,7809977,5,5,0
7502955,7809977,6,2,4
4598037,7303854,1,6,-5
4598037,7303854,2,7,-5
4598037,7303854,7,2,5
6921541,7747325,8,3,5
5553870,6474653,3,11,-8
5553870,6474653,7,1,6
5553870,6474653,9,6,3
5553870,6474653,10,9,1
5553870,6474653,13,12,1
4255084,8639399,6,3,3
4255084,8639399,8,4,4
4255084,8639399,11,1,10
4255084,8639399,12,5,7
5090417,6620116,3,2,1
5090417,6620116,13,3,10
7417877,8432142,4,10,-6
7417877,8432142,7,2,5
6243413,7113134,5,4,1
4948961,8267870,9,12,-3
4013076,8168848,5,3,2
5071573,7018977,3,7,-4
5071573,7018977,6,3,3
5071573,7018977,10,5,5
6535650,7386188,1,4,-3
6535650,7386188,6,8,-2
6394868,7753064,7,1,6
6198626,7817407,1,1,0
6198626,7817407,2,6,-4
6198626,7817407,3,9,-6
6198626,7817407,4,13,-9
6198626,7817407,10,11,-1
6855135,7838717,1,1,0
6855135,7838717,2,3,-1
6855135,7838717,3,5,-2
7043523,8587798,7,2,5
4244940,4522922,1,3,-2
4244940,4522922,7,2,5
4244940,4522922,8,7,1
5480214,7722125,1,12,-11
5480214,7722125,2,1,1
5480214,7722125,4,6,-2
5480214,7722125,6,5,1
5480214,7722125,7,7,0
6814290,8052057,12,12,0
5412384,8692695,8,6,2
5182122,6855289,3,2,1
5182122,6855289,5,1,4
5182122,6855289,8,4,4
5182122,6855289,11,5,6
6083244,8147492,9,5,4
6608676,7130036,13,7,6
4192525,6874796,5,8,-3
4192525,6874796,7,2,5
4192525,6874796,11,12,-1
6573992,7564551,1,1,0
6573992,7564551,7,9,-2
6573992,7564551,8,11,-3
6573992,7564551,9,2,7
5371390,8679908,3,7,-4
6337233,6939754,1,7,-6
6337233,6939754,9,12,-3
6337233,6939754,12,6,6
4572576,4678233,2,9,-7
4572576,4678233,3,3,0
5138870,7718057,3,12,-9
6077120,6371809,8,13,-5
4433418,4669088,2,6,-4
4433418,4669088,3,1,2
4433418,4669088,4,11,-7
4433418,4669088,5,12,-7
4433418,4669088,6,10,-4
4433418,4669088,8,8,0
4886843,7780449,3,9,-6
4886843,7780449,4,13,-9
5229881,7687149,1,9,-8
5229881,7687149,9,5,4
4747720,7988376,2,3,-1
4747720,7988376,4,10,-6
5478944,6921828,9,10,-1
5478944,6921828,12,3,9
6526298,8586373,4,2,2
6526298,8586373,7,12,-5
5623628,6460119,3,10,-7
5623628,6460119,5,3,2
5623628,6460119,13,5,8
5101447,5600117,8,1,7
3956231,4053454,2,5,-3
3956231,4053454,11,9,2
6027526,6602284,1,1,0
6027526,6602284,2,5,-3
6027526,6602284,3,8,-5
6027526,6602284,6,13,-7
6027526,6602284,11,7,4
6380780,6501315,1,1,0
6380780,6501315,2,2,0
5189283,7090013,1,5,-4
7151490,8326246,6,10,-4
5147819,6365507,10,2,8
4351023,5058056,2,2,0
7160299,7367976,2,6,-4
7160299,7367976,3,1,2
7160299,7367976,6,5,1
7160299,7367976,7,8,-1
7414573,8326282,4,11,-7
7414573,8326282,13,4,9
7026694,7776762,2,9,-7
7026694,7776762,3,12,-9
7026694,7776762,4,3,1
7026694,7776762,9,4,5
5419039,6533547,3,10,-7
5179524,7650206,6,13,-7
5179524,7650206,12,10,2
5092271,8142486,2,3,-1
4918395,5644424,1,8,-7
4918395,5644424,2,5,-3
4918395,5644424,3,1,2
4918395,5644424,4,6,-2
4918395,5644424,6,7,-1
4918395,5644424,9,12,-3
7253503,8729682,2,1,1
7253503,8729682,11,2,9
5215536,7824702,1,1,0
4823873,8261825,2,2,0
4543225,7211214,4,3,1
4543225,7211214,7,4,3
6101348,6493527,1,1,0
6101348,6493527,2,11,-9
6101348,6493527,4,9,-5
6101348,6493527,10,8,2
6550990,7354869,1,7,-6
6550990,7354869,2,2,0
6550990,7354869,3,5,-2
6550990,7354869,4,6,-2
6550990,7354869,6,4,2
6550990,7354869,7,8,-1
6550990,7354869,9,12,-3
4560374,4732152,6,11,-5
5319705,6885748,2,1,1
5319705,6885748,11,4,7
6308958,7093835,2,1,1
6308958,7093835,3,2,1
6308958,7093835,11,12,-1
6419676,7041136,10,1,9
4292471,4720863,1,2,-1
4292471,4720863,3,8,-5
4292471,4720863,4,1,3
4705026,4872193,2,9,-7
4705026,4872193,12,2,10
6232244,7371647,3,12,-9
6232244,7371647,9,5,4
6232244,7371647,13,1,12
5391886,8481964,1,9,-8
5391886,8481964,6,1,5
5391886,8481964,7,2,5
5391886,8481964,8,3,5
6594640,8615428,1,1,0
6594640,8615428,2,6,-4
6594640,8615428,4,7,-3
4724622,6487795,11,2,9
4724622,6487795,12,1,11
4291501,7730584,5,3,2
4750135,7752115,2,10,-8
4750135,7752115,3,4,-1
5258774,7008046,2,3,-1
5084270,5560918,4,4,0
5084270,5560918,5,2,3
5084270,5560918,6,3,3
5496399,6544290,8,7,1
5047710,5614818,1,12,-11
5047710,5614818,3,1,2
6602670,8404234,12,5,7
4259651,6559743,10,9,1
3942959,7084064,3,7,-4
4883367,5059039,2,5,-3
4883367,5059039,4,6,-2
4883367,5059039,6,9,-3
4883367,5059039,8,13,-5
4846836,7097665,1,10,-9
6917050,7873449,1,1,0
6917050,7873449,2,4,-2
6917050,7873449,5,13,-8
6917050,7873449,6,3,3
6917050,7873449,12,6,6
6316504,8263655,1,3,-2
6316504,8263655,2,6,-4
6316504,8263655,13,13,0
7834512,8390168,3,13,-10
7834512,8390168,4,5,-1
6168862,6461696,1,7,-6
6168862,6461696,4,4,0
6168862,6461696,8,2,6
6168862,6461696,9,9,0
6168862,6461696,13,8,5
4671288,8262996,8,1,7
6362913,6963697,1,2,-1
6362913,6963697,5,1,4
6362913,6963697,9,4,5
7302280,8626248,2,1,1
7302280,8626248,4,4,0
7302280,8626248,7,8,-1
5111871,5259436,9,11,-2
4473824,7653724,9,4,5
6139406,7997958,2,1,1
6139406,7997958,3,5,-2
6139406,7997958,6,2,4
6139406,7997958,13,9,4
4383661,8443727,13,10,3
6121998,7127116,4,10,-6
6121998,7127116,9,5,4
5381413,8250148,1,5,-4
5381413,8250148,12,3,9
5480562,6358408,5,2,3
6450037,7400985,1,11,-10
6450037,7400985,2,1,1
6450037,7400985,3,4,-1
6450037,7400985,8,3,5
4893524,6487935,3,13,-10
4893524,6487935,5,3,2
4893524,6487935,6,2,4
4893524,6487935,10,11,-1
4893524,6487935,13,7,6
4887192,7391158,4,4,0
4887192,7391158,5,9,-4
4887192,7391158,6,2,4
6279226,6471116,2,5,-3
4280129,5652599,10,3,7
4280129,5652599,11,8,3
6171328,8252018,1,3,-2
6171328,8252018,3,13,-10
6171328,8252018,6,2,4
6171328,8252018,9,6,3
4265874,7598242,9,8,1
6320093,7396975,2,10,-8
6320093,7396975,8,1,7
6505160,8239595,2,6,-4
5059015,7898719,1,3,-2
6206200,8281934,2,1,1
6206200,8281934,6,2,4
6206200,8281934,12,4,8
4445892,4911163,1,2,-1
4445892,4911163,4,1,3
4905372,7103980,2,4,-2
4531527,7684999,9,5,4
7269008,7545640,1,13,-12
7269008,7545640,2,7,-5
5355175,6573946,1,12,-11
5355175,6573946,13,2,11
5617555,6457094,5,5,0
5617555,6457094,7,4,3
5617555,6457094,8,2,6
5617555,6457094,12,8,4
6333583,6983088,1,1,0
6333583,6983088,5,9,-4
6333583,6983088,9,2,7
4491840,4670845,2,1,1
4491840,4670845,6,13,-7
4491840,4670845,12,4,8
6300871,7120388,1,2,-1
6131028,7502615,2,3,-1
5597593,8602768,1,2,-1
5597593,8602768,3,3,0
5083448,7856856,1,4,-3
3989568,6180040,1,3,-2
3989568,6180040,2,4,-2
3989568,6180040,3,2,1
3989568,6180040,5,1,4
3989568,6180040,11,6,5
5343514,7424031,1,5,-4
5251125,8028275,5,6,-1
5251125,8028275,12,7,5
6599298,8267946,1,10,-9
6599298,8267946,2,1,1
6599298,8267946,4,4,0
6599298,8267946,5,8,-3
6599298,8267946,6,9,-3
6489209,7405117,2,13,-11
6489209,7405117,8,12,-4
4664188,8267177,1,2,-1
4664188,8267177,2,10,-8
6256391,8731196,5,8,-3
6256391,8731196,9,2,7
6216704,7662099,1,6,-5
6216704,7662099,12,13,-1
4847319,5591807,3,9,-6
4847319,5591807,4,3,1
4847319,5591807,5,1,4
4847319,5591807,10,4,6
5182789,5586211,1,1,0
5182789,5586211,12,3,9
4717717,5580856,4,5,-1
4717717,5580856,13,9,4
5245946,7992450,1,2,-1
5245946,7992450,3,4,-1
5245946,7992450,6,11,-5
5381007,7141784,2,8,-6
5381007,7141784,3,2,1
5381007,7141784,4,10,-6
5381007,7141784,8,5,3
5381007,7141784,11,1,10
4101060,4694980,1,2,-1
3968776,5323738,4,11,-7
3968776,5323738,11,5,6
3968776,5323738,13,9,4
4913212,7416013,1,2,-1
4913212,7416013,12,5,7
6171261,7335188,8,13,-5
6248458,7141818,1,11,-10
6248458,7141818,7,3,4
4606453,5593024,2,1,1
6891953,7441116,9,11,-2
6891953,7441116,10,1,9
6529608,6937980,2,4,-2
6529608,6937980,6,2,4
6529608,6937980,7,9,-2
6529608,6937980,11,3,8
6529608,6937980,13,6,7
4540011,7174919,7,2,5
5329589,6560327,3,5,-2
4347616,5640422,12,13,-1
4081464,7659427,3,12,-9
4081464,7659427,4,2,2
4081464,7659427,10,8,2
6064591,8750042,5,13,-8
5524034,7449993,2,4,-2
5520410,6076849,12,8,4
7447501,8045975,2,1,1
7447501,8045975,3,13,-10
7447501,8045975,6,2,4
7447501,8045975,8,5,3
7447501,8045975,13,3,10
6284060,8328955,1,1,0
6284060,8328955,2,3,-1
6284060,8328955,3,4,-1
6284060,8328955,12,5,7
4671701,5190405,2,1,1
4671701,5190405,4,8,-4
6281489,8020616,1,1,0
6281489,8020616,2,2,0
6281489,8020616,3,5,-2
4087158,5633963,1,3,-2
4087158,5633963,4,7,-3
4040165,4769391,10,11,-1
6392930,8441056,2,2,0
6029175,8275829,1,13,-12
6029175,8275829,8,1,7
5297541,8167177,1,3,-2
5010399,8270430,2,11,-9
5010399,8270430,4,7,-3
6155699,7686478,2,2,0
6155699,7686478,10,4,6
5502045,7601380,3,5,-2
5502045,7601380,6,4,2
6079151,6526692,3,1,2
6079151,6526692,10,4,6
6375924,6506510,7,5,2
6375924,6506510,13,10,3
6215888,7120564,4,7,-3
6215888,7120564,9,3,6
4117996,7475854,8,1,7
4117996,7475854,10,11,-1
7168444,7775501,1,1,0
4286986,4404041,5,12,-7
4286986,4404041,9,7,2
4463520,6551169,4,4,0
4463520,6551169,5,1,4
4463520,6551169,6,3,3
4463520,6551169,8,7,1
4463520,6551169,10,10,0
4463520,6551169,11,8,3
7433853,8409103,4,4,0
4530202,6846305,4,2,2
6157960,6983285,1,9,-8
6157960,6983285,5,8,-3
6997981,8257784,7,6,1
6653983,7106262,2,2,0
6653983,7106262,3,3,0
4196310,7856650,5,4,1
7923191,8669035,1,1,0
7923191,8669035,4,8,-4
7923191,8669035,7,12,-5
7923191,8669035,8,6,2
7923191,8669035,13,4,9
7034567,7906986,8,8,0
7034567,7906986,11,1,10
7034567,7906986,13,4,9
4843190,8677617,5,3,2
4843190,8677617,6,2,4
4843190,8677617,9,8,1
6606704,8407525,1,11,-10
6606704,8407525,7,5,2
7125424,8343224,1,2,-1
7125424,8343224,2,1,1
7222921,8262117,8,3,5
7222921,8262117,10,4,6
4757450,6298298,1,12,-11
4757450,6298298,2,3,-1
4757450,6298298,4,5,-1
4757450,6298298,6,11,-5
4757450,6298298,13,4,9
5029623,5546998,4,1,3
5029623,5546998,7,2,5
5029623,5546998,8,5,3
6496034,7915669,3,8,-5
6496034,7915669,6,1,5
6496034,7915669,10,13,-3
6496034,7915669,12,4,8
6356001,6882080,1,6,-5
6356001,6882080,5,5,0
6356001,6882080,8,9,-1
6356001,6882080,11,1,10
6356001,6882080,12,7,5
6909239,8466626,13,6,7
6149157,7758411,1,1,0
6149157,7758411,2,8,-6
6149157,7758411,4,2,2
6149157,7758411,6,11,-5
6149157,7758411,7,6,1
6422977,8696524,1,3,-2
6229913,8416187,1,6,-5
4746406,7883605,9,8,1
4746406,7883605,11,2,9
6120378,8647194,2,10,-8
6120378,8647194,3,5,-2
5394559,6456851,10,9,1
4115897,7350836,1,2,-1
4797058,5303946,3,1,2
4797058,5303946,6,2,4
4797058,5303946,7,3,4
6375203,7195272,1,2,-1
6375203,7195272,2,1,1
5049360,6072093,2,3,-1
5049360,6072093,4,4,0
5049360,6072093,6,2,4
7445597,7998068,1,9,-8
7445597,7998068,2,3,-1
7445597,7998068,3,2,1
7445597,7998068,7,12,-5
7445597,7998068,12,1,11
4920954,7914509,1,1,0
4920954,7914509,8,8,0
4920954,7914509,13,5,8
5507813,7959683,1,3,-2
5507813,7959683,2,1,1
5568489,7305079,10,4,6
4671532,7090233,3,6,-3
4671532,7090233,5,5,0
4671532,7090233,9,4,5
6148034,7010560,2,1,1
6148034,7010560,5,11,-6
5565783,6459998,10,1,9
4798404,6488318,8,8,0
4945761,8142452,12,2,10
4014844,6458458,3,3,0
4014844,6458458,5,5,0
7126482,8350760,7,4,3
4779582,4984541,1,4,-3
4779582,4984541,3,2,1
4779582,4984541,4,1,3
4779582,4984541,7,6,1
5177325,6522229,4,1,3
5177325,6522229,7,11,-4
4863252,6548796,1,4,-3
4863252,6548796,4,9,-5
4863252,6548796,7,11,-4
4863252,6548796,8,2,6
6307247,7862731,8,10,-2
6425768,6926537,6,6,0
6425768,6926537,10,5,5
4137926,5125422,1,7,-6
4137926,5125422,4,9,-5
4404266,6280876,3,2,1
4404266,6280876,6,13,-7
7479081,8523734,1,13,-12
7479081,8523734,6,9,-3
7479081,8523734,7,12,-5
5627448,8376768,4,1,3
5627448,8376768,8,4,4
5120317,7226432,1,1,0
5120317,7226432,11,2,9
5223368,7144671,1,1,0
5223368,7144671,4,2,2
5223368,7144671,9,7,2
5384671,6144513,1,1,0
5384671,6144513,3,3,0
6947806,7849366,2,3,-1
4364837,5078990,1,1,0
5249951,6439876,1,1,0
5249951,6439876,3,6,-3
5249951,6439876,8,4,4
7411209,8628987,8,5,3
6401450,7067319,6,4,2
5221758,5527384,10,10,0
5221758,5527384,13,2,11
5618359,6562156,7,4,3
5618359,6562156,12,6,6
6378774,7227449,6,2,4
6378774,7227449,8,1,7
4275382,5053978,9,4,5
4571618,6097759,3,11,-8
4571618,6097759,9,2,7
5122135,8262646,7,5,2
4706749,7717174,5,7,-2
6631106,7907363,2,8,-6
6631106,7907363,5,6,-1
6631106,7907363,13,3,10
4925055,5226551,3,3,0
5214582,6601005,5,5,0
5214582,6601005,7,2,5
3941171,6948522,7,5,2
4259581,6072856,7,13,-6
6401391,7363748,1,1,0
7331340,8731830,8,13,-5
7331340,8731830,9,3,6
5306283,7717926,1,2,-1
5306283,7717926,5,6,-1
5306283,7717926,8,3,5
4976912,6474535,2,1,1
4896478,6339678,1,3,-2
4896478,6339678,4,2,2
4896478,6339678,10,6,4
4787386,6648900,1,4,-3
4598553,5361586,2,8,-6
4598553,5361586,3,11,-8
4598553,5361586,4,3,1
4598553,5361586,8,7,1
4598553,5361586,9,5,4
6130452,6984858,2,7,-5
6130452,6984858,5,9,-4
4690325,7748750,1,4,-3
4690325,7748750,10,12,-2
7092369,7783701,1,12,-11
7092369,7783701,3,6,-3
7092369,7783701,8,8,0
7349148,8389381,1,8,-7
7349148,8389381,5,1,4
7349148,8389381,10,4,6
5525590,7358229,2,1,1
5525590,7358229,11,4,7
5134347,7135889,7,2,5
5134347,7135889,13,7,6
6129218,7641057,4,9,-5
6129218,7641057,10,6,4
5167725,6468286,1,3,-2
5167725,6468286,2,12,-10
5167725,6468286,3,2,1
6428882,7709595,1,9,-8
4315512,7892469,1,1,0
4315512,7892469,2,3,-1
4665820,7696713,7,1,6
6483894,8213570,3,8,-5
6483894,8213570,8,1,7
5275646,6727295,1,2,-1
7211677,8394950,2,7,-5
5272638,5657231,2,4,-2
5272638,5657231,9,11,-2
4048065,4495336,6,11,-5
4048065,4495336,8,5,3
4048065,4495336,11,7,4
6845724,7980187,7,9,-2
5132418,7070927,1,11,-10
4716555,5460223,8,8,0
4716555,5460223,11,5,6
5490754,7658587,1,2,-1
5490754,7658587,6,4,2
5490754,7658587,7,11,-4
5490754,7658587,8,5,3
5490754,7658587,9,3,6
5490754,7658587,12,10,2
5167869,7384447,4,2,2
6217636,7574928,11,7,4
5371734,6310981,9,9,0
4209126,8650839,5,1,4
5481735,6226686,11,9,2
6570850,7054335,8,8,0
4251858,4816988,8,8,0
4318476,8256617,2,11,-9
4318476,8256617,3,1,2
4318476,8256617,4,12,-8
4318476,8256617,6,8,-2
4318476,8256617,10,3,7
5026621,6287740,2,4,-2
5026621,6287740,4,1,3
5034385,5276149,1,1,0
5034385,5276149,3,3,0
5034385,5276149,4,6,-2
5034385,5276149,6,4,2
5034385,5276149,7,5,2
5034385,5276149,8,7,1
5034385,5276149,10,8,2
5034385,5276149,11,9,2
7339657,7715008,9,11,-2
6238412,7678131,7,1,6
6238412,7678131,12,5,7
4228510,4791595,4,2,2
4228510,4791595,11,3,8
4208589,5616915,1,5,-4
4208589,5616915,3,7,-4
4634314,7721611,1,1,0
5177781,5583933,9,3,6
4779390,5133912,5,9,-4
4680785,6070054,1,1,0
4680785,6070054,3,3,0
4680785,6070054,4,9,-5
4755884,6532199,13,11,2
6444102,7680377,11,8,3
5453095,8403890,2,2,0
5453095,8403890,4,4,0
4842529,5344342,1,1,0
4842529,5344342,3,4,-1
7382804,8463290,2,7,-5
7382804,8463290,6,8,-2
7382804,8463290,9,13,-4
7382804,8463290,12,11,1
5023350,5585191,5,1,4
5076599,5344171,2,9,-7
5076599,5344171,5,13,-8
5076599,5344171,6,1,5
5076599,5344171,9,6,3
7106624,8363457,1,5,-4
7106624,8363457,5,6,-1
5343391,6963792,9,12,-3
6286749,6513696,3,1,2
6286749,6513696,4,3,1
6286749,6513696,7,8,-1
6286749,6513696,10,4,6
6645067,7446254,3,10,-7
6645067,7446254,4,12,-8
6645067,7446254,7,1,6
4907493,8356544,8,11,-3
6031841,6892229,13,12,1
5195878,6561774,2,2,0
5525126,8124801,1,2,-1
5525126,8124801,4,5,-1
5525126,8124801,9,12,-3
4568403,8353002,2,1,1
5078874,8252185,1,1,0
5078874,8252185,2,13,-11
5078874,8252185,6,3,3
6970952,7373382,3,12,-9
6970952,7373382,5,10,-5
6970952,7373382,8,4,4
4700699,5281186,4,1,3
5429365,8647216,1,1,0
5429365,8647216,2,2,0
5429365,8647216,5,3,2
5429365,8647216,7,11,-4
6120780,7186774,5,3,2
6120780,7186774,13,7,6
6151311,6925311,1,12,-11
6151311,6925311,3,11,-8
6151311,6925311,8,2,6
5621812,7766244,2,1,1
6263763,8496238,7,3,4
6352009,8157207,9,10,-1
4907584,8646450,1,4,-3
4907584,8646450,6,5,1
5097962,7681744,4,6,-2
6169305,8349679,1,1,0
6169305,8349679,2,2,0
6169305,8349679,6,12,-6
6169305,8349679,7,13,-6
6169305,8349679,8,10,-2
4137152,4287048,3,6,-3
4137152,4287048,5,1,4
4137152,4287048,9,3,6
4145842,8646207,1,3,-2
4145842,8646207,3,7,-4
4145842,8646207,7,2,5
6629170,6857029,4,7,-3
6629170,6857029,5,1,4
6629170,6857029,12,10,2
7164354,7495571,7,6,1
7164354,7495571,9,2,7
6197615,7368320,1,4,-3
6197615,7368320,4,1,3
6197615,7368320,8,2,6
5351259,7040780,1,1,0
5351259,7040780,8,3,5
6226202,7350714,2,1,1
6226202,7350714,3,13,-10
4835095,5302499,1,2,-1
4835095,5302499,4,9,-5
4835095,5302499,5,4,1
4835095,5302499,8,3,5
4835095,5302499,11,1,10
6959007,7978614,1,9,-8
6959007,7978614,3,4,-1
6959007,7978614,4,2,2
6130712,7298403,1,1,0
6130712,7298403,4,3,1
6130712,7298403,11,4,7
4270137,4691223,4,7,-3
4270137,4691223,9,2,7
6466141,7726610,11,10,1
5021416,8283350,6,9,-3
5582986,6723706,11,7,4
5582986,6723706,13,11,2
6990357,7881692,5,8,-3
5592375,7890652,6,6,0
5592375,7890652,8,5,3
3967350,6533335,1,2,-1
3967350,6533335,6,9,-3
3967350,6533335,9,6,3
3967350,6533335,11,7,4
3967350,6533335,12,8,4
6199484,8250978,3,1,2
6199484,8250978,5,5,0
6199484,8250978,11,11,0
4368461,5566350,7,7,0
4368461,5566350,12,10,2
4368461,5566350,13,4,9
6090590,7192700,2,2,0
7804685,8523643,10,7,3
7804685,8523643,13,12,1
4875525,7541318,1,1,0
4942454,8648450,2,2,0
4942454,8648450,3,4,-1
4942454,8648450,4,3,1
4942454,8648450,13,9,4
6537292,7273469,2,3,-1
6075192,7115805,8,12,-4
4192553,4440445,1,1,0
4192553,4440445,5,7,-2
4192553,4440445,6,6,0
4192553,4440445,7,4,3
4192553,4440445,8,8,0
4192553,4440445,9,2,7
4192553,4440445,13,12,1
6570269,7126068,1,13,-12
6570269,7126068,12,3,9
5620689,6479034,1,3,-2
7003560,8571914,13,1,12
4024674,4884927,7,13,-6
4024674,4884927,13,2,11
4090927,6432292,7,8,-1
4090927,6432292,11,5,6
6504713,8552989,3,1,2
6504713,8552989,4,3,1
4054133,7089938,4,7,-3
6892004,7212709,2,1,1
6892004,7212709,3,2,1
6948271,7318261,1,9,-8
6948271,7318261,3,4,-1
6948271,7318261,9,1,8
7296160,8266711,1,9,-8
6290773,6652649,1,1,0
6290773,6652649,3,13,-10
6290773,6652649,9,4,5
6168358,8418740,1,13,-12
6168358,8418740,3,2,1
6507136,6909206,1,1,0
6507136,6909206,5,4,1
6507136,6909206,7,10,-3
6507136,6909206,13,2,11
6329570,8207418,1,2,-1
6329570,8207418,3,12,-9
6537115,7645175,1,4,-3
6537115,7645175,2,1,1
6537115,7645175,3,10,-7
6537115,7645175,6,11,-5
4279694,4718980,1,3,-2
4279694,4718980,2,1,1
4279694,4718980,9,2,7
4320034,8414962,1,10,-9
4320034,8414962,3,2,1
6532088,8064462,1,2,-1
4677909,8690512,8,4,4
4677909,8690512,9,1,8
4677909,8690512,10,6,4
4153652,4292258,1,3,-2
4153652,4292258,2,4,-2
4153652,4292258,3,1,2
4153652,4292258,4,7,-3
4153652,4292258,5,2,3
5564708,8202179,7,4,3
6307363,7443186,1,10,-9
6307363,7443186,8,2,6
6307363,7443186,11,7,4
5144730,7829173,1,4,-3
5144730,7829173,12,8,4
6600003,7386267,5,7,-2
6600003,7386267,10,2,8
5541554,8536950,1,2,-1
5541554,8536950,8,3,5
5541554,8536950,12,10,2
4520268,4634600,2,5,-3
4520268,4634600,4,1,3
4224242,5106873,9,11,-2
4123814,5385521,2,8,-6
4123814,5385521,5,10,-5
4123814,5385521,6,12,-6
4123814,5385521,8,7,1
6555661,7375188,1,2,-1
6555661,7375188,7,13,-6
5395020,6536822,9,9,0
5395020,6536822,12,6,6
6282738,7536734,3,10,-7
6282738,7536734,8,3,5
4320606,7828544,1,1,0
4320606,7828544,4,7,-3
4320606,7828544,5,10,-5
4320606,7828544,8,2,6
7119453,7816830,9,1,8
5559466,6555935,8,2,6
6378011,7574544,9,11,-2
6378011,7574544,10,13,-3
6378011,7574544,11,7,4
6071279,7963963,12,12,0
7930540,8271794,2,2,0
7930540,8271794,3,1,2
6504341,7321219,1,1,0
6504341,7321219,2,2,0
6504341,7321219,3,3,0
6079725,7959135,3,2,1
6079725,7959135,4,4,0
6079725,7959135,6,5,1
5403977,6160222,4,10,-6
5403977,6160222,5,1,4
5403977,6160222,8,4,4
7354909,7959934,1,1,0
7354909,7959934,2,2,0
7354909,7959934,3,3,0
7354909,7959934,4,5,-1
7354909,7959934,5,6,-1
7354909,7959934,6,7,-1
7354909,7959934,7,8,-1
7354909,7959934,8,9,-1
7354909,7959934,9,10,-1
7354909,7959934,10,11,-1
7354909,7959934,11,12,-1
7354909,7959934,12,13,-1
7843150,8159140,3,2,1
7843150,8159140,6,4,2
4336734,5085119,1,1,0
4336734,5085119,3,4,-1
4336734,5085119,5,9,-4
4336734,5085119,9,2,7
4336734,5085119,12,8,4
4294792,7331666,13,5,8
5629739,7756290,5,7,-2
6251122,7879065,2,4,-2
5013811,5110666,11,2,9
5365271,7251276,2,4,-2
5365271,7251276,5,6,-1
5039489,6087180,1,1,0
5039489,6087180,2,2,0
5039489,6087180,3,7,-4
5039489,6087180,9,11,-2
7217950,7781786,5,1,4
7217950,7781786,9,2,7
4870610,6396515,1,1,0
4870610,6396515,7,6,1
4214587,7144405,1,8,-7
6335927,8549159,3,13,-10
6856150,7148711,1,5,-4
6856150,7148711,3,3,0
6856150,7148711,11,7,4
6941143,8272036,3,13,-10
6153043,7384534,1,12,-11
6153043,7384534,9,13,-4
5399455,8460845,1,3,-2
5391520,6153933,1,1,0
5391520,6153933,12,2,10
4345416,4558559,4,5,-1
4596918,4853515,2,11,-9
4596918,4853515,4,1,3
4596918,4853515,7,13,-6
4497024,4694398,4,12,-8
4497024,4694398,7,3,4
4151573,4876623,3,3,0
4151573,4876623,6,1,5
4151573,4876623,11,2,9
6350129,7494216,4,4,0
6350129,7494216,5,7,-2
4538250,7206258,10,3,7
6218934,8294975,2,5,-3
6218934,8294975,3,1,2
6218934,8294975,5,11,-6
6218934,8294975,10,7,3
6218934,8294975,13,12,1
5450208,7271816,1,2,-1
5450208,7271816,3,8,-5
5450208,7271816,5,7,-2
5032137,6660046,4,1,3
5032137,6660046,7,4,3
5032137,6660046,10,6,4
5646997,7587601,1,8,-7
5646997,7587601,2,6,-4
6891865,8111729,4,13,-9
6891865,8111729,5,7,-2
6891865,8111729,6,6,0
4570162,4706082,12,10,2
7192346,8162742,2,5,-3
7192346,8162742,3,2,1
7192346,8162742,4,4,0
7192346,8162742,5,3,2
6070150,7107225,5,2,3
6070150,7107225,12,4,8
5319781,6347366,2,2,0
4356257,4451560,1,2,-1
4356257,4451560,2,1,1
4356257,4451560,3,5,-2
4356257,4451560,4,6,-2
4356257,4451560,7,7,0
4356257,4451560,11,12,-1
7164564,7498909,1,4,-3
7164564,7498909,3,10,-7
4911405,5195876,1,3,-2
4911405,5195876,7,13,-6
4911405,5195876,10,4,6
6471693,8435230,3,10,-7
5239211,6538488,3,2,1
5239211,6538488,4,8,-4
5239211,6538488,8,7,1
4691842,6443335,12,4,8
6251730,8703563,5,8,-3
6251730,8703563,7,1,6
6251730,8703563,11,4,7
4453523,6314947,3,1,2
4453523,6314947,5,7,-2
4453523,6314947,8,13,-5
5219694,6849369,1,1,0
5219694,6849369,2,2,0
5219694,6849369,4,12,-8
5219694,6849369,5,3,2
5219694,6849369,13,13,0
4732152,5344426,3,2,1
4732152,5344426,9,9,0
6538162,7560607,1,3,-2
6312388,8306619,11,3,8
6312388,8306619,12,10,2
4637434,6120260,5,1,4
4637434,6120260,6,7,-1
4637434,6120260,7,12,-5
5002965,5370989,6,4,2
5002965,5370989,9,7,2
5002965,5370989,13,9,4
4045813,7997489,5,2,3
7236332,7649677,1,4,-3
7236332,7649677,4,6,-2
7236332,7649677,6,13,-7
7236332,7649677,12,1,11
5398907,8337113,3,2,1
5398907,8337113,5,9,-4
5398907,8337113,11,13,-2
4128817,4959624,6,10,-4
4128817,4959624,9,8,1
4128817,4959624,10,5,5
6625784,8286123,13,5,8
6880856,7393045,3,6,-3
6880856,7393045,5,8,-3
6601173,7380280,3,10,-7
6601173,7380280,5,9,-4
4519386,8739600,1,5,-4
4519386,8739600,11,8,3
7088713,8274971,1,1,0
7088713,8274971,2,2,0
7088713,8274971,3,3,0
7088713,8274971,4,4,0
7088713,8274971,5,5,0
7088713,8274971,6,6,0
7088713,8274971,7,7,0
7088713,8274971,8,8,0
7088713,8274971,9,9,0
7088713,8274971,10,10,0
7088713,8274971,11,11,0
7088713,8274971,12,12,0
7088713,8274971,13,13,0
4286849,4990944,2,1,1
4286849,4990944,4,7,-3
4286849,4990944,9,4,5
6183154,8167510,1,4,-3
6183154,8167510,9,10,-1
6183154,8167510,10,3,7
6183154,8167510,12,13,-1
6612892,7927165,7,7,0
4373325,8096132,1,2,-1
4373325,8096132,5,9,-4
4674941,5348437,1,2,-1
4674941,5348437,9,12,-3
4674941,5348437,13,3,10
6355772,8518311,3,9,-6
4908148,7196044,5,4,1
4908148,7196044,7,7,0
4908148,7196044,8,3,5
4908148,7196044,11,6,5
5411906,6503806,1,2,-1
5411906,6503806,10,13,-3
5423824,7399306,1,2,-1
5423824,7399306,2,13,-11
6523964,7949152,3,1,2
6523964,7949152,5,10,-5
6609871,7850047,6,7,-1
6609871,7850047,7,9,-2
5110186,6499801,1,5,-4
5110186,6499801,3,3,0
5110186,6499801,4,9,-5
6606962,7418924,1,3,-2
6606962,7418924,4,1,3
6606962,7418924,8,2,6
6606962,7418924,9,9,0
6530870,7967509,4,12,-8
6530870,7967509,9,9,0
4713742,7282896,1,4,-3
4713742,7282896,4,5,-1
4713742,7282896,5,9,-4
7120386,8336787,4,3,1
4080534,4930864,1,5,-4
5224951,8752748,4,2,2
4097128,6963382,1,1,0
4097128,6963382,2,8,-6
4097128,6963382,3,2,1
4097128,6963382,6,5,1
4097128,6963382,13,10,3
6500184,7615076,12,11,1
6125087,6345024,3,2,1
6125087,6345024,5,1,4
6201134,6469051,1,1,0
6201134,6469051,2,2,0
6201134,6469051,3,3,0
6201134,6469051,4,4,0
6201134,6469051,5,5,0
6201134,6469051,6,6,0
6201134,6469051,7,7,0
6201134,6469051,8,8,0
6201134,6469051,9,9,0
4488161,5061948,1,2,-1
4488161,5061948,2,7,-5
4359335,8277959,5,1,4
6554809,6958056,4,2,2
4868619,5273923,1,8,-7
4868619,5273923,2,4,-2
4868619,5273923,5,9,-4
7269323,7305168,1,2,-1
7269323,7305168,2,5,-3
7269323,7305168,6,13,-7
7269323,7305168,8,7,1
7269323,7305168,9,4,5
7752200,8600972,2,1,1
7752200,8600972,5,2,3
7752200,8600972,7,3,4
7752200,8600972,8,4,4
4983474,5149383,2,1,1
4983474,5149383,6,2,4
4983474,5149383,11,7,4
6259153,7579684,4,6,-2
6259153,7579684,7,3,4
7103903,7886319,2,10,-8
5261604,6857600,6,12,-6
5261604,6857600,7,5,2
5261604,6857600,9,2,7
5261604,6857600,11,1,10
6234964,7647234,1,4,-3
6234964,7647234,3,9,-6
6234964,7647234,9,10,-1
5504407,6285437,3,1,2
5504407,6285437,11,2,9
4758483,7988746,1,8,-7
4758483,7988746,3,7,-4
4758483,7988746,12,6,6
4414776,4786550,1,2,-1
5520850,8580430,5,8,-3
5282511,7387173,4,4,0
5282511,7387173,6,7,-1
6473751,8195631,7,4,3
4600215,4827416,1,1,0
4600215,4827416,2,2,0
6452588,8259074,2,2,0
6452588,8259074,5,4,1
6227004,7178357,1,6,-5
6227004,7178357,8,3,5
6227004,7178357,13,2,11
6282709,7725834,8,9,-1
5153157,7670523,2,2,0
5559474,6483358,6,2,4
5476495,6101409,1,6,-5
5125882,7841971,1,1,0
5125882,7841971,4,4,0
5125882,7841971,7,7,0
7123935,7403221,1,4,-3
7123935,7403221,2,2,0
7123935,7403221,3,6,-3
7123935,7403221,4,5,-1
7123935,7403221,6,10,-4
7123935,7403221,7,3,4
5629459,6169202,8,2,6
8022756,8681853,1,1,0
8022756,8681853,3,9,-6
8022756,8681853,4,5,-1
6519754,6629294,9,8,1
5207852,8015620,1,1,0
5207852,8015620,4,3,1
6571221,8266269,1,1,0
6571221,8266269,4,5,-1
6224216,7168810,7,8,-1
6224216,7168810,9,12,-3
6224216,7168810,12,4,8
5202875,6614741,2,12,-10
5202875,6614741,6,13,-7
5202875,6614741,9,2,7
4379099,5342558,2,13,-11
4379099,5342558,3,1,2
4379099,5342558,6,4,2
4379099,5342558,8,6,2
4379099,5342558,11,10,1
6319026,7625235,2,2,0
6319026,7625235,7,12,-5
5074520,5342024,3,1,2
5074520,5342024,8,8,0
3936507,5300699,6,1,5
3936507,5300699,13,9,4
6195602,7949330,1,3,-2
5543585,6138348,3,8,-5
5543585,6138348,5,1,4
5543585,6138348,12,5,7
6198271,7116091,1,2,-1
6198271,7116091,2,1,1
6198271,7116091,13,13,0
7340076,8175329,1,1,0
6357523,7073595,1,5,-4
6357523,7073595,2,3,-1
6357523,7073595,3,4,-1
6357523,7073595,12,8,4
6357523,7073595,13,1,12
6287940,7656532,5,5,0
6160778,7380162,1,3,-2
6160778,7380162,3,10,-7
6160778,7380162,4,4,0
6160778,7380162,6,1,5
6160778,7380162,9,6,3
6160778,7380162,12,9,3
4953160,8363797,4,6,-2
5590250,6144962,7,11,-4
6381602,8442331,1,5,-4
6842512,8416938,1,5,-4
6842512,8416938,4,8,-4
6842512,8416938,9,11,-2
5046111,7149340,3,4,-1
5250908,6661237,1,1,0
5250908,6661237,2,3,-1
5320824,7090635,13,2,11
4109655,8439872,2,1,1
4127424,4318938,1,10,-9
4127424,4318938,9,7,2
4127424,4318938,12,6,6
4000493,4272151,2,9,-7
6458134,7556629,2,2,0
4800495,8265724,3,5,-2
4198936,7068191,7,3,4
4256828,4954416,4,1,3
4256828,4954416,9,13,-4
4220849,5063580,5,9,-4
4220849,5063580,13,4,9
6333620,8127873,4,11,-7
5299601,6851514,1,8,-7
5299601,6851514,11,13,-2
6889430,7851907,3,2,1
6889430,7851907,5,1,4
6889430,7851907,9,8,1
6442515,7865251,8,6,2
4928265,5293347,4,5,-1
7033966,7576020,5,1,4
7033966,7576020,8,4,4
6509601,7052918,1,8,-7
6509601,7052918,2,1,1
6509601,7052918,9,4,5
4328126,4699895,1,2,-1
4328126,4699895,2,13,-11
4328126,4699895,3,5,-2
4328126,4699895,4,6,-2
4328126,4699895,7,3,4
4328126,4699895,8,10,-2
4328126,4699895,9,4,5
4543886,7497784,6,3,3
4543886,7497784,9,2,7
4644060,8444810,3,11,-8
4644060,8444810,5,2,3
6520431,7243381,1,1,0
6520431,7243381,9,7,2
5640995,6080957,3,2,1
4220394,7134795,2,8,-6
4220394,7134795,3,7,-4
5278584,6932460,8,7,1
6141283,7900018,2,5,-3
6141283,7900018,11,10,1
6975614,7941095,7,8,-1
5587827,6417948,4,2,2
5587827,6417948,8,6,2
4954951,6272588,1,5,-4
4954951,6272588,2,4,-2
6184687,8282767,1,1,0
6184687,8282767,9,13,-4
4096019,6860085,3,2,1
4085228,8642106,1,1,0
6266599,7305292,3,1,2
5330473,7678112,4,11,-7
5364003,8499993,1,1,0
5364003,8499993,2,8,-6
5364003,8499993,6,3,3
5364003,8499993,13,12,1
7713301,8114082,2,3,-1
7713301,8114082,3,6,-3
7713301,8114082,10,9,1
7713301,8114082,11,13,-2
6455043,7737325,6,2,4
6455043,7737325,10,1,9
4598357,6092145,1,7,-6
4598357,6092145,6,4,2
4598357,6092145,13,6,7
6349320,8224859,4,9,-5
6349320,8224859,11,8,3
5561407,7852170,12,1,11
4419033,6485213,3,8,-5
4419033,6485213,4,10,-6
5419327,8353832,1,11,-10
4986189,6976324,1,1,0
4407317,5277212,1,1,0
4407317,5277212,5,5,0
7836467,8522277,1,1,0
7836467,8522277,2,2,0
7836467,8522277,3,3,0
7836467,8522277,4,4,0
7836467,8522277,5,5,0
7836467,8522277,6,6,0
7836467,8522277,7,7,0
7836467,8522277,8,8,0
7836467,8522277,9,9,0
7836467,8522277,10,10,0
7836467,8522277,11,11,0
7836467,8522277,12,12,0
7836467,8522277,13,13,0
4321374,4696959,3,4,-1
4321374,4696959,11,7,4
4977946,6460605,1,1,0
4977946,6460605,3,6,-3
4817304,7401419,4,4,0
4817304,7401419,7,12,-5
4187536,4314327,5,2,3
5569936,7279435,5,5,0
6968842,7607437,5,13,-8
5566045,6563161,7,6,1
5566045,6563161,8,9,-1
4858856,5051920,12,7,5
4575027,7048234,1,9,-8
4575027,7048234,11,6,5
5196885,5272506,1,3,-2
5196885,5272506,4,2,2
5196885,5272506,5,4,1
5196885,5272506,8,1,7
6338515,6513688,3,1,2
6338515,6513688,5,13,-8
6338515,6513688,6,9,-3
6338515,6513688,8,6,2
6338515,6513688,10,10,0
6101175,7916699,2,2,0
6229927,6947874,10,3,7
6229927,6947874,13,1,12
7350804,8596673,1,8,-7
7350804,8596673,2,1,1
7350804,8596673,3,4,-1
7350804,8596673,6,5,1
7350804,8596673,7,2,5
7350804,8596673,12,12,0
6886153,8213704,5,3,2
6886153,8213704,6,5,1
6886153,8213704,11,13,-2
4677980,5279569,1,1,0
4677980,5279569,3,2,1
4677980,5279569,4,4,0
4677980,5279569,8,3,5
4964719,8042952,4,7,-3
4964719,8042952,5,11,-6
4964719,8042952,6,13,-7
4964719,8042952,7,1,6
4964719,8042952,8,5,3
4629104,7726529,1,3,-2
4629104,7726529,3,6,-3
4629104,7726529,12,12,0
5237874,7334341,2,12,-10
4528576,6540327,1,1,0
4528576,6540327,9,9,0
5525464,8486625,2,1,1
5525464,8486625,4,3,1
5525464,8486625,5,13,-8
5525464,8486625,6,5,1
5314472,6090128,2,10,-8
5314472,6090128,3,5,-2
5314472,6090128,9,12,-3
4352873,4529691,1,11,-10
4352873,4529691,2,6,-4
4352873,4529691,3,12,-9
4352873,4529691,10,2,8
4979206,7050560,1,6,-5
4979206,7050560,4,3,1
4979206,7050560,10,4,6
7004028,8664731,7,4,3
5259843,6852103,11,11,0
5259843,6852103,13,7,6
6622973,8256719,1,7,-6
4495946,7469700,3,7,-4
4012840,6528555,7,2,5
4012840,6528555,10,5,5
4107533,6495835,1,3,-2
4107533,6495835,8,9,-1
6240149,6862269,11,4,7
6240149,6862269,12,5,7
3974685,4161221,1,7,-6
3974685,4161221,2,4,-2
3974685,4161221,4,2,2
6363483,8706570,7,1,6
4226586,4315734,7,6,1
4198960,7101379,8,2,6
4804941,5175490,1,8,-7
4804941,5175490,5,2,3
7891348,8720424,1,1,0
5164372,6235746,13,9,4
6185097,8047780,3,3,0
4550245,5481088,3,8,-5
4550245,5481088,7,1,6
4707795,8756025,1,1,0
6289002,7620059,1,12,-11
4674613,5301781,1,2,-1
4674613,5301781,7,12,-5
4379028,8686200,1,1,0
4379028,8686200,2,9,-7
4379028,8686200,3,10,-7
4379028,8686200,4,2,2
4772260,5320599,5,1,4
4772260,5320599,6,13,-7
4772260,5320599,7,7,0
5059467,6064711,9,9,0
6226752,8266266,3,7,-4
6226752,8266266,5,12,-7
6507720,6898405,2,3,-1
6507720,6898405,5,2,3
6507720,6898405,10,8,2
5451093,6375599,2,3,-1
5451093,6375599,9,9,0
4789996,6549596,1,1,0
4789996,6549596,2,12,-10
4789996,6549596,9,9,0
7059564,7530527,4,12,-8
7059564,7530527,6,7,-1
6066322,8329660,5,3,2
6066322,8329660,12,9,3
6253058,6997772,1,6,-5
6253058,6997772,4,12,-8
4161136,5103866,1,1,0
4161136,5103866,5,4,1
4161136,5103866,10,6,4
5582619,8011370,4,9,-5
4909195,7191745,2,11,-9
5292097,7707946,1,8,-7
5292097,7707946,11,1,10
3963975,8587324,4,8,-4
4914814,6957760,2,2,0
5640386,8315199,1,2,-1
5640386,8315199,2,10,-8
5640386,8315199,7,13,-6
4665470,7114830,5,1,4
4197789,5098363,1,1,0
4197789,5098363,2,6,-4
4197789,5098363,3,4,-1
4311712,6093680,6,4,2
4311712,6093680,7,7,0
4311712,6093680,11,10,1
5499118,7416818,3,2,1
5499118,7416818,4,9,-5
4886094,7475709,4,2,2
4886094,7475709,7,1,6
4886094,7475709,8,9,-1
6506824,7276546,9,3,6
6506824,7276546,12,5,7
6358268,7481810,1,3,-2
6358268,7481810,3,1,2
6358268,7481810,11,6,5
6606510,7650177,2,8,-6
6606510,7650177,5,1,4
6881644,7749884,8,2,6
5216362,7119569,11,2,9
5151574,6536650,1,3,-2
5151574,6536650,6,2,4
5151574,6536650,7,7,0
4065279,7214044,4,2,2
5269101,6843024,2,10,-8
5269101,6843024,3,5,-2
5269101,6843024,5,4,1
5269101,6843024,7,8,-1
5269101,6843024,11,13,-2
6997299,7163481,1,5,-4
6189971,7717513,3,3,0
6189971,7717513,5,5,0
7212862,8116871,2,1,1
7212862,8116871,5,5,0
7565627,8032474,1,4,-3
7565627,8032474,2,1,1
6445245,7093041,3,6,-3
6445245,7093041,7,7,0
5452294,7349994,1,3,-2
7630196,7890207,9,10,-1
4219192,5269506,1,2,-1
4144449,5313508,5,1,4
4144449,5313508,13,5,8
4266026,8329459,5,3,2
4564269,4685774,1,1,0
4564269,4685774,4,12,-8
4564269,4685774,8,3,5
4774265,5395688,3,1,2
4774265,5395688,4,2,2
4774265,5395688,6,3,3
4952273,5433790,1,1,0
4952273,5433790,3,7,-4
3942154,4694332,2,1,1
7478828,7708307,1,7,-6
7478828,7708307,2,13,-11
7478828,7708307,5,1,4
4635472,8037743,1,7,-6
4635472,8037743,2,1,1
4635472,8037743,3,11,-8
4635472,8037743,5,4,1
4060568,4537757,5,3,2
4060568,4537757,6,2,4
6981597,7823734,1,13,-12
6421342,7385965,6,1,5
6644550,7159773,1,1,0
6644550,7159773,4,13,-9
6644550,7159773,9,3,6
6348942,6970578,1,10,-9
6348942,6970578,6,2,4
4662624,5161938,1,1,0
4662624,5161938,3,2,1
4151569,4639799,6,2,4
4068672,5388594,2,3,-1
4068672,5388594,7,2,5
5583411,6940242,2,1,1
5583411,6940242,10,3,7
5583411,6940242,11,4,7
5583411,6940242,12,10,2
6852020,8684794,1,1,0
6852020,8684794,2,2,0
6852020,8684794,3,4,-1
6852020,8684794,6,7,-1
5282829,8540129,9,5,4
5117422,8233471,2,3,-1
5558155,6324061,1,1,0
5558155,6324061,2,2,0
5558155,6324061,4,13,-9
4428827,7909986,1,1,0
4428827,7909986,7,5,2
6195122,7697748,1,7,-6
6195122,7697748,2,12,-10
4041348,5643034,1,10,-9
4041348,5643034,3,1,2
4041348,5643034,5,11,-6
4041348,5643034,9,3,6
4094475,5390873,4,4,0
4094475,5390873,7,13,-6
5068493,6075205,2,2,0
6311272,7137001,8,13,-5
7189912,8080722,6,13,-7
7189912,8080722,8,8,0
5586643,6880696,1,11,-10
5586643,6880696,2,1,1
5586643,6880696,3,3,0
5586643,6880696,4,4,0
5586643,6880696,10,6,4
5586643,6880696,11,2,9
4359398,4676923,5,3,2
4359398,4676923,6,2,4
4359398,4676923,7,7,0
4359398,4676923,12,8,4
6995237,8206726,11,5,6
6226742,7376826,3,1,2
6226742,7376826,12,4,8
6124815,6501405,1,1,0
6124815,6501405,2,4,-2
5103318,5280366,1,6,-5
5103318,5280366,2,2,0
5103318,5280366,6,8,-2
5103318,5280366,7,13,-6
5149598,7872446,1,1,0
5149598,7872446,9,2,7
4347686,6568128,9,13,-4
6081027,7477519,2,2,0
6081027,7477519,6,10,-4
4785724,5595104,1,3,-2
4785724,5595104,2,2,0
4785724,5595104,3,1,2
5236393,5635809,2,10,-8
5236393,5635809,3,12,-9
5269042,5499425,1,4,-3
5269042,5499425,2,3,-1
5269042,5499425,3,5,-2
5269042,5499425,5,7,-2
5269042,5499425,9,11,-2
4815003,5036473,6,4,2
4815003,5036473,7,3,4
6119205,7870343,1,2,-1
6508306,7150321,3,9,-6
4049894,4696983,2,3,-1
4049894,4696983,3,2,1
4049894,4696983,5,1,4
4049894,4696983,9,10,-1
4049894,4696983,11,6,5
4416374,6253948,1,9,-8
4416374,6253948,4,3,1
4973982,5077563,4,6,-2
4973982,5077563,5,3,2
5022025,5613069,1,5,-4
5022025,5613069,3,3,0
5022025,5613069,8,2,6
6149256,8052275,1,8,-7
6149256,8052275,2,3,-1
6149256,8052275,4,2,2
6149256,8052275,8,7,1
6487906,8226494,2,7,-5
6487906,8226494,8,10,-2
6164995,6969268,1,1,0
6164995,6969268,2,10,-8
6164995,6969268,5,4,1
6164995,6969268,6,2,4
4996562,7774795,1,2,-1
4996562,7774795,6,11,-5
6185266,7046737,5,11,-6
5029748,6179631,3,1,2
5029748,6179631,4,3,1
5029748,6179631,5,2,3
5029748,6179631,9,7,2
5029748,6179631,10,6,4
5029748,6179631,11,5,6
5196007,8668688,2,1,1
5505134,6523449,1,1,0
5505134,6523449,2,4,-2
4794384,7148875,2,13,-11
4794384,7148875,10,12,-2
6456050,7166993,1,13,-12
6456050,7166993,6,5,1
6456050,7166993,9,1,8
5444106,8158712,4,6,-2
5444106,8158712,6,8,-2
5444106,8158712,8,3,5
5444106,8158712,11,1,10
5246156,8672953,7,1,6
5180166,7140975,4,12,-8
5180166,7140975,5,5,0
4836917,5158691,1,1,0
4836917,5158691,6,8,-2
5104387,7427281,10,1,9
6358147,7722464,4,9,-5
6358147,7722464,5,2,3
6094483,7140044,1,8,-7
4784636,8083713,2,2,0
4784636,8083713,3,13,-10
5339624,7977420,3,5,-2
5263158,7266529,11,11,0
5270690,7142193,10,1,9
5270690,7142193,11,6,5
7385808,8576550,1,2,-1
7385808,8576550,4,12,-8
7385808,8576550,8,9,-1
6181008,6469376,10,7,3
5000145,7252054,4,3,1
5000145,7252054,6,1,5
5000145,7252054,8,13,-5
4954789,6215579,6,4,2
4487588,5096577,9,4,5
5064341,5407317,1,2,-1
5064341,5407317,2,1,1
5064341,5407317,3,3,0
5064341,5407317,4,4,0
5064341,5407317,5,5,0
5064341,5407317,6,7,-1
5064341,5407317,7,8,-1
5064341,5407317,8,6,2
5064341,5407317,9,9,0
5064341,5407317,10,10,0
5064341,5407317,11,11,0
5064341,5407317,13,12,1
4927837,5362739,5,2,3
6225055,7705222,2,8,-6
7065367,8055249,3,5,-2
7065367,8055249,4,6,-2
4610739,6092002,5,4,1
4610739,6092002,12,11,1
6376698,7169824,2,4,-2
6376698,7169824,7,8,-1
4357665,4747041,2,7,-5
5392025,6259352,2,1,1
4297607,4771205,1,6,-5
4297607,4771205,4,12,-8
4297607,4771205,5,5,0
4297607,4771205,10,1,9
4297607,4771205,12,4,8
4539369,5284468,7,6,1
6410412,8698220,2,2,0
6410412,8698220,5,1,4
5008758,5331165,7,7,0
4557195,5577442,4,1,3
4557195,5577442,12,6,6
4919542,6610968,9,3,6
5465818,7328782,2,6,-4
5465818,7328782,3,1,2
5465818,7328782,4,10,-6
5465818,7328782,5,8,-3
5465818,7328782,10,3,7
6366607,6850556,3,1,2
6366607,6850556,4,4,0
6366607,6850556,5,9,-4
6366607,6850556,11,8,3
4434048,6858132,2,4,-2
4434048,6858132,12,5,7
7590644,8266181,4,11,-7
6326090,7137289,12,4,8
5015891,6225832,10,5,5
5650555,7947483,5,2,3
5650555,7947483,12,3,9
6563874,8363727,1,3,-2
6563874,8363727,3,5,-2
6563874,8363727,6,7,-1
6563874,8363727,7,2,5
6563874,8363727,8,10,-2
6563874,8363727,9,1,8
6563874,8363727,13,8,5
7088930,7437103,1,1,0
7088930,7437103,5,12,-7
7088930,7437103,11,6,5
6421711,7124143,4,2,2
6421711,7124143,12,9,3
7129281,7449499,1,10,-9
7129281,7449499,2,1,1
7129281,7449499,8,3,5
5112178,6129634,1,2,-1
5112178,6129634,6,7,-1
5112178,6129634,13,9,4
4387730,4679576,1,2,-1
4387730,4679576,6,10,-4
4387730,4679576,7,13,-6
4387730,4679576,12,4,8
4257632,4435007,5,6,-1
5208870,7330588,1,6,-5
5208870,7330588,2,9,-7
4538151,5325094,6,2,4
4538151,5325094,7,7,0
4538151,5325094,8,13,-5
4829259,6307349,4,1,3
7871339,8197358,1,3,-2
7871339,8197358,2,5,-3
7871339,8197358,4,1,3
7871339,8197358,8,9,-1
6505087,6935946,3,12,-9
6505087,6935946,9,7,2
5012560,5193253,1,1,0
5012560,5193253,2,2,0
5012560,5193253,3,3,0
5012560,5193253,4,4,0
5012560,5193253,5,5,0
5012560,5193253,6,6,0
5012560,5193253,7,7,0
5012560,5193253,8,8,0
5012560,5193253,9,9,0
5012560,5193253,10,10,0
5012560,5193253,11,11,0
5012560,5193253,12,12,0
5012560,5193253,13,13,0
4716607,7086107,2,9,-7
4716607,7086107,11,2,9
4454874,5415622,3,1,2
4454874,5415622,11,6,5
5265252,6282586,1,9,-8
5265252,6282586,4,1,3
5265252,6282586,8,4,4
5308443,7952372,4,5,-1
4761273,7402180,6,11,-5
3984795,8497750,1,10,-9
3984795,8497750,8,4,4
3984795,8497750,12,5,7
5565333,7557202,1,1,0
5565333,7557202,3,7,-4
5565333,7557202,9,6,3
5565333,7557202,10,4,6
5565333,7557202,11,8,3
7218617,7933250,3,5,-2
7218617,7933250,4,4,0
7218617,7933250,6,3,3
7218617,7933250,7,6,1
4928212,6375864,1,2,-1
4928212,6375864,4,5,-1
5008180,6194132,1,2,-1
5008180,6194132,5,3,2
5008180,6194132,7,1,6
4669469,8038691,1,2,-1
4669469,8038691,4,1,3
5524888,8092303,3,1,2
6463475,7948874,1,1,0
6463475,7948874,3,5,-2
4135622,6315112,5,2,3
4724940,7621263,2,1,1
4840920,5225377,1,6,-5
4840920,5225377,2,9,-7
4840920,5225377,4,10,-6
4840920,5225377,7,7,0
6567079,8725064,5,4,1
6937513,7692973,4,5,-1
6937513,7692973,6,2,4
4802885,6203526,1,11,-10
4867268,6467568,2,1,1
4867268,6467568,9,3,6
6965709,8301002,2,3,-1
6965709,8301002,3,2,1
6965709,8301002,9,5,4
7009511,7978062,3,13,-10
7009511,7978062,4,8,-4
7009511,7978062,5,6,-1
7752314,8266127,5,4,1
5086499,7676624,2,1,1
5086499,7676624,12,12,0
5213412,5568968,2,2,0
5213412,5568968,3,8,-5
6481424,7891372,1,1,0
6481424,7891372,2,11,-9
6461356,7975703,7,4,3
3996938,7060082,1,11,-10
3996938,7060082,7,1,6
3935790,4198898,1,3,-2
3935790,4198898,11,1,10
5018255,8136463,4,11,-7
4490772,6088214,1,8,-7
4490772,6088214,4,2,2
4490772,6088214,5,1,4
6862466,8461985,4,4,0
4096423,5294874,5,3,2
4096423,5294874,12,4,8
4934168,5356256,1,1,0
4934168,5356256,11,3,8
5634361,6079245,3,5,-2
7348749,8508179,5,2,3
7053413,8354679,1,10,-9
7053413,8354679,4,13,-9
7053413,8354679,10,8,2
7053413,8354679,11,9,2
4597712,6640984,3,12,-9
5074454,7188758,1,1,0
5074454,7188758,5,7,-2
5074454,7188758,7,4,3
3976352,8597041,3,10,-7
3976352,8597041,6,11,-5
4729735,4941823,1,1,0
4729735,4941823,3,3,0
4729735,4941823,4,2,2
4729735,4941823,5,5,0
4729735,4941823,7,11,-4
4729735,4941823,8,8,0
4756566,7722097,1,6,-5
4756566,7722097,4,10,-6
4631227,6325247,11,8,3
6415187,7970480,7,1,6
7574579,8688907,2,3,-1
7574579,8688907,3,9,-6
7574579,8688907,9,2,7
6547017,7073598,1,10,-9
4946239,6498873,2,1,1
5025184,5283489,2,3,-1
5025184,5283489,4,1,3
6939407,7655270,1,2,-1
6939407,7655270,6,9,-3
6939407,7655270,7,11,-4
6939407,7655270,10,1,9
6939407,7655270,12,8,4
5491369,6574853,1,1,0
5491369,6574853,2,4,-2
5491369,6574853,3,2,1
5491369,6574853,4,6,-2
5061278,5258022,5,11,-6
7952757,8331661,5,11,-6
7952757,8331661,8,2,6
5180573,6514543,6,4,2
5180573,6514543,7,11,-4
6356263,7142211,6,9,-3
5361319,6490064,6,1,5
5361319,6490064,12,8,4
5218562,7085335,11,3,8
4663053,5288410,3,2,1
5549559,7101386,11,8,3
5041078,7112671,1,6,-5
5041078,7112671,13,13,0
4541164,6622444,8,6,2
4541164,6622444,13,1,12
4669004,7548394,1,1,0
4669004,7548394,3,8,-5
4669004,7548394,4,11,-7
4669004,7548394,8,6,2
4070710,4455554,2,5,-3
4070710,4455554,9,11,-2
5365645,6161270,6,12,-6
5365645,6161270,12,11,1
4410320,7976518,4,2,2
4123576,5288531,2,5,-3
4095107,8748827,8,1,7
4369486,8104220,1,9,-8
4369486,8104220,3,10,-7
4369486,8104220,7,7,0
4369486,8104220,9,12,-3
5159199,7978324,2,5,-3
5159199,7978324,3,10,-7
5159199,7978324,4,12,-8
4725568,7691773,4,11,-7
4725568,7691773,7,7,0
5482936,7906525,9,10,-1
4037047,4800461,3,2,1
4037047,4800461,9,12,-3
4037047,4800461,11,3,8
6460207,8360066,3,1,2
4220062,4461068,1,1,0
4220062,4461068,3,3,0
4220062,4461068,4,2,2
5253166,8484088,10,9,1
5253166,8484088,11,6,5
6162134,7705102,1,6,-5
6162134,7705102,4,9,-5
4661503,5017592,4,2,2
4661503,5017592,7,4,3
4661503,5017592,9,9,0
5589100,7144942,9,6,3
5361715,6412431,1,7,-6
5361715,6412431,3,3,0
5361715,6412431,6,11,-5
6452420,7199681,4,4,0
4776072,7168143,1,1,0
6097531,6441946,5,10,-5
6097531,6441946,12,1,11
6275313,6456427,2,4,-2
6275313,6456427,3,1,2
6275313,6456427,4,6,-2
6979623,7410910,1,8,-7
7002588,8629877,9,13,-4
7002588,8629877,10,2,8
5434880,7951412,4,10,-6
4681530,5115687,1,6,-5
4681530,5115687,10,2,8
5570292,7246423,2,2,0
5570292,7246423,4,7,-3
5570292,7246423,11,8,3
4754133,6497607,11,1,10
8035562,8395546,3,5,-2
8035562,8395546,5,11,-6
8035562,8395546,6,2,4
8035562,8395546,8,10,-2
4033336,4852570,7,1,6
4033336,4852570,12,5,7
4178549,6275526,3,6,-3
4178549,6275526,4,5,-1
4178549,6275526,5,9,-4
4178549,6275526,8,4,4
4178549,6275526,9,2,7
4141863,4274983,10,13,-3
7374403,8337154,4,4,0
7374403,8337154,5,1,4
7374403,8337154,9,5,4
6607509,8529553,11,1,10
6607509,8529553,12,5,7
6087431,7863378,1,2,-1
6087431,7863378,2,3,-1
6087431,7863378,3,1,2
6087431,7863378,4,11,-7
7553233,8517381,3,6,-3
4757694,6637230,1,1,0
4757694,6637230,7,3,4
5334795,8222468,2,10,-8
5334795,8222468,5,1,4
6285297,6426708,1,2,-1
6285297,6426708,4,11,-7
5085462,5413376,2,2,0
5085462,5413376,3,1,2
5085462,5413376,5,7,-2
5085462,5413376,8,6,2
4944351,7475733,2,4,-2
4944351,7475733,3,1,2
4944351,7475733,8,8,0
4944351,7475733,12,2,10
3987777,4077385,2,1,1
3987777,4077385,6,6,0
3987777,4077385,7,2,5
3987777,4077385,13,9,4
6889304,8081535,1,4,-3
6889304,8081535,2,10,-8
6889304,8081535,10,6,4
5125396,6488620,6,6,0
5125396,6488620,9,9,0
7274349,7821200,1,8,-7
7274349,7821200,13,9,4
5256257,6994771,1,9,-8
5256257,6994771,4,6,-2
5256257,6994771,6,1,5
5256257,6994771,12,3,9
5138671,6614918,5,2,3
5138671,6614918,8,4,4
5138671,6614918,12,8,4
6868590,7052221,2,3,-1
6868590,7052221,4,1,3
6868590,7052221,5,2,3
6868590,7052221,6,10,-4
6868590,7052221,7,5,2
6868590,7052221,9,6,3
6868590,7052221,10,8,2
6868590,7052221,11,11,0
6884286,7923474,2,1,1
6884286,7923474,11,10,1
6891225,8647947,2,2,0
4790133,5272868,5,11,-6
4790133,5272868,6,2,4
4790133,5272868,11,6,5
4790133,5272868,12,3,9
6435095,7954432,1,2,-1
6145748,7140885,9,9,0
6560740,8122304,2,3,-1
6560740,8122304,9,4,5
4815974,7775796,2,2,0
4815974,7775796,10,4,6
4815974,7775796,11,1,10
5236431,7959649,9,8,1
5236431,7959649,10,11,-1
5066301,6935743,1,1,0
4494177,8220765,4,2,2
4152116,7102011,1,4,-3
5399971,6373254,5,1,4
5399971,6373254,6,4,2
5399971,6373254,8,2,6
7264587,7867163,2,5,-3
6611815,8433634,3,9,-6
6611815,8433634,5,4,1
6611815,8433634,10,3,7
4870531,6218917,3,4,-1
4870531,6218917,5,9,-4
4870531,6218917,7,3,4
6189116,7640538,9,6,3
4135506,8343219,1,13,-12
4871898,6969818,3,3,0
4871898,6969818,4,4,0
4871898,6969818,6,6,0
4871898,6969818,7,7,0
4871898,6969818,11,1,10
6266866,6994299,1,2,-1
6266866,6994299,2,4,-2
6266866,6994299,7,9,-2
6780497,8123906,7,5,2
4630704,8527160,2,3,-1
4630704,8527160,7,6,1
4183174,8668546,1,1,0
4183174,8668546,2,3,-1
4183174,8668546,6,2,4
4183174,8668546,8,5,3
4435481,6193814,1,4,-3
4435481,6193814,4,2,2
4435481,6193814,12,1,11
6968179,8050388,4,10,-6
6968179,8050388,11,5,6
4701220,5324437,1,4,-3
4701220,5324437,2,2,0
4701220,5324437,4,6,-2
4701220,5324437,5,10,-5
4701220,5324437,12,1,11
6879448,7656592,4,6,-2
6879448,7656592,5,8,-3
6879448,7656592,8,7,1
6879448,7656592,9,10,-1
7312474,8643037,1,2,-1
7312474,8643037,7,1,6
7312474,8643037,11,8,3
7312474,8643037,13,4,9
6014669,8037418,4,7,-3
7365436,8541883,6,9,-3
5484433,7156841,9,12,-3
5292516,7887871,5,1,4
5292516,7887871,8,7,1
6568955,7762835,1,2,-1
6568955,7762835,2,12,-10
6568955,7762835,3,1,2
6568955,7762835,11,3,8
7599589,8280213,2,3,-1
7599589,8280213,5,2,3
4250006,4383025,2,9,-7
6337794,7715194,8,6,2
6337794,7715194,9,3,6
5156952,7300633,13,8,5
5436503,6455933,1,13,-12
5436503,6455933,3,3,0
5436503,6455933,7,2,5
6398112,7268924,7,8,-1
6988906,7399190,4,9,-5
6988906,7399190,7,13,-6
6191360,6894229,4,2,2
6191360,6894229,5,5,0
4431994,6980153,1,1,0
4431994,6980153,2,2,0
4431994,6980153,5,5,0
4431994,6980153,9,7,2
6276740,8141903,10,7,3
4081042,7337858,4,1,3
4081042,7337858,8,7,1
3945555,5585190,10,5,5
5133336,5486154,1,12,-11
6370424,8639324,3,7,-4
6370424,8639324,5,8,-3
6180270,7135720,7,2,5
6180270,7135720,11,5,6
4029945,5550361,1,1,0
4029945,5550361,4,4,0
4029945,5550361,12,2,10
6412110,6532590,2,4,-2
6412110,6532590,4,5,-1
6412110,6532590,12,6,6
4797335,5241358,1,2,-1
4013539,6977359,2,5,-3
5591981,6313471,1,4,-3
5591981,6313471,4,3,1
5591981,6313471,6,10,-4
5591981,6313471,10,2,8
5591981,6313471,11,1,10
6152062,6532884,1,1,0
6152062,6532884,4,3,1
4626337,5268086,13,3,10
4152231,4607065,6,2,4
4152231,4607065,7,6,1
4638194,7667366,1,1,0
7864841,8428144,2,5,-3
7864841,8428144,4,11,-7
7864841,8428144,6,6,0
4173101,5581954,2,11,-9
4173101,5581954,3,9,-6
7147711,7632349,1,1,0
7147711,7632349,2,2,0
7147711,7632349,7,11,-4
6411655,8031804,1,5,-4
6411655,8031804,3,4,-1
4954588,5048924,1,10,-9
4954588,5048924,2,12,-10
5634709,8727547,1,1,0
5634709,8727547,4,9,-5
6618396,7912338,1,11,-10
7442185,7976499,3,1,2
7442185,7976499,10,8,2
4146003,4357925,3,3,0
4146003,4357925,5,2,3
4146003,4357925,11,6,5
4146003,4357925,12,5,7
8383033,8551181,3,6,-3
6531973,7221918,1,12,-11
6531973,7221918,6,1,5
6531973,7221918,7,2,5
6349588,7472602,5,5,0
6349588,7472602,8,13,-5
3970741,4053564,1,1,0
3970741,4053564,2,3,-1
3970741,4053564,7,11,-4
4305909,5240470,1,1,0
4305909,5240470,2,2,0
5361199,7130824,6,12,-6
6462375,7687797,1,2,-1
6462375,7687797,9,1,8
6462375,7687797,10,12,-2
4650506,7270692,13,11,2
4117642,4642961,2,11,-9
4117642,4642961,3,7,-4
5061106,5518300,2,3,-1
5061106,5518300,3,10,-7
5061106,5518300,6,1,5
4543946,5071243,4,13,-9
6520962,8506598,10,2,8
5264964,8269904,6,5,1
6222173,6424732,3,1,2
4901614,6875913,2,11,-9
4901614,6875913,5,1,4
4901614,6875913,7,2,5
4901614,6875913,8,13,-5
4266540,7080645,4,9,-5
4266540,7080645,9,2,7
5582680,6464465,1,1,0
5582680,6464465,10,11,-1
7257736,7804852,2,11,-9
7257736,7804852,3,3,0
6137462,7038671,6,12,-6
6137462,7038671,8,10,-2
6137462,7038671,9,5,4
4853455,4952646,3,1,2
4853455,4952646,5,7,-2
4263932,6454742,3,5,-2
5166519,7608838,3,13,-10
5166519,7608838,6,1,5
4137309,4621077,6,10,-4
6016868,7066257,2,2,0
7233568,8571034,6,9,-3
7233568,8571034,9,8,1
5186855,5300249,2,10,-8
5186855,5300249,13,13,0
4910770,6246749,2,5,-3
4910770,6246749,4,3,1
4910770,6246749,13,6,7
6014669,8392909,7,10,-3
7039462,8014863,4,7,-3
7039462,8014863,9,6,3
4331782,5256759,9,2,7
4702337,6466855,1,2,-1
4702337,6466855,4,4,0
4702337,6466855,7,3,4
4702337,6466855,13,9,4
6423226,7195122,1,1,0
6423226,7195122,2,2,0
4316185,6304087,1,6,-5
5314336,7957553,9,4,5
4991830,7694951,2,11,-9
4991830,7694951,4,10,-6
6593140,8038964,3,5,-2
6323490,8188945,5,7,-2
6323490,8188945,7,3,4
6393913,6904803,1,11,-10
4076698,7056992,4,5,-1
4132637,6383724,1,9,-8
4045288,4675153,1,3,-2
4045288,4675153,10,1,9
4045288,4675153,12,12,0
6949325,7816068,11,3,8
5292422,7604725,1,7,-6
5292422,7604725,11,4,7
4298720,4962161,3,4,-1
4298720,4962161,4,7,-3
4298720,4962161,5,5,0
4298720,4962161,6,6,0
4298720,4962161,7,2,5
4298720,4962161,8,9,-1
6592945,7666494,1,2,-1
4063153,6345537,1,2,-1
4063153,6345537,3,9,-6
4063153,6345537,13,3,10
7539763,7720914,1,7,-6
7539763,7720914,4,1,3
4413475,8006511,8,1,7
4810274,5143585,5,12,-7
6309143,7073980,1,1,0
6309143,7073980,2,7,-5
6309143,7073980,3,8,-5
6309143,7073980,6,3,3
6309143,7073980,8,5,3
6309143,7073980,11,12,-1
6309143,7073980,12,13,-1
5349612,6192069,6,1,5
7038938,8178405,3,5,-2
7038938,8178405,7,13,-6
7038938,8178405,13,1,12
4930143,7103205,6,4,2
4930143,7103205,12,5,7
6067569,6854063,2,3,-1
5362068,7846025,2,1,1
5362068,7846025,4,10,-6
4490261,4699722,1,1,0
4490261,4699722,5,2,3
4490261,4699722,6,3,3
4823478,6122836,2,8,-6
7578734,8567204,3,4,-1
5591009,8607456,2,4,-2
5591009,8607456,3,8,-5
4596373,5035394,1,4,-3
4596373,5035394,9,2,7
5230720,7112232,1,11,-10
5230720,7112232,4,2,2
6912158,7110299,1,1,0
6912158,7110299,2,2,0
6912158,7110299,3,3,0
6912158,7110299,4,4,0
6912158,7110299,5,5,0
6912158,7110299,6,6,0
6912158,7110299,7,7,0
6912158,7110299,8,8,0
6912158,7110299,9,9,0
6912158,7110299,10,10,0
6912158,7110299,11,11,0
6912158,7110299,12,12,0
6912158,7110299,13,13,0
6623486,7766911,2,1,1
6623486,7766911,3,3,0
6623486,7766911,4,7,-3
6623486,7766911,8,10,-2
4371582,6619797,1,1,0
4371582,6619797,2,2,0
6654486,8433123,1,1,0
6447462,7644722,1,12,-11
6447462,7644722,9,9,0
6447462,7644722,13,7,6
4886494,7749188,1,8,-7
4886494,7749188,9,6,3
5581092,8049275,3,2,1
5581092,8049275,5,7,-2
5581092,8049275,12,11,1
5581092,8049275,13,12,1
4283320,4800107,1,1,0
4283320,4800107,2,2,0
4283320,4800107,4,7,-3
4283320,4800107,5,9,-4
4283320,4800107,8,8,0
6133697,8098020,2,1,1
6133697,8098020,4,13,-9
4167296,7823891,1,1,0
5392768,7628339,9,1,8
5019249,5349199,10,1,9
4400376,4859465,1,5,-4
4400376,4859465,2,2,0
4400376,4859465,11,10,1
6138639,6336438,1,2,-1
6138639,6336438,3,1,2
6138639,6336438,4,9,-5
6138639,6336438,6,6,0
6138639,6336438,11,4,7
4362219,8330057,2,2,0
4362219,8330057,6,3,3
5176678,7128743,1,11,-10
5176678,7128743,12,6,6
6979350,8034065,5,3,2
6979350,8034065,9,13,-4
4634264,5333036,4,4,0
5056417,7313997,1,1,0
5056417,7313997,2,6,-4
5056417,7313997,4,8,-4
5056417,7313997,7,10,-3
5056417,7313997,13,2,11
7105886,7368045,1,1,0
7105886,7368045,2,9,-7
7105886,7368045,8,8,0
6545502,7265623,1,6,-5
6545502,7265623,3,2,1
6545502,7265623,5,4,1
6229701,8120910,2,2,0
6229701,8120910,6,5,1
6229701,8120910,11,11,0
4029088,5336158,4,2,2
6563970,7323677,1,5,-4
6563970,7323677,3,3,0
6563970,7323677,5,1,4
6563970,7323677,7,9,-2
6066103,7699791,7,4,3
4689252,4861844,1,1,0
4689252,4861844,2,7,-5
4689252,4861844,8,6,2
7814973,8714266,5,1,4
5633981,6993479,10,11,-1
6888376,7426599,10,2,8
7542891,8453100,3,5,-2
5025261,6487305,7,11,-4
4455799,4928445,1,2,-1
4455799,4928445,3,1,2
4455799,4928445,4,8,-4
4455799,4928445,13,4,9
6864074,7550085,13,4,9
5271626,6227974,1,4,-3
5271626,6227974,2,2,0
6520930,7905246,1,1,0
7163498,7857736,1,7,-6
7163498,7857736,4,4,0
7163498,7857736,10,10,0
4295233,7659824,5,13,-8
4101324,7126724,1,10,-9
4101324,7126724,3,2,1
4101324,7126724,7,8,-1
4101324,7126724,10,12,-2
7218534,7339801,4,4,0
7218534,7339801,8,3,5
7218534,7339801,9,8,1
4101970,4246646,1,2,-1
4101970,4246646,2,4,-2
4101970,4246646,3,5,-2
4101970,4246646,4,3,1
5287575,5628078,1,2,-1
5287575,5628078,7,5,2
5287575,5628078,10,3,7
7409953,7879078,2,3,-1
7409953,7879078,12,5,7
5038343,5303232,1,8,-7
5038343,5303232,2,1,1
5038343,5303232,4,3,1
5038343,5303232,9,13,-4
5319780,6269389,5,7,-2
4700502,7650713,12,2,10
5108417,5306294,1,1,0
6270779,7968664,1,1,0
6270779,7968664,3,7,-4
6270779,7968664,5,4,1
6270779,7968664,6,8,-2
4062665,4204851,3,5,-2
4062665,4204851,7,6,1
4708459,5014086,1,4,-3
4708459,5014086,8,5,3
4708459,5014086,11,12,-1
4453689,6216989,3,10,-7
4453689,6216989,5,5,0
4453689,6216989,7,4,3
5394205,7485834,1,6,-5
5394205,7485834,5,1,4
4090622,6474249,9,1,8
5344334,6062911,9,13,-4
4877295,5365444,3,5,-2
4877295,5365444,5,2,3
4877295,5365444,6,3,3
5295836,6571240,3,5,-2
5295836,6571240,9,7,2
6969488,8575664,2,3,-1
6969488,8575664,6,1,5
5109842,5549650,4,8,-4
5109842,5549650,5,2,3
5109842,5549650,6,13,-7
5109842,5549650,10,3,7
4853985,5517703,1,12,-11
4853985,5517703,2,6,-4
4853985,5517703,7,4,3
5526822,8277391,1,2,-1
5526822,8277391,5,3,2
5241060,7384749,6,9,-3
5241060,7384749,8,1,7
6276478,8396592,1,3,-2
7739623,8359549,4,1,3
7739623,8359549,7,6,1
7739623,8359549,9,4,5
5510687,8406945,7,3,4
5623937,7305262,6,12,-6
5326280,6168448,7,5,2
5208858,8738922,1,1,0
5208858,8738922,6,2,4
6261476,7229927,3,4,-1
6261476,7229927,4,3,1
4866992,5483836,4,12,-8
4819162,6664988,7,11,-4
4819162,6664988,9,1,8
4233399,4430423,2,2,0
4233399,4430423,10,6,4
4233399,4430423,12,7,5
4233399,4430423,13,10,3
4137092,4204876,11,10,1
6351418,8281411,6,2,4
6936054,8465500,1,3,-2
6936054,8465500,3,9,-6
7107046,7720431,7,6,1
4166262,7777600,13,4,9
7576227,8569560,9,1,8
7576227,8569560,11,2,9
4950854,7960666,1,8,-7
5255679,6628976,3,4,-1
5255679,6628976,6,6,0
5255679,6628976,7,8,-1
3934322,7597539,1,7,-6
3934322,7597539,2,5,-3
6199761,7128258,1,2,-1
6199761,7128258,11,5,6
6199761,7128258,12,3,9
5597797,6946243,1,1,0
5597797,6946243,2,7,-5
6856925,8112057,1,10,-9
6856925,8112057,4,4,0
6856925,8112057,10,2,8
6856925,8112057,13,3,10
4799479,5290280,4,6,-2
3940869,5554658,3,1,2
4613066,5011053,3,3,0
6370276,7257262,1,5,-4
6370276,7257262,4,2,2
6370276,7257262,8,9,-1
6185271,7697973,7,6,1
4832515,5255988,3,12,-9
4832515,5255988,9,13,-4
4916979,5337624,1,12,-11
4916979,5337624,11,9,2
6245102,7081129,3,2,1
6127218,6838122,2,4,-2
6127218,6838122,9,11,-2
6860383,7086519,1,1,0
6860383,7086519,2,2,0
6860383,7086519,3,3,0
6860383,7086519,4,4,0
6860383,7086519,6,13,-7
6860383,7086519,7,7,0
6860383,7086519,9,12,-3
6860383,7086519,11,5,6
6860383,7086519,13,6,7
4611613,8545680,8,9,-1
5066301,7604349,1,13,-12
6556184,7724236,1,1,0
6556184,7724236,4,3,1
6556184,7724236,5,13,-8
6556184,7724236,6,2,4
6556184,7724236,7,6,1
6556184,7724236,11,4,7
6556184,7724236,13,5,8
6964341,8281934,1,2,-1
6964341,8281934,2,4,-2
6964341,8281934,3,3,0
6964341,8281934,4,1,3
6964341,8281934,6,12,-6
4320965,7225158,7,1,6
5452339,7822963,3,2,1
5452339,7822963,8,4,4
5452339,7822963,10,5,5
5549883,6203775,1,5,-4
3996988,5054535,3,1,2
7384181,7993048,12,8,4
4988982,6507338,10,2,8
8296926,8443509,2,3,-1
8296926,8443509,4,4,0
5536257,7118552,5,7,-2
5536257,7118552,8,12,-4
6458485,7087345,2,2,0
6458485,7087345,6,11,-5
5416675,7057153,2,1,1
5416675,7057153,6,10,-4
5416675,7057153,8,2,6
6263222,8274360,7,10,-3
5519876,6901466,5,1,4
7195560,7857699,1,1,0
7195560,7857699,2,3,-1
7195560,7857699,5,7,-2
7195560,7857699,9,4,5
5433823,7115523,3,1,2
5433823,7115523,5,8,-3
4206579,4313290,12,1,11
4328150,6645631,2,5,-3
4328150,6645631,4,3,1
4328150,6645631,9,6,3
6263051,7398551,12,6,6
6662034,8221409,2,2,0
6662034,8221409,5,3,2
6662034,8221409,9,7,2
6662034,8221409,12,6,6
4860363,7440581,2,2,0
4860363,7440581,3,3,0
4292966,7562656,1,3,-2
4292966,7562656,2,1,1
5044834,6338597,1,5,-4
5044834,6338597,12,1,11
4874905,6965077,2,2,0
4874905,6965077,12,1,11
5453727,6265865,5,2,3
4883723,6582520,2,4,-2
4883723,6582520,12,7,5
5050386,7063145,3,4,-1
5050386,7063145,10,11,-1
5050386,7063145,11,1,10
6062188,6539913,1,7,-6
6062188,6539913,4,3,1
6062188,6539913,8,4,4
6425898,8430988,4,8,-4
6425898,8430988,5,4,1
4747811,4838840,1,3,-2
4747811,4838840,2,2,0
4747811,4838840,3,1,2
4747811,4838840,4,4,0
4747811,4838840,5,5,0
4747811,4838840,6,6,0
4747811,4838840,8,7,1
4747811,4838840,9,9,0
4747811,4838840,11,8,3
4747811,4838840,12,10,2
4747811,4838840,13,11,2
6243567,7446631,6,12,-6
5250430,6495152,2,5,-3
5250430,6495152,3,12,-9
5250430,6495152,4,3,1
5250430,6495152,5,13,-8
5559878,7212625,1,6,-5
5331320,7720821,10,2,8
6384226,8183377,1,6,-5
6384226,8183377,3,8,-5
6384226,8183377,8,9,-1
6384226,8183377,13,13,0
5258293,7604967,5,10,-5
6570872,7606262,6,3,3
3955858,4918345,1,5,-4
3955858,4918345,6,1,5
4432064,4644478,1,6,-5
5422814,6236937,7,2,5
4562832,8747307,7,1,6
7366282,8143586,8,4,4
7366282,8143586,9,2,7
5045903,7060567,4,1,3
5045903,7060567,7,3,4
5045903,7060567,8,7,1
5045903,7060567,10,11,-1
5045903,7060567,11,8,3
4725910,6151191,7,3,4
5602377,7386600,3,6,-3
5602377,7386600,11,11,0
4776431,5249608,2,1,1
4776431,5249608,6,2,4
6279991,8690243,3,10,-7
6279991,8690243,5,5,0
6279991,8690243,6,3,3
6279991,8690243,7,1,6
7856130,8520947,1,2,-1
7856130,8520947,12,6,6
5382315,8652343,1,12,-11
5382315,8652343,2,1,1
5382315,8652343,3,2,1
4379462,4744370,3,2,1
4379462,4744370,9,13,-4
4379462,4744370,10,12,-2
6168651,7455706,2,2,0
4597079,4930118,5,6,-1
4256062,4485774,7,10,-3
4256062,4485774,8,2,6
6899628,7689302,1,1,0
6899628,7689302,3,4,-1
6899628,7689302,10,8,2
4765626,5149100,1,8,-7
4765626,5149100,2,6,-4
4765626,5149100,3,1,2
5214942,6598276,1,1,0
5214942,6598276,3,12,-9
5560545,7997455,2,5,-3
5560545,7997455,3,3,0
5560545,7997455,6,4,2
5560545,7997455,11,8,3
7248148,7795994,1,8,-7
7248148,7795994,7,5,2
7248148,7795994,8,10,-2
4414792,5327345,9,1,8
4414792,5327345,13,3,10
4534108,6536335,1,8,-7
6293038,7647715,10,2,8
5138247,5291119,8,9,-1
5138247,5291119,10,1,9
6206737,6722830,5,9,-4
7547309,8123810,4,2,2
7547309,8123810,9,13,-4
4365946,4708617,3,3,0
4365946,4708617,5,2,3
4365946,4708617,10,5,5
5267461,7210320,1,3,-2
5267461,7210320,2,2,0
6999862,8219283,1,2,-1
6999862,8219283,2,4,-2
6999862,8219283,3,6,-3
6999862,8219283,4,5,-1
5019941,7423881,6,6,0
5019941,7423881,10,2,8
5147092,6551052,1,2,-1
5147092,6551052,2,3,-1
5147092,6551052,3,1,2
5147092,6551052,4,8,-4
5200636,6534355,3,2,1
5200636,6534355,4,5,-1
5200636,6534355,8,3,5
4791356,6269328,2,10,-8
4791356,6269328,7,3,4
5020300,6516591,2,4,-2
5020300,6516591,4,2,2
5020300,6516591,10,9,1
5563512,7897914,1,2,-1
5563512,7897914,4,9,-5
5630047,7117391,1,1,0
6526418,7506173,2,4,-2
6526418,7506173,12,9,3
6344504,8382464,2,5,-3
6344504,8382464,5,9,-4
5048085,6061684,11,13,-2
6565434,8313369,2,2,0
7823592,8052699,1,3,-2
7823592,8052699,3,8,-5
7823592,8052699,4,10,-6
7328013,8483696,2,6,-4
7328013,8483696,3,4,-1
7328013,8483696,11,3,8
5296321,7911696,8,7,1
4489986,8007050,6,6,0
6488681,7763057,2,5,-3
6488681,7763057,12,1,11
5187500,6331049,2,7,-5
5187500,6331049,6,4,2
5187500,6331049,13,12,1
7226433,8162878,2,3,-1
7226433,8162878,4,2,2
4020831,8163184,6,4,2
4893185,7092018,2,9,-7
4893185,7092018,5,7,-2
4893185,7092018,7,13,-6
4893185,7092018,12,10,2
4703641,4876874,1,5,-4
4703641,4876874,5,8,-3
6261937,6972612,1,1,0
4838265,7630753,12,13,-1
5456684,8568444,1,2,-1
5456684,8568444,5,7,-2
5456684,8568444,13,5,8
4898396,5297807,1,5,-4
4898396,5297807,2,4,-2
4898396,5297807,3,3,0
4898396,5297807,4,1,3
4898396,5297807,5,2,3
4898396,5297807,6,10,-4
4898396,5297807,7,11,-4
4898396,5297807,8,12,-4
4898396,5297807,9,6,3
4898396,5297807,10,7,3
4898396,5297807,11,8,3
4333961,4569920,2,3,-1
4333961,4569920,3,1,2
4543522,5173848,2,12,-10
4543522,5173848,7,1,6
4543522,5173848,8,13,-5
5045438,7468784,8,10,-2
5045438,7468784,10,4,6
5223975,5297223,3,12,-9
6634363,7828789,1,2,-1
6631429,8379675,3,7,-4
6631429,8379675,7,1,6
6631429,8379675,9,5,4
7047474,8743936,4,7,-3
4928271,6529471,2,1,1
4928271,6529471,3,7,-4
5207747,8734163,3,9,-6
5207747,8734163,4,6,-2
5207747,8734163,5,4,1
5207747,8734163,11,8,3
4353829,4874872,2,2,0
4353829,4874872,3,4,-1
4353829,4874872,6,5,1
4353829,4874872,9,12,-3
4027073,8501857,1,1,0
4027073,8501857,3,12,-9
4027073,8501857,8,5,3
4027073,8501857,12,9,3
4566136,7810171,2,2,0
4566136,7810171,5,4,1
4566136,7810171,6,11,-5
4566136,7810171,10,6,4
4933743,6380625,4,6,-2
4933743,6380625,5,2,3
4933743,6380625,8,10,-2
4687011,5421904,2,1,1
4687011,5421904,3,8,-5
4687011,5421904,7,7,0
4687011,5421904,9,9,0
5250865,6515390,2,4,-2
6223523,6293086,1,2,-1
6223523,6293086,2,13,-11
6223523,6293086,13,5,8
5100713,5290619,6,6,0
5100713,5290619,13,11,2
5253515,7752898,3,13,-10
4775394,5026406,1,9,-8
4775394,5026406,12,11,1
6608562,8386002,11,13,-2
6608562,8386002,13,7,6
5007207,5484330,3,2,1
5007207,5484330,4,7,-3
5007207,5484330,5,5,0
5477017,8654513,2,7,-5
5477017,8654513,3,1,2
5477017,8654513,7,3,4
5477017,8654513,11,8,3
6577721,7263085,11,11,0
6577721,7263085,12,8,4
4945731,6290185,3,1,2
4945731,6290185,6,12,-6
4644368,6556905,7,4,3
4644368,6556905,13,7,6
5379255,6477080,4,8,-4
5379255,6477080,13,7,6
6341287,7356482,1,1,0
6341287,7356482,2,2,0
6341287,7356482,3,3,0
6341287,7356482,4,4,0
6341287,7356482,5,5,0
6341287,7356482,6,6,0
6341287,7356482,7,7,0
6341287,7356482,8,8,0
6341287,7356482,9,9,0
6341287,7356482,10,10,0
6341287,7356482,11,11,0
6341287,7356482,12,12,0
6341287,7356482,13,13,0
5592415,7471581,6,8,-2
3945535,4210616,1,6,-5
3945535,4210616,8,1,7
4433684,4932399,1,10,-9
4433684,4932399,5,1,4
4433684,4932399,6,13,-7
3982979,5101550,2,7,-5
3982979,5101550,11,11,0
6346189,8638113,1,2,-1
5627549,8620732,3,4,-1
5627549,8620732,8,2,6
4129768,4631380,1,1,0
4129768,4631380,12,2,10
5047928,7757077,7,2,5
6546596,7066511,1,2,-1
6546596,7066511,6,1,5
4072439,6494649,1,1,0
4072439,6494649,2,10,-8
4072439,6494649,6,8,-2
4072439,6494649,10,3,7
7740689,8480796,1,1,0
7740689,8480796,2,2,0
7740689,8480796,3,4,-1
7740689,8480796,4,7,-3
7740689,8480796,6,3,3
7740689,8480796,7,6,1
7740689,8480796,8,5,3
7740689,8480796,9,8,1
7740689,8480796,10,9,1
7740689,8480796,11,11,0
7740689,8480796,12,12,0
7740689,8480796,13,13,0
5019839,7878505,13,13,0
6626979,8263028,1,5,-4
5061765,6147164,1,3,-2
5061765,6147164,3,7,-4
5061765,6147164,4,5,-1
4764075,4926760,4,9,-5
4764075,4926760,10,3,7
7295514,8705386,8,2,6
7295514,8705386,12,12,0
5169242,7670056,1,1,0
5169242,7670056,5,11,-6
5169242,7670056,6,9,-3
5054676,5588615,5,1,4
5054676,5588615,6,2,4
5054676,5588615,8,6,2
6221711,6475921,4,11,-7
6221711,6475921,12,10,2
5303922,7850543,2,12,-10
5303922,7850543,3,2,1
5303922,7850543,5,5,0
5303922,7850543,7,10,-3
5303922,7850543,12,3,9
5303922,7850543,13,13,0
5225273,7138170,3,7,-4
4720211,5173009,2,4,-2
4720211,5173009,4,5,-1
4720211,5173009,6,9,-3
4720211,5173009,11,1,10
6369954,7697214,1,12,-11
6369954,7697214,2,8,-6
4299102,4984698,5,5,0
4299102,4984698,9,2,7
8110151,8470253,1,1,0
8110151,8470253,2,2,0
8110151,8470253,3,3,0
8110151,8470253,4,4,0
8110151,8470253,5,5,0
8110151,8470253,6,6,0
8110151,8470253,7,7,0
8110151,8470253,8,8,0
8110151,8470253,9,9,0
8110151,8470253,10,10,0
8110151,8470253,11,11,0
8110151,8470253,12,12,0
8110151,8470253,13,13,0
7200196,8472533,4,2,2
5380314,7585292,2,3,-1
5612319,7829548,1,1,0
5612319,7829548,8,4,4
6094087,8324957,1,5,-4
6094087,8324957,4,13,-9
6094087,8324957,8,8,0
6094087,8324957,11,4,7
5413951,5548136,1,5,-4
5413951,5548136,4,4,0
5413951,5548136,6,8,-2
5413951,5548136,10,1,9
8324855,8708558,4,10,-6
8324855,8708558,5,3,2
8324855,8708558,8,5,3
8324855,8708558,11,4,7
8324855,8708558,12,6,6
4143579,4862556,6,5,1
4143579,4862556,8,8,0
6280252,7824222,1,1,0
6280252,7824222,12,2,10
4453567,8578966,1,1,0
5580271,6139355,6,2,4
5580271,6139355,11,10,1
5617879,8047576,1,3,-2
5617879,8047576,4,1,3
5617879,8047576,6,6,0
6175869,8244886,1,3,-2
6175869,8244886,6,5,1
5296674,7633035,2,11,-9
5296674,7633035,4,1,3
7066885,7938787,9,7,2
7066885,7938787,11,1,10
6929266,7500811,11,2,9
6929266,7500811,12,4,8
6242929,7304488,2,1,1
4941688,6279759,1,4,-3
4941688,6279759,10,8,2
6311042,6480159,5,11,-6
6311042,6480159,8,12,-4
6353772,8261994,9,3,6
6897714,8493136,6,11,-5
6897714,8493136,11,6,5
6897714,8493136,13,2,11
4197185,4444988,5,1,4
4197185,4444988,8,8,0
4032781,4825072,2,1,1
4032781,4825072,3,11,-8
4032781,4825072,12,3,9
4062165,4116106,3,3,0
6855708,7776891,1,3,-2
6855708,7776891,4,12,-8
6855708,7776891,8,6,2
6855708,7776891,13,1,12
6168575,6450984,1,7,-6
6168575,6450984,12,5,7
6932795,7717883,1,7,-6
6932795,7717883,3,4,-1
6932795,7717883,7,3,4
6932795,7717883,10,2,8
6317411,6865237,8,10,-2
4018576,7089925,2,6,-4
6518502,7176502,3,7,-4
6518502,7176502,12,11,1
4989618,8128972,13,1,12
4123587,7148276,1,6,-5
4123587,7148276,5,2,3
7603001,8040588,1,1,0
7603001,8040588,2,2,0
7603001,8040588,3,11,-8
7603001,8040588,7,10,-3
7603001,8040588,9,4,5
7603001,8040588,10,5,5
6497951,7064299,3,3,0
6497951,7064299,6,12,-6
6497951,7064299,13,9,4
5385931,8044097,4,11,-7
4146246,5076369,8,5,3
4146246,5076369,12,8,4
4146246,5076369,13,4,9
6858037,8328863,1,1,0
6858037,8328863,2,2,0
6858037,8328863,3,11,-8
6606497,7343164,7,5,2
6606497,7343164,11,4,7
6625623,7814053,6,2,4
6625623,7814053,12,5,7
3993727,5252160,1,4,-3
4089436,4981237,1,2,-1
4089436,4981237,2,3,-1
4089436,4981237,5,5,0
4089436,4981237,6,1,5
7709396,8741778,9,7,2
5136512,8380367,7,9,-2
6573951,7123222,2,4,-2
6573951,7123222,4,12,-8
6573951,7123222,13,8,5
6644322,8725268,4,5,-1
6891596,7529030,1,2,-1
6891596,7529030,2,7,-5
6891596,7529030,11,3,8
6530970,7753988,1,8,-7
6530970,7753988,2,2,0
6530970,7753988,4,6,-2
6530970,7753988,6,4,2
6530970,7753988,10,5,5
6530970,7753988,13,1,12
5034948,7095982,12,4,8
5019064,6269820,2,5,-3
4948168,6464255,1,5,-4
4948168,6464255,6,8,-2
4044227,6441380,2,7,-5
5372755,7093936,6,11,-5
6629959,8747355,1,2,-1
5618749,7029972,4,2,2
5618749,7029972,11,3,8
4012979,6967274,4,1,3
4012979,6967274,5,7,-2
4012979,6967274,10,13,-3
6119135,7197531,1,3,-2
6119135,7197531,3,1,2
6119135,7197531,7,6,1
6119135,7197531,8,7,1
6119135,7197531,11,11,0
4222140,5281069,6,12,-6
4222140,5281069,7,4,3
4222140,5281069,11,3,8
7693502,7929638,5,7,-2
7693502,7929638,7,6,1
6577726,7062032,5,4,1
6577726,7062032,6,6,0
6577726,7062032,11,5,6
7434264,8209565,2,1,1
7434264,8209565,3,7,-4
7434264,8209565,4,11,-7
5656905,6382889,2,4,-2
5656905,6382889,12,8,4
6169943,8340855,5,5,0
4990138,7951259,2,5,-3
4990138,7951259,3,1,2
4990138,7951259,6,2,4
4990138,7951259,9,4,5
4335532,5337495,1,2,-1
4335532,5337495,3,1,2
4335532,5337495,12,5,7
4959718,7343617,1,10,-9
6130737,7733454,2,4,-2
6130737,7733454,4,1,3
6130737,7733454,5,6,-1
6623397,7094173,1,1,0
6623397,7094173,2,4,-2
6623397,7094173,3,11,-8
6623397,7094173,4,8,-4
6623397,7094173,5,2,3
6623397,7094173,6,9,-3
6623397,7094173,7,5,2
6623397,7094173,8,3,5
6623397,7094173,9,6,3
6623397,7094173,10,7,3
8185475,8700534,2,2,0
8185475,8700534,13,10,3
7810017,8572311,3,5,-2
7810017,8572311,5,2,3
6451927,7332547,1,1,0
6451927,7332547,2,2,0
6451927,7332547,3,3,0
6451927,7332547,4,4,0
6451927,7332547,5,5,0
6451927,7332547,6,6,0
6451927,7332547,7,7,0
6451927,7332547,8,8,0
6451927,7332547,9,9,0
6451927,7332547,10,10,0
6451927,7332547,11,11,0
6451927,7332547,12,12,0
6451927,7332547,13,13,0
6253250,7657689,2,3,-1
6253250,7657689,3,1,2
6253250,7657689,11,5,6
4159627,8201405,4,7,-3
4618052,7971527,1,4,-3
4618052,7971527,10,1,9
4022941,7896929,7,3,4
7133540,8260038,1,1,0
5398041,7095477,5,10,-5
5398041,7095477,7,1,6
5398041,7095477,11,2,9
6829028,7916244,12,7,5
4333649,5415206,6,11,-5
4085934,8753222,1,1,0
4085934,8753222,3,5,-2
4085934,8753222,10,4,6
7185294,8088679,9,7,2
5431692,6229465,4,2,2
5016724,5265705,3,3,0
5016724,5265705,5,4,1
5073436,6387471,6,5,1
5073436,6387471,12,7,5
4826268,5153607,2,2,0
4826268,5153607,12,3,9
6294084,6485638,1,1,0
6294084,6485638,2,2,0
6294084,6485638,3,3,0
6294084,6485638,4,5,-1
6294084,6485638,5,4,1
6294084,6485638,6,6,0
6294084,6485638,8,7,1
6294084,6485638,10,8,2
6294084,6485638,11,9,2
6294084,6485638,12,10,2
6294084,6485638,13,11,2
5339213,6526895,5,3,2
6558670,7807803,6,5,1
6558670,7807803,7,11,-4
6558670,7807803,11,9,2
6612195,8266886,1,9,-8
6612195,8266886,6,5,1
6612195,8266886,11,13,-2
6612195,8266886,13,8,5
4985678,6456075,1,3,-2
4985678,6456075,3,1,2
6327700,7076767,4,11,-7
6327700,7076767,8,12,-4
6327700,7076767,13,1,12
6356827,8085521,4,9,-5
7338958,8354420,6,9,-3
7338958,8354420,12,8,4
4958157,7283068,6,5,1
4958157,7283068,9,1,8
7361274,8512568,4,1,3
7361274,8512568,7,2,5
7361274,8512568,12,6,6
7183656,7656045,2,1,1
7183656,7656045,4,8,-4
5624395,7306586,3,3,0
5624395,7306586,4,2,2
5624395,7306586,5,12,-7
5193034,6086961,2,1,1
5193034,6086961,3,2,1
5437631,8465517,1,8,-7
5437631,8465517,3,3,0
4204235,5243482,4,5,-1
4204235,5243482,5,4,1
4001773,6634441,1,2,-1
5572244,6089693,12,3,9
4754124,7104233,5,1,4
4754124,7104233,13,7,6
6647269,7769634,3,4,-1
6647269,7769634,9,3,6
4983472,6127055,4,1,3
4983472,6127055,9,4,5
6931553,7664968,13,12,1
4810550,6336414,1,2,-1
6272572,7177638,1,10,-9
6272572,7177638,5,13,-8
6272572,7177638,6,8,-2
6272572,7177638,10,11,-1
4887069,7728725,1,2,-1
4887069,7728725,10,4,6
6358681,7684859,11,5,6
5022329,6119607,7,2,5
4641557,7293490,1,1,0
4901026,7003065,1,5,-4
4901026,7003065,2,9,-7
4901026,7003065,6,10,-4
5350481,7677136,6,10,-4
5350481,7677136,8,3,5
6905057,7828189,2,1,1
6905057,7828189,9,6,3
6137163,6483718,1,1,0
6137163,6483718,3,4,-1
5330470,7819863,6,1,5
6202062,8611870,3,9,-6
5555061,6992700,1,2,-1
5555061,6992700,3,11,-8
5555061,6992700,4,9,-5
5455040,7955381,9,4,5
7499037,8456447,1,1,0
7499037,8456447,2,2,0
6353351,8046615,1,6,-5
5408044,6983126,2,2,0
5408044,6983126,7,11,-4
5408044,6983126,11,8,3
4682044,5481176,1,1,0
4682044,5481176,5,3,2
4682044,5481176,7,5,2
4682044,5481176,13,4,9
8032156,8694022,2,1,1
8032156,8694022,3,2,1
8032156,8694022,4,3,1
8032156,8694022,5,4,1
8032156,8694022,6,6,0
8032156,8694022,7,7,0
8032156,8694022,8,8,0
8032156,8694022,9,9,0
8032156,8694022,10,10,0
8032156,8694022,11,11,0
8032156,8694022,12,12,0
8032156,8694022,13,13,0
5359205,6118135,1,4,-3
5359205,6118135,2,13,-11
5558111,8146902,2,3,-1
5253089,7672549,3,2,1
5563988,8385596,3,4,-1
5140884,6465722,2,3,-1
5307410,8477939,3,8,-5
5307410,8477939,4,2,2
5307410,8477939,5,10,-5
5307410,8477939,6,1,5
7315630,8326066,2,2,0
7315630,8326066,4,8,-4
7315630,8326066,10,3,7
7315630,8326066,13,4,9
4807632,8311749,1,5,-4
6093196,8591541,7,7,0
6948627,7784624,5,6,-1
6948627,7784624,7,13,-6
5242906,5643780,6,11,-5
5242906,5643780,9,1,8
4906224,6485385,1,5,-4
4906224,6485385,7,4,3
4906224,6485385,8,2,6
4906224,6485385,11,1,10
6383088,7077274,1,1,0
6383088,7077274,2,2,0
5185802,6354990,2,1,1
5185802,6354990,3,4,-1
5185802,6354990,6,2,4
7270605,8613673,1,7,-6
7270605,8613673,4,10,-6
5093053,5650178,2,5,-3
5093053,5650178,7,11,-4
5016886,5282629,1,1,0
5016886,5282629,2,3,-1
5016886,5282629,3,5,-2
3969681,5649312,4,12,-8
5277751,6365063,1,2,-1
5277751,6365063,5,6,-1
5277751,6365063,10,1,9
5277751,6365063,11,7,4
4722252,7059217,1,4,-3
4722252,7059217,2,1,1
4722252,7059217,6,6,0
4722252,7059217,11,7,4
7184814,8568487,3,7,-4
7084123,7655632,1,5,-4
7084123,7655632,2,4,-2
7084123,7655632,10,10,0
7084123,7655632,11,11,0
7084123,7655632,13,9,4
6640977,7472443,1,1,0
6640977,7472443,2,5,-3
5361227,7102934,3,10,-7
4803401,5252890,1,2,-1
4803401,5252890,2,8,-6
4803401,5252890,5,7,-2
4803401,5252890,6,3,3
4803401,5252890,7,12,-5
4803401,5252890,8,9,-1
6139912,8364451,1,1,0
6139912,8364451,4,3,1
4902482,7033039,5,4,1
7276668,8337243,7,3,4
5342395,8561870,5,11,-6
5500000,8231654,2,10,-8
5500000,8231654,4,2,2
5500000,8231654,7,5,2
4465755,6183866,5,3,2
4465755,6183866,7,6,1
4465755,6183866,11,7,4
4938935,5292982,12,5,7
4758745,5614840,2,3,-1
4758745,5614840,3,2,1
4758745,5614840,4,5,-1
4758745,5614840,8,1,7
5125024,7685523,1,9,-8
5125024,7685523,6,8,-2
3968257,4192918,5,1,4
3968257,4192918,10,2,8
6635307,8142521,9,4,5
4204848,7011079,1,8,-7
4204848,7011079,2,10,-8
4204848,7011079,3,1,2
7338114,7673931,1,2,-1
7338114,7673931,2,1,1
7338114,7673931,9,10,-1
6118302,6384628,2,2,0
6118302,6384628,3,3,0
6118302,6384628,5,1,4
6118302,6384628,10,6,4
6097065,7151690,1,5,-4
4235975,4547528,2,1,1
4235975,4547528,5,5,0
4235975,4547528,8,2,6
4235975,4547528,10,6,4
6142874,8262459,5,3,2
6142874,8262459,6,2,4
4966942,5298559,3,7,-4
7972332,8267929,2,1,1
7972332,8267929,12,4,8
5004914,8269974,1,1,0
5004914,8269974,3,4,-1
5004914,8269974,4,3,1
5004914,8269974,7,8,-1
6414586,7489232,1,6,-5
6414586,7489232,11,8,3
7344136,8636575,4,2,2
7344136,8636575,5,4,1
4558542,5309681,8,1,7
4558542,5309681,10,11,-1
6314501,7664823,1,1,0
6314501,7664823,13,5,8
5568189,6157157,1,5,-4
6938796,8678233,3,1,2
5529925,8486645,1,6,-5
5529925,8486645,3,4,-1
6291271,8502363,1,11,-10
6291271,8502363,3,2,1
6291271,8502363,6,7,-1
6291271,8502363,7,9,-2
4988026,6216928,1,2,-1
4988026,6216928,2,5,-3
4988026,6216928,8,3,5
4952562,5352667,2,4,-2
4952562,5352667,10,3,7
6200021,7018093,4,1,3
6200021,7018093,9,2,7
5101381,5339271,3,8,-5
5101381,5339271,9,6,3
4934956,5310355,2,3,-1
4934956,5310355,5,5,0
4934956,5310355,11,2,9
4934956,5310355,12,9,3
6166864,6317272,1,1,0
6166864,6317272,2,2,0
6166864,6317272,7,10,-3
6166864,6317272,8,6,2
6166864,6317272,9,12,-3
6166864,6317272,11,13,-2
6166864,6317272,13,4,9
5274581,7205791,7,7,0
7151240,8270104,9,5,4
4884824,6296279,1,1,0
4884824,6296279,4,8,-4
5267967,7296305,8,13,-5
5267967,7296305,11,10,1
7139748,7487186,1,1,0
7139748,7487186,3,10,-7
5638251,6927178,9,5,4
5638251,6927178,13,8,5
7859737,8267559,1,1,0
7859737,8267559,4,2,2
7859737,8267559,6,3,3
7859737,8267559,10,10,0
7859737,8267559,13,7,6
5563631,6172354,5,8,-3
4832416,4900103,1,1,0
4832416,4900103,2,5,-3
4832416,4900103,3,7,-4
4832416,4900103,4,12,-8
4832416,4900103,8,6,2
4832416,4900103,11,4,7
4039399,6562480,2,3,-1
4708718,8353922,3,1,2
6515335,7501329,2,4,-2
6263924,7597288,1,4,-3
5011134,7285053,6,1,5
4293935,5305285,3,11,-8
4293935,5305285,4,12,-8
4293935,5305285,5,4,1
4293935,5305285,6,3,3
4293935,5305285,8,8,0
6982540,8269641,8,1,7
6896805,7309434,3,1,2
6491899,8293216,1,2,-1
6491899,8293216,10,7,3
5383143,7461312,1,7,-6
5383143,7461312,4,11,-7
5383143,7461312,12,3,9
5120383,5269865,1,1,0
5120383,5269865,3,3,0
5120383,5269865,5,4,1
5120383,5269865,10,2,8
5147381,8672953,1,6,-5
6251119,7815660,3,7,-4
5283932,7574780,1,1,0
5283932,7574780,11,4,7
6374348,7007272,1,1,0
6374348,7007272,2,2,0
4685803,7095508,5,5,0
6848941,6976872,1,3,-2
6848941,6976872,2,1,1
6848941,6976872,5,6,-1
6848941,6976872,9,4,5
4847959,5003673,1,2,-1
4847959,5003673,7,3,4
5176685,7717945,1,2,-1
5146921,6610020,11,12,-1
7022088,8608724,1,7,-6
7022088,8608724,4,8,-4
7022088,8608724,8,1,7
5390251,6285990,1,9,-8
5390251,6285990,2,6,-4
5390251,6285990,5,12,-7
5390251,6285990,9,7,2
5642752,7128086,1,1,0
5642752,7128086,3,9,-6
5642752,7128086,11,11,0
6236903,7082345,1,4,-3
6236903,7082345,2,2,0
4509518,7169158,2,8,-6
4509518,7169158,4,2,2
4509518,7169158,6,1,5
6299496,6971932,1,6,-5
6299496,6971932,3,3,0
6299496,6971932,11,2,9
4909756,7067583,1,1,0
4545190,5323596,1,1,0
4545190,5323596,2,2,0
4545190,5323596,4,8,-4
4545190,5323596,8,4,4
4767130,5324060,3,2,1
4767130,5324060,4,4,0
4767130,5324060,8,10,-2
6256649,7668917,13,5,8
6606970,7485978,8,1,7
6606970,7485978,12,12,0
7179060,7431017,5,5,0
7179060,7431017,10,7,3
7179060,7431017,11,1,10
5184689,7168511,1,10,-9
5184689,7168511,5,13,-8
5184689,7168511,9,1,8
4063103,4775236,9,3,6
4063103,4775236,11,6,5
4799745,8350451,2,3,-1
4799745,8350451,4,4,0
4799745,8350451,9,5,4
5651858,7608870,10,13,-3
6142537,6354635,2,7,-5
6142537,6354635,8,10,-2
6142537,6354635,11,5,6
6429183,8575084,4,1,3
3939839,7179255,1,3,-2
3950061,5035643,1,13,-12
3950061,5035643,2,1,1
7047065,7641619,1,7,-6
6526451,8693558,2,5,-3
4808924,6359434,3,4,-1
4808924,6359434,4,5,-1
4095796,7717426,1,3,-2
4095796,7717426,3,6,-3
6642851,8282226,2,3,-1
6642851,8282226,3,1,2
6642851,8282226,4,5,-1
6642851,8282226,6,10,-4
5024186,5654688,3,4,-1
5603840,7922933,10,6,4
6887228,8048046,1,3,-2
5381189,7045936,1,3,-2
5381189,7045936,3,7,-4
5119295,8056900,1,10,-9
5119295,8056900,2,2,0
6373950,8359360,4,5,-1
5106778,5527723,1,1,0
5106778,5527723,3,11,-8
5106778,5527723,7,6,1
5417630,8540609,1,3,-2
4167331,4867571,13,2,11
7729314,7979564,3,2,1
7729314,7979564,4,1,3
7729314,7979564,6,5,1
4968165,5350245,1,6,-5
4968165,5350245,6,5,1
4968165,5350245,11,4,7
7500390,8328527,1,1,0
7500390,8328527,2,2,0
7500390,8328527,4,9,-5
7500390,8328527,8,8,0
6613452,7645401,5,4,1
6926366,7779494,2,7,-5
6926366,7779494,10,3,7
4006069,4668359,5,6,-1
6368274,8126554,1,8,-7
6368274,8126554,7,9,-2
7015530,7408214,2,2,0
7015530,7408214,6,12,-6
4071876,4616288,10,8,2
4071876,4616288,13,3,10
5344354,8543338,4,5,-1
5344354,8543338,8,1,7
5479155,7293888,5,3,2
5588221,6446648,3,3,0
5588221,6446648,4,1,3
5588221,6446648,5,9,-4
5588221,6446648,9,2,7
5588221,6446648,12,13,-1
6496099,7789875,1,1,0
6496099,7789875,6,5,1
6496099,7789875,11,6,5
4856516,7625403,1,2,-1
5140650,6072871,11,8,3
6960675,7601637,1,1,0
6960675,7601637,2,5,-3
6960675,7601637,10,2,8
6556437,7304843,1,1,0
4833562,5220475,1,3,-2
4833562,5220475,7,4,3
4145303,5132028,1,3,-2
4145303,5132028,2,1,1
4145303,5132028,3,11,-8
4145303,5132028,8,6,2
4145303,5132028,11,2,9
6849894,7592273,5,6,-1
6889907,7474782,1,2,-1
6889907,7474782,2,1,1
6889907,7474782,6,8,-2
6889907,7474782,10,9,1
7640179,8244383,2,5,-3
7640179,8244383,4,11,-7
6455840,8471191,2,2,0
6455840,8471191,3,5,-2
6455840,8471191,5,6,-1
6072347,6194928,4,1,3
6072347,6194928,11,8,3
6072347,6194928,12,9,3
6203497,7567834,2,11,-9
3983366,8162220,2,1,1
5265232,6633958,1,3,-2
5265232,6633958,2,5,-3
5265232,6633958,3,2,1
5265232,6633958,4,1,3
7198718,8590712,1,7,-6
3963179,6378790,1,1,0
5173851,6980968,4,4,0
4326287,4621170,7,10,-3
5642134,8144132,4,1,3
5642134,8144132,6,8,-2
5642134,8144132,12,5,7
4893548,6092457,2,6,-4
4893548,6092457,4,7,-3
4688890,5154869,2,9,-7
4688890,5154869,9,12,-3
4688890,5154869,11,1,10
4310609,7052804,1,12,-11
4310609,7052804,2,6,-4
4310609,7052804,3,9,-6
5076674,7667579,3,2,1
5076674,7667579,8,3,5
5076674,7667579,13,5,8
7303549,8113244,2,4,-2
7303549,8113244,3,5,-2
7303549,8113244,5,1,4
4152467,5318803,1,1,0
4152467,5318803,7,5,2
4152467,5318803,8,11,-3
4457790,6524376,4,7,-3
4457790,6524376,7,11,-4
6579653,8673528,2,4,-2
6579653,8673528,13,10,3
6564940,7725973,1,2,-1
6564940,7725973,5,12,-7
6564940,7725973,11,10,1
6564940,7725973,12,4,8
6365017,6503376,3,2,1
6365017,6503376,5,5,0
6518664,7838982,1,9,-8
6518664,7838982,5,7,-2
6518664,7838982,13,3,10
4772474,4824675,1,1,0
4772474,4824675,6,4,2
4772474,4824675,13,10,3
6244372,6556911,5,3,2
6244372,6556911,7,7,0
4812628,8086539,1,1,0
4404350,8597788,2,4,-2
4404350,8597788,3,3,0
4926473,5649009,2,3,-1
5279596,7204831,6,3,3
6161357,7191571,2,1,1
4374382,7180416,2,3,-1
4462606,5586652,5,2,3
4462606,5586652,6,8,-2
6525873,7342445,2,3,-1
6525873,7342445,3,1,2
6525873,7342445,6,12,-6
7566600,8569128,11,4,7
3932928,4048527,2,1,1
4719583,5406850,4,7,-3
5086780,8696594,1,1,0
6850248,8185822,6,2,4
6850248,8185822,13,4,9
5491301,6560125,3,12,-9
5491301,6560125,4,1,3
5432146,5518986,1,7,-6
5432146,5518986,2,3,-1
5432146,5518986,3,1,2
5432146,5518986,6,13,-7
5432146,5518986,7,5,2
5432146,5518986,10,8,2
6233504,7813836,2,1,1
4897170,5243015,5,5,0
4897170,5243015,8,8,0
4097069,7699354,4,3,1
4097069,7699354,10,6,4
4097069,7699354,12,4,8
6304125,6934674,1,1,0
6304125,6934674,3,3,0
6304125,6934674,7,4,3
6304125,6934674,8,9,-1
6304125,6934674,9,10,-1
5417699,8216252,10,1,9
4002355,5338125,1,6,-5
5359693,7501607,3,5,-2
4210872,7236754,10,5,5
6933527,7655881,1,11,-10
6933527,7655881,3,13,-10
6933527,7655881,6,4,2
5046553,6508302,3,1,2
5046553,6508302,5,3,2
5066936,6471273,2,4,-2
5066936,6471273,4,7,-3
7878528,8469391,1,3,-2
7878528,8469391,2,2,0
7878528,8469391,5,1,4
6914680,7956994,1,2,-1
6914680,7956994,3,6,-3
6914680,7956994,4,3,1
6914680,7956994,6,7,-1
6914680,7956994,9,5,4
6914680,7956994,10,8,2
6243894,6568014,2,1,1
6633761,8327008,2,2,0
6633761,8327008,10,13,-3
5272747,8073440,4,5,-1
4240438,5398681,1,4,-3
4240438,5398681,2,11,-9
6233929,7121091,7,1,6
6233929,7121091,12,2,10
6490236,8677203,4,3,1
6231722,6485610,1,1,0
6231722,6485610,4,2,2
6254178,7611193,1,3,-2
6254178,7611193,3,5,-2
6254178,7611193,6,8,-2
6254178,7611193,12,4,8
6508650,7887327,10,9,1
6508650,7887327,12,3,9
4124946,8166674,7,10,-3
4124946,8166674,8,3,5
4070622,4947107,1,9,-8
4070622,4947107,2,2,0
4070622,4947107,3,11,-8
4070622,4947107,7,4,3
4070622,4947107,12,6,6
3940832,4059872,2,9,-7
4870194,7700647,1,4,-3
3949953,6397755,11,10,1
4260020,5000264,1,9,-8
4260020,5000264,2,2,0
4260020,5000264,5,4,1
4042418,4697041,1,1,0
4042418,4697041,4,4,0
4042418,4697041,6,7,-1
4042418,4697041,7,3,4
5476418,8544533,2,1,1
6608027,8383583,2,2,0
6608027,8383583,3,6,-3
6608027,8383583,4,10,-6
6608027,8383583,5,3,2
4137867,6569299,1,6,-5
4137867,6569299,2,9,-7
7345342,8525260,5,9,-4
7345342,8525260,9,3,6
4841386,7864956,3,11,-8
5525884,8751147,5,10,-5
5525884,8751147,13,13,0
5555876,7477142,4,10,-6
6924663,8525548,2,3,-1
6924663,8525548,8,11,-3
4142873,4308036,1,11,-10
4142873,4308036,2,5,-3
4142873,4308036,4,1,3
4106494,8311629,10,1,9
5386519,7552314,1,2,-1
5386519,7552314,2,6,-4
5386519,7552314,7,5,2
4456622,4935360,2,1,1
4456622,4935360,5,13,-8
6353840,8195671,12,5,7
7047475,8650304,4,1,3
7496961,8561177,6,7,-1
5241183,6844696,3,7,-4
5418837,8442583,4,6,-2
4915494,7785987,8,11,-3
6442496,7076321,2,4,-2
6442496,7076321,4,7,-3
6442496,7076321,10,10,0
6442496,7076321,12,6,6
5023646,8159897,11,12,-1
7051990,8544538,10,13,-3
5336222,6440128,3,6,-3
5336222,6440128,4,1,3
6618762,7340538,11,4,7
8002150,8668116,2,5,-3
8002150,8668116,8,2,6
6501718,7221382,4,8,-4
5221402,6318008,2,11,-9
6321212,7917420,4,2,2
6321212,7917420,5,6,-1
6321212,7917420,12,1,11
5643870,6979671,3,1,2
5643870,6979671,8,7,1
4675869,5596589,2,10,-8
4752902,5268847,10,5,5
5110003,6497756,2,10,-8
6408354,7996581,4,3,1
6408354,7996581,6,5,1
6408354,7996581,11,7,4
5368995,6083674,7,7,0
5368995,6083674,10,12,-2
5022936,5329099,1,7,-6
5022936,5329099,10,11,-1
7130742,7532112,4,5,-1
7130742,7532112,12,2,10
5239210,7696791,7,4,3
5239210,7696791,11,8,3
5239210,7696791,13,12,1
4491452,4793593,4,4,0
4491452,4793593,8,2,6
4491452,4793593,12,3,9
4833310,5648651,1,1,0
4833310,5648651,6,10,-4
4833310,5648651,9,2,7
4099107,4348625,3,2,1
5197477,6354997,3,1,2
5197477,6354997,5,6,-1
5136305,6224198,1,1,0
5069457,6545193,1,3,-2
5069457,6545193,3,2,1
5069457,6545193,4,11,-7
6565616,7815697,1,10,-9
7131135,8009236,1,6,-5
7131135,8009236,3,12,-9
5112690,5627376,2,10,-8
5112690,5627376,4,7,-3
7140464,7441624,4,5,-1
5530455,7619618,1,9,-8
4536555,5248734,2,12,-10
4536555,5248734,3,1,2
4536555,5248734,6,3,3
4536555,5248734,8,4,4
4536555,5248734,10,10,0
6173269,8249986,1,2,-1
6173269,8249986,8,3,5
5179572,7929498,6,1,5
4837546,6486766,1,2,-1
4837546,6486766,4,10,-6
4837546,6486766,7,7,0
5347305,6442547,1,1,0
5347305,6442547,6,12,-6
4938784,6299521,1,8,-7
5201748,8596173,5,2,3
6355038,7507248,1,5,-4
6355038,7507248,3,6,-3
6355038,7507248,4,2,2
5238367,7430989,1,3,-2
5238367,7430989,2,8,-6
5238367,7430989,6,2,4
6298692,7757516,1,1,0
4676772,8733394,1,3,-2
4676772,8733394,4,2,2
4676772,8733394,5,8,-3
4676772,8733394,6,13,-7
4676772,8733394,9,9,0
4676772,8733394,10,6,4
6477446,7014724,4,1,3
6477446,7014724,10,8,2
7821237,8587280,1,1,0
7821237,8587280,5,5,0
7821237,8587280,6,7,-1
7821237,8587280,8,6,2
7821237,8587280,12,4,8
5223287,8277865,2,10,-8
4081002,4747433,5,5,0
4081002,4747433,7,4,3
5442762,6076154,1,9,-8
5442762,6076154,2,7,-5
5442762,6076154,6,11,-5
4864592,8279417,10,8,2
4861499,7439209,9,1,8
4861499,7439209,12,3,9
4872591,6439422,3,3,0
4872591,6439422,4,2,2
4921041,6945317,1,10,-9
4921041,6945317,2,8,-6
4316388,5039492,10,3,7
7623749,8437596,1,5,-4
7623749,8437596,2,1,1
7623749,8437596,7,4,3
7623749,8437596,11,13,-2
5447705,6197719,3,3,0
5447705,6197719,4,1,3
6516603,8240142,7,1,6
4171710,8210215,6,9,-3
4702432,5328127,1,7,-6
4702432,5328127,3,8,-5
4702432,5328127,4,10,-6
4702432,5328127,5,11,-6
6968044,8520805,8,3,5
4932449,7546859,3,1,2
6889225,7193874,1,12,-11
6889225,7193874,2,8,-6
6889225,7193874,3,3,0
6889225,7193874,6,4,2
6889225,7193874,7,2,5
6889225,7193874,8,11,-3
6889225,7193874,11,10,1
5645486,7258220,4,1,3
6257814,7131807,12,13,-1
7572712,8685847,2,7,-5
7572712,8685847,3,13,-10
7572712,8685847,10,4,6
4182592,4555212,1,1,0
4182592,4555212,12,4,8
6333122,6884525,2,11,-9
6333122,6884525,7,8,-1
4448703,5422024,5,1,4
5087260,5304180,5,7,-2
5087260,5304180,9,9,0
5291571,6373631,5,1,4
5291571,6373631,6,2,4
5291571,6373631,12,10,2
6286141,6501469,9,2,7
6144669,6538988,1,3,-2
4785483,5359737,2,1,1
6630673,7440659,2,1,1
4604644,5409865,3,11,-8
7055730,8602287,7,4,3
7815198,8607747,2,1,1
7815198,8607747,5,7,-2
6498602,8115753,6,6,0
7156300,7597248,5,8,-3
6159097,8678901,2,1,1
6159097,8678901,6,2,4
6291143,6894713,2,7,-5
5367433,8477499,10,2,8
5396895,7404716,1,2,-1
4060555,6369276,1,2,-1
5033581,5248859,3,2,1
5003619,6256476,3,2,1
5003619,6256476,4,5,-1
5003619,6256476,12,3,9
6138788,7055643,1,3,-2
6138788,7055643,2,1,1
4503503,7206763,6,5,1
4492670,7462271,1,6,-5
4492670,7462271,4,5,-1
5590668,7299808,1,1,0
6281549,7091565,3,11,-8
3973977,4867758,10,8,2
3973977,4867758,11,1,10
6097371,7755604,4,1,3
6133096,7067415,6,12,-6
6100817,7262709,4,1,3
6664954,7159996,1,6,-5
6664954,7159996,3,1,2
7188358,7844717,5,10,-5
7188358,7844717,6,5,1
6266121,6466296,4,4,0
6266121,6466296,5,10,-5
6266121,6466296,9,1,8
4997109,7428820,1,3,-2
4997109,7428820,3,7,-4
4997109,7428820,4,1,3
4997109,7428820,11,13,-2
6265609,7220780,2,1,1
7540115,7908805,1,1,0
7540115,7908805,2,2,0
7540115,7908805,3,3,0
7540115,7908805,4,4,0
7540115,7908805,5,5,0
7540115,7908805,6,6,0
7540115,7908805,7,7,0
7540115,7908805,8,8,0
7540115,7908805,9,9,0
7540115,7908805,10,10,0
7540115,7908805,11,11,0
7540115,7908805,12,12,0
7540115,7908805,13,13,0
5292303,7261700,1,4,-3
4824242,7194293,1,3,-2
6260062,7761543,1,1,0
6260062,7761543,3,4,-1
6260062,7761543,5,11,-6
6183518,7503936,1,5,-4
6183518,7503936,2,2,0
6183518,7503936,3,10,-7
5177679,6356950,6,10,-4
5177679,6356950,13,12,1
6988110,8046758,12,12,0
4345807,4790191,3,5,-2
7251832,8752202,4,2,2
7734974,8726108,2,6,-4
7734974,8726108,3,1,2
7734974,8726108,6,2,4
4555562,7160974,9,4,5
6263501,8533761,6,4,2
4370021,4721353,6,1,5
4370021,4721353,12,2,10
4370021,4721353,13,4,9
7237031,7480747,2,6,-4
7237031,7480747,4,1,3
6275687,7345547,1,1,0
6275687,7345547,7,9,-2
5341890,8607899,1,3,-2
5341890,8607899,4,4,0
5341890,8607899,9,7,2
6330602,6970913,1,1,0
8211855,8685930,9,1,8
6563038,7414200,1,1,0
4954509,5322848,1,1,0
4954509,5322848,9,9,0
4954509,5322848,13,5,8
4711989,5401686,1,3,-2
4711989,5401686,6,4,2
7301129,7768759,1,2,-1
7301129,7768759,4,6,-2
7301129,7768759,5,5,0
7301129,7768759,9,12,-3
6244709,7029117,2,4,-2
4311597,4559210,2,1,1
4311597,4559210,8,13,-5
4722370,5086812,1,4,-3
4722370,5086812,2,12,-10
5222082,7474284,12,8,4
4288884,7624468,2,1,1
4455622,4669044,2,5,-3
4455622,4669044,7,11,-4
3974481,4905144,10,3,7
4946127,6062523,7,3,4
4946127,6062523,10,11,-1
6922253,7967661,2,11,-9
6922253,7967661,8,4,4
6922253,7967661,10,1,9
4992596,5324620,2,1,1
4793705,6388746,9,12,-3
4793705,6388746,11,2,9
4793705,6388746,12,8,4
6368268,8556798,3,2,1
3950159,8349184,1,8,-7
6310444,6420839,1,1,0
6310444,6420839,8,11,-3
6310444,6420839,10,13,-3
3971131,6530099,3,6,-3
4328557,5343557,4,1,3
4328557,5343557,8,11,-3
4700967,5303949,1,1,0
4700967,5303949,3,3,0
4700967,5303949,12,4,8
4402328,8292880,6,7,-1
5422322,5639407,1,1,0
5422322,5639407,3,2,1
5422322,5639407,6,3,3
5422322,5639407,8,10,-2
7360248,8301684,3,10,-7
7360248,8301684,4,2,2
4073361,6619426,3,3,0
4073361,6619426,5,6,-1
4073361,6619426,10,1,9
4364972,4911961,11,1,10
5400817,6851445,5,3,2
5400817,6851445,6,5,1
6521958,7583534,2,6,-4
6521958,7583534,4,7,-3
6521958,7583534,7,2,5
6521958,7583534,8,10,-2
6521958,7583534,9,4,5
6521958,7583534,12,8,4
5383905,7815659,1,11,-10
5383905,7815659,3,13,-10
5020813,5240266,1,1,0
5020813,5240266,3,12,-9
5020813,5240266,7,2,5
5020813,5240266,10,4,6
7616472,8139393,1,1,0
7616472,8139393,2,2,0
7616472,8139393,3,3,0
7616472,8139393,4,4,0
7616472,8139393,5,5,0
7616472,8139393,6,6,0
7616472,8139393,7,7,0
7616472,8139393,8,8,0
7616472,8139393,9,9,0
7616472,8139393,10,10,0
7616472,8139393,11,11,0
7616472,8139393,12,12,0
7616472,8139393,13,13,0
4842165,5305920,1,2,-1
4842165,5305920,2,1,1
4842165,5305920,3,9,-6
4842165,5305920,6,11,-5
4842165,5305920,7,5,2
4842165,5305920,9,8,1
6867216,7964590,1,2,-1
6867216,7964590,2,6,-4
6867216,7964590,5,3,2
6867216,7964590,7,5,2
6231385,7198503,2,2,0
6231385,7198503,13,10,3
6274949,7634667,2,1,1
5556793,6093624,1,2,-1
5508798,7413181,3,13,-10
5508798,7413181,5,9,-4
5508798,7413181,10,11,-1
4920733,7131268,6,1,5
4920733,7131268,9,2,7
7841411,8714249,1,1,0
7841411,8714249,2,7,-5
7841411,8714249,5,9,-4
7841411,8714249,8,5,3
7453510,8538132,2,10,-8
6944632,8700641,4,4,0
6944632,8700641,12,1,11
6449039,8107167,3,1,2
6449039,8107167,4,5,-1
6449039,8107167,5,3,2
6449039,8107167,8,6,2
6449039,8107167,10,2,8
4466705,4666445,1,1,0
4746990,5260795,4,7,-3
4746990,5260795,6,9,-3
4746990,5260795,8,1,7
4189775,7376255,2,5,-3
4189775,7376255,4,2,2
4189775,7376255,7,4,3
4683529,8212493,1,1,0
4683529,8212493,3,2,1
4683529,8212493,4,8,-4
4683529,8212493,8,6,2
6210257,7210989,1,7,-6
6210257,7210989,5,2,3
6210257,7210989,8,1,7
4055931,7770366,1,3,-2
4055931,7770366,2,9,-7
4055931,7770366,3,1,2
5206096,7247407,2,3,-1
5206096,7247407,7,7,0
4689037,8641564,4,7,-3
4689037,8641564,5,4,1
4689037,8641564,8,5,3
4689037,8641564,12,3,9
7272625,8364822,11,7,4
7587698,8674721,3,6,-3
7587698,8674721,6,9,-3
7587698,8674721,12,7,5
4931454,5254557,4,6,-2
4931454,5254557,5,8,-3
4931454,5254557,10,12,-2
7353360,7587575,3,13,-10
5419117,6446425,1,4,-3
4972504,7590568,7,2,5
6075204,6855882,9,5,4
7390294,7947011,10,9,1
5328033,8056711,1,2,-1
7104738,8328476,1,1,0
6295502,6643586,5,3,2
6295502,6643586,9,5,4
5407212,6450889,3,2,1
5407212,6450889,5,1,4
5317309,7728732,1,8,-7
5317309,7728732,4,10,-6
4266872,5111037,2,1,1
4266872,5111037,3,10,-7
7387474,7645100,3,8,-5
7387474,7645100,4,1,3
7387474,7645100,5,11,-6
4398789,7100220,1,1,0
6639939,7194246,2,2,0
4611101,8280730,4,6,-2
6906625,8154411,3,1,2
6906625,8154411,5,2,3
6906625,8154411,8,5,3
7498568,8053723,5,3,2
7498568,8053723,6,8,-2
7498568,8053723,12,6,6
6287712,8284587,11,13,-2
6199580,7267138,5,1,4
6199580,7267138,6,2,4
5101364,8122143,1,1,0
4927171,7717526,6,3,3
5109353,7035787,1,2,-1
5109353,7035787,5,7,-2
5109353,7035787,10,13,-3
7019125,7658934,4,3,1
7019125,7658934,5,4,1
7019125,7658934,7,7,0
7019125,7658934,9,8,1
7019125,7658934,10,9,1
7019125,7658934,11,10,1
7019125,7658934,13,11,2
5156177,5348450,1,1,0
5156177,5348450,4,3,1
5156177,5348450,8,12,-4
5156177,5348450,12,10,2
5020566,6508265,1,1,0
5020566,6508265,2,2,0
5020566,6508265,6,4,2
3991859,4635760,1,4,-3
3991859,4635760,2,5,-3
3991859,4635760,3,6,-3
3991859,4635760,13,2,11
5643486,8338756,12,2,10
6242041,7691916,7,4,3
5418602,7139438,2,6,-4
5418602,7139438,4,1,3
5118750,8178052,2,13,-11
5118750,8178052,8,1,7
5118750,8178052,9,12,-3
5118750,8178052,11,6,5
4691253,4788600,7,1,6
3930304,4104546,3,5,-2
3930304,4104546,10,13,-3
5115309,8045536,1,4,-3
6662355,7487079,1,12,-11
6662355,7487079,2,10,-8
6662355,7487079,3,1,2
5195170,6462586,4,13,-9
6465325,8592895,2,1,1
6465325,8592895,6,11,-5
4499998,8220701,1,10,-9
4499998,8220701,2,5,-3
7542969,8631012,1,1,0
7542969,8631012,4,7,-3
7458981,8029541,1,4,-3
7458981,8029541,2,2,0
7458981,8029541,3,6,-3
7458981,8029541,5,7,-2
7458981,8029541,10,11,-1
5081429,6363102,4,1,3
3980374,7798829,4,5,-1
4028668,4174537,2,8,-6
5046906,7722302,3,6,-3
5046906,7722302,4,1,3
5046906,7722302,7,2,5
5046906,7722302,12,12,0
5581979,6082081,1,12,-11
5581979,6082081,3,1,2
5581979,6082081,12,5,7
5365451,7999670,11,6,5
4854261,6419313,2,6,-4
5248172,8109539,7,9,-2
6256534,6445950,1,5,-4
6256534,6445950,5,4,1
6256534,6445950,13,12,1
4882663,8358157,1,13,-12
4882663,8358157,6,3,3
4371103,5314523,1,2,-1
4371103,5314523,4,10,-6
6441858,6919902,4,9,-5
6441858,6919902,7,3,4
4115650,4279899,2,7,-5
4115650,4279899,3,5,-2
4115650,4279899,4,2,2
5006146,5286271,1,1,0
5006146,5286271,4,6,-2
5006146,5286271,10,7,3
5006146,5286271,11,4,7
4801501,5362925,2,4,-2
4801501,5362925,3,3,0
4801501,5362925,4,2,2
4181370,4254997,1,6,-5
4181370,4254997,2,1,1
4181370,4254997,3,5,-2
4181370,4254997,4,3,1
4181370,4254997,5,10,-5
4181370,4254997,6,11,-5
4181370,4254997,7,12,-5
4181370,4254997,9,4,5
7061693,8231219,11,1,10
5066883,6534924,2,7,-5
5066883,6534924,13,12,1
6900433,8487248,1,1,0
6900433,8487248,2,2,0
6900433,8487248,3,3,0
4142727,6884183,2,1,1
4142727,6884183,4,4,0
4142727,6884183,5,5,0
4142727,6884183,7,12,-5
6507997,7581310,1,3,-2
6507997,7581310,2,1,1
6507997,7581310,7,5,2
6507997,7581310,9,6,3
5224163,7076652,12,2,10
7532872,7949805,2,2,0
7532872,7949805,7,11,-4
7532872,7949805,13,9,4
3942271,6860044,1,9,-8
3942271,6860044,3,1,2
3942271,6860044,9,3,6
4062654,7659427,1,9,-8
4062654,7659427,5,4,1
4062654,7659427,7,5,2
4062654,7659427,8,2,6
3978580,6892437,1,1,0
3978580,6892437,3,3,0
3978580,6892437,4,7,-3
3978580,6892437,5,13,-8
4042026,8579031,3,2,1
7197363,8672933,1,4,-3
7197363,8672933,2,1,1
7197363,8672933,4,10,-6
7197363,8672933,5,5,0
5032147,7377341,6,9,-3
5032147,7377341,10,8,2
6642045,8349551,2,2,0
6642045,8349551,4,1,3
5324324,8409268,2,5,-3
6275993,6874162,5,2,3
5082179,6478234,5,4,1
5082179,6478234,9,8,1
6539011,7978726,5,5,0
5451260,8515516,12,13,-1
4152214,7642252,2,2,0
4152214,7642252,3,3,0
3958090,7750262,1,2,-1
3958090,7750262,2,1,1
3958090,7750262,11,4,7
4980894,5347532,2,4,-2
4980894,5347532,5,1,4
5492164,8443550,1,2,-1
4401112,7500977,10,8,2
5353712,7882786,12,13,-1
5236657,7335006,1,1,0
5236657,7335006,2,4,-2
6065120,8590008,2,1,1
4805538,7690317,3,6,-3
4496984,5057942,6,1,5
4496984,5057942,13,3,10
7422262,8109553,1,1,0
5578840,6068662,2,2,0
5628814,8273148,2,1,1
5628814,8273148,4,3,1
5628814,8273148,11,11,0
5628814,8273148,13,4,9
5010440,5329063,2,5,-3
5010440,5329063,6,1,5
5010440,5329063,8,12,-4
5010440,5329063,10,9,1
5010440,5329063,13,10,3
6609500,7228844,1,3,-2
6609500,7228844,6,12,-6
6609500,7228844,7,9,-2
6609500,7228844,9,1,8
5233338,7430018,5,7,-2
4701029,5032009,7,13,-6
4701029,5032009,10,4,6
4892138,5181555,2,11,-9
4892138,5181555,13,4,9
3990598,6405885,8,8,0
5170910,7478738,8,4,4
7722733,8690120,2,2,0
7722733,8690120,4,8,-4
4034742,7458929,2,1,1
4034742,7458929,6,3,3
4034742,7458929,11,10,1
6304492,8605518,4,2,2
6304492,8605518,10,11,-1
5017873,8478525,6,13,-7
4980053,6905591,3,2,1
4980053,6905591,4,3,1
7636797,8332557,2,4,-2
7636797,8332557,3,3,0
7636797,8332557,12,6,6
4460579,6544978,3,8,-5
4460579,6544978,9,9,0
4315508,7377914,12,3,9
6939013,8519945,2,2,0
6939013,8519945,4,9,-5
5440423,7592598,8,1,7
5440423,7592598,11,2,9
5149690,7250390,1,2,-1
5149690,7250390,3,5,-2
5149690,7250390,4,6,-2
5149690,7250390,10,4,6
5149690,7250390,12,3,9
6067470,8290585,1,2,-1
6067470,8290585,2,5,-3
6067470,8290585,11,6,5
5655530,8165357,6,4,2
7037249,8083657,1,2,-1
7037249,8083657,5,4,1
7037249,8083657,7,12,-5
7037249,8083657,9,3,6
5417980,6316020,3,1,2
5417980,6316020,6,11,-5
4498076,8279068,1,11,-10
6515098,7147906,1,8,-7
6515098,7147906,12,2,10
6515098,7147906,13,3,10
4389493,5284641,1,2,-1
4361153,5626630,2,2,0
4361153,5626630,3,4,-1
6962589,7537595,1,9,-8
6962589,7537595,3,10,-7
6962589,7537595,5,13,-8
4239392,4639586,3,4,-1
6203528,8567235,4,2,2
6203528,8567235,5,3,2
6207577,7312532,1,1,0
6207577,7312532,5,3,2
6207577,7312532,8,9,-1
6207577,7312532,12,6,6
6539702,7921966,3,7,-4
5410346,8144195,3,2,1
5410346,8144195,7,4,3
5410346,8144195,9,5,4
5130297,6548067,1,11,-10
5130297,6548067,3,4,-1
4980133,5135047,3,2,1
4980133,5135047,5,3,2
4980133,5135047,8,5,3
8128753,8235487,2,2,0
8128753,8235487,5,11,-6
8128753,8235487,6,12,-6
8128753,8235487,7,4,3
8128753,8235487,9,10,-1
6275225,6473707,2,8,-6
6275225,6473707,5,11,-6
6275225,6473707,9,12,-3
6425919,7052516,8,2,6
7007523,8052016,3,6,-3
7007523,8052016,6,3,3
7007523,8052016,10,9,1
4140719,4927980,4,7,-3
4140719,4927980,7,11,-4
5420334,7826982,10,9,1
5350104,8348122,1,2,-1
5350104,8348122,4,4,0
5350104,8348122,6,5,1
5350104,8348122,11,1,10
6281367,8518987,7,10,-3
6281367,8518987,8,11,-3
6281367,8518987,9,12,-3
6281367,8518987,10,13,-3
3932298,3990984,5,5,0
3932298,3990984,7,1,6
4984158,7490603,10,12,-2
6960781,8268684,1,3,-2
6960781,8268684,3,7,-4
5128672,7113172,3,2,1
5128672,7113172,5,6,-1
6967574,7853206,6,12,-6
6967574,7853206,11,8,3
5181739,6997277,9,5,4
5621855,8015018,2,5,-3
5144798,8707684,1,1,0
5144798,8707684,2,2,0
5144798,8707684,4,8,-4
5143250,7124911,3,2,1
6845417,8595567,3,1,2
6845417,8595567,4,2,2
6845417,8595567,6,8,-2
6838484,7855229,1,8,-7
6838484,7855229,3,12,-9
4541083,4688204,1,8,-7
4541083,4688204,6,4,2
4955119,5248074,3,12,-9
4214631,4926946,2,1,1
4214631,4926946,4,5,-1
4214631,4926946,10,9,1
5079762,5287535,4,1,3
5079762,5287535,9,10,-1
4007743,7963952,7,4,3
5036184,6254005,1,2,-1
5036184,6254005,7,1,6
7248424,7974030,8,8,0
5032237,8574396,8,6,2
6877647,8091753,2,8,-6
6877647,8091753,6,2,4
6877647,8091753,7,10,-3
6877647,8091753,8,7,1
6877647,8091753,10,3,7
4131285,4243235,1,3,-2
4131285,4243235,6,1,5
5225037,6433574,10,13,-3
4690172,5238054,2,1,1
4690172,5238054,3,2,1
4690172,5238054,6,3,3
5597732,7718057,5,12,-7
7822837,8275830,1,9,-8
7192450,8285354,2,1,1
6375567,8753196,1,2,-1
6375567,8753196,3,9,-6
6375567,8753196,5,5,0
6375567,8753196,10,12,-2
5084506,8020353,11,12,-1
5084506,8020353,13,2,11
5631027,8388037,6,3,3
6953087,7320364,1,2,-1
6953087,7320364,10,11,-1
6953087,7320364,11,8,3
6101390,6952181,5,9,-4
6101390,6952181,6,1,5
6488349,7988247,2,1,1
6488349,7988247,5,7,-2
6488349,7988247,13,10,3
6975663,8736652,1,6,-5
6975663,8736652,5,8,-3
6975663,8736652,6,2,4
6975663,8736652,10,5,5
4926336,6507850,5,7,-2
6479429,7682424,1,12,-11
6479429,7682424,3,1,2
5596547,6092025,7,4,3
5581295,8472066,2,11,-9
5581295,8472066,4,3,1
6059719,8298291,1,6,-5
4703756,8260392,3,1,2
4703756,8260392,10,5,5
7013273,7844454,5,6,-1
7013273,7844454,9,3,6
4324281,4745145,3,2,1
4324281,4745145,6,7,-1
4324281,4745145,9,6,3
4660942,8363317,3,4,-1
4660942,8363317,6,1,5
4880383,6171107,1,7,-6
4880383,6171107,7,1,6
4880383,6171107,13,12,1
4422733,8665525,3,9,-6
4422733,8665525,4,10,-6
4422733,8665525,6,3,3
5400611,6928826,2,4,-2
5400611,6928826,3,8,-5
5400611,6928826,7,13,-6
3953770,7350445,2,3,-1
3953770,7350445,7,4,3
6144424,7307675,7,2,5
6174235,7749063,1,2,-1
4182889,4714709,9,13,-4
6126540,6457258,1,3,-2
4615930,4746559,1,1,0
4615930,4746559,6,3,3
4615930,4746559,9,9,0
4615930,4746559,13,2,11
6328765,7799077,13,10,3
6452588,7962857,11,8,3
8611244,8724653,1,1,0
8611244,8724653,4,6,-2
8611244,8724653,7,8,-1
7353355,8645748,10,3,7
6333522,7397119,7,13,-6
6236365,8275352,1,5,-4
6334089,7110879,1,3,-2
6334089,7110879,2,1,1
6334089,7110879,5,2,3
5424589,8577951,1,7,-6
4712175,5201058,3,3,0
4712175,5201058,9,1,8
4712175,5201058,12,13,-1
4305802,5417821,1,12,-11
4305802,5417821,3,4,-1
6459764,7486768,2,1,1
6459764,7486768,3,2,1
6459764,7486768,6,5,1
6159006,7670141,1,7,-6
6159006,7670141,2,5,-3
6159006,7670141,3,3,0
7238534,8702624,5,2,3
7121780,7954769,9,7,2
5318338,8651566,5,9,-4
5398403,7471183,9,2,7
6074286,7628680,7,9,-2
4411894,7122553,4,1,3
6954602,8725024,1,7,-6
6954602,8725024,3,3,0
6954602,8725024,5,5,0
6163497,8270240,13,6,7
5273542,7875003,5,10,-5
5273542,7875003,7,3,4
6179900,7780764,2,8,-6
3989970,6501231,10,3,7
4778682,6099891,1,2,-1
4778682,6099891,3,1,2
4778682,6099891,7,10,-3
4778682,6099891,13,11,2
4331649,4792527,2,13,-11
4331649,4792527,13,1,12
4443329,4623636,4,1,3
4443329,4623636,5,2,3
7295119,8717166,6,10,-4
7295119,8717166,11,3,8
5270964,7172465,4,10,-6
5270964,7172465,7,3,4
7784161,8250023,4,4,0
7784161,8250023,10,2,8
7784161,8250023,12,3,9
7337140,8364575,2,1,1
5068339,5578253,1,1,0
5068339,5578253,4,7,-3
5068339,5578253,7,2,5
5068339,5578253,8,10,-2
5068339,5578253,10,5,5
4048964,4445483,1,2,-1
4048964,4445483,2,1,1
5600592,6535432,4,7,-3
5600592,6535432,5,4,1
8383855,8754237,2,1,1
8383855,8754237,3,2,1
8383855,8754237,4,9,-5
5493596,8644453,12,2,10
7009562,8149166,4,10,-6
4573744,8500210,1,2,-1
4573744,8500210,5,1,4
4573744,8500210,11,8,3
5410685,7133820,4,2,2
6860847,8282660,13,11,2
6231583,7338507,1,5,-4
6231583,7338507,2,7,-5
4626887,6534816,9,13,-4
6987349,7475461,1,1,0
6987349,7475461,2,2,0
6987349,7475461,3,3,0
6987349,7475461,4,4,0
6987349,7475461,6,5,1
6987349,7475461,7,6,1
6987349,7475461,8,7,1
6987349,7475461,9,8,1
6987349,7475461,11,9,2
6987349,7475461,12,10,2
5594570,7379137,1,3,-2
5594570,7379137,2,5,-3
5594570,7379137,4,6,-2
5219786,6569724,2,12,-10
5219786,6569724,7,6,1
5245493,6525902,1,10,-9
5245493,6525902,2,3,-1
5245493,6525902,3,1,2
5245493,6525902,7,12,-5
5245493,6525902,9,13,-4
5245493,6525902,11,11,0
5245493,6525902,13,4,9
4336943,6568692,1,2,-1
5274187,6506943,11,11,0
5353301,7620509,11,11,0
4928688,8244371,5,6,-1
5569730,6350832,1,2,-1
5197233,8342780,4,3,1
5197233,8342780,10,9,1
5578533,6255239,6,1,5
5578533,6255239,13,4,9
4941615,5273189,2,7,-5
4653509,7399303,6,3,3
4653509,7399303,13,10,3
4436779,7918057,1,1,0
4436779,7918057,9,3,6
4771303,7068929,11,13,-2
6627461,7688062,2,4,-2
5036015,7604527,2,12,-10
5036015,7604527,3,1,2
5036015,7604527,5,7,-2
5191268,5286967,4,3,1
6139544,7150743,1,1,0
6139544,7150743,2,2,0
7063497,7845482,2,4,-2
7063497,7845482,3,11,-8
7063497,7845482,4,9,-5
7063497,7845482,5,2,3
7063497,7845482,9,13,-4
6079103,6968623,1,1,0
6079103,6968623,4,8,-4
6079103,6968623,6,3,3
4327948,6088646,2,1,1
4327948,6088646,5,5,0
4327948,6088646,11,12,-1
4327948,6088646,13,4,9
4536944,4682404,3,6,-3
4536944,4682404,5,2,3
4536944,4682404,7,1,6
4536944,4682404,9,4,5
8066322,8641131,8,10,-2
8066322,8641131,10,2,8
6621131,7335545,3,7,-4
7004901,8668645,1,2,-1
7115108,7789857,6,12,-6
7115108,7789857,11,11,0
7115108,7789857,12,5,7
7118531,8723640,6,5,1
5563998,7315979,10,6,4
5059166,6855125,3,5,-2
6088653,6654685,2,13,-11
6088653,6654685,5,1,4
6088653,6654685,11,3,8
6132185,7632060,1,9,-8
6132185,7632060,3,1,2
6859410,7359279,1,3,-2
6859410,7359279,6,1,5
5222826,7624955,6,8,-2
5222826,7624955,7,3,4
5222826,7624955,9,9,0
7055067,7502031,2,8,-6
7055067,7502031,6,9,-3
4980289,6309853,7,5,2
4980289,6309853,8,6,2
6664008,8685562,1,2,-1
6664008,8685562,2,8,-6
6664008,8685562,11,1,10
6290668,8628519,3,2,1
6290668,8628519,5,1,4
6290668,8628519,7,6,1
6290668,8628519,9,5,4
4918825,5570513,1,5,-4
4918825,5570513,2,1,1
4918825,5570513,3,11,-8
4172274,6237236,2,6,-4
4172274,6237236,3,1,2
4172274,6237236,6,5,1
4172274,6237236,13,12,1
5588432,7615015,2,9,-7
5588432,7615015,5,1,4
7215882,7477400,3,1,2
7215882,7477400,8,10,-2
4944364,6390312,1,8,-7
4944364,6390312,2,1,1
4944364,6390312,7,6,1
4937706,6388547,5,3,2
6569814,7334636,12,13,-1
4834757,7749273,7,2,5
7272815,7877731,1,3,-2
4312388,6484761,7,7,0
6208557,7986555,10,7,3
6208557,7986555,11,4,7
5037427,5407432,4,3,1
5037427,5407432,9,7,2
4618804,4979550,6,1,5
5184182,5335831,1,8,-7
5184182,5335831,2,2,0
5184182,5335831,3,10,-7
5184182,5335831,6,9,-3
5184182,5335831,11,6,5
4130671,7172663,3,4,-1
4127782,6166516,1,5,-4
4127782,6166516,3,3,0
3942271,4189854,3,4,-1
6399939,7281428,1,1,0
6399939,7281428,4,8,-4
6399939,7281428,8,2,6
6399939,7281428,11,13,-2
4822361,6334872,9,3,6
6350704,7700989,13,1,12
4962053,5482874,2,13,-11
4962053,5482874,4,2,2
4962053,5482874,5,3,2
4083737,6547903,4,2,2
5301336,8539367,1,2,-1
5301336,8539367,7,13,-6
5301336,8539367,11,8,3
6643266,8515014,6,2,4
6527350,7387349,1,1,0
6527350,7387349,2,2,0
6527350,7387349,3,3,0
6527350,7387349,4,4,0
6527350,7387349,5,5,0
6527350,7387349,6,6,0
6527350,7387349,7,7,0
6527350,7387349,8,8,0
6527350,7387349,9,9,0
6527350,7387349,10,10,0
6527350,7387349,11,11,0
6527350,7387349,12,12,0
6527350,7387349,13,13,0
4158953,5007258,5,1,4
4158953,5007258,13,2,11
4784738,7658827,1,4,-3
6650784,7126506,2,4,-2
6650784,7126506,3,1,2
6650784,7126506,6,8,-2
6650784,7126506,7,10,-3
3967597,4773374,6,2,4
6895115,8719803,1,3,-2
6895115,8719803,10,1,9
6288393,7088852,7,3,4
5083983,8118698,1,1,0
5083983,8118698,8,11,-3
5083983,8118698,9,12,-3
5028073,6920951,1,6,-5
6503147,7695363,2,1,1
4054186,4103760,5,9,-4
4054186,4103760,13,1,12
4002479,4853743,3,2,1
4002479,4853743,6,8,-2
4002479,4853743,10,4,6
7544596,8603907,1,3,-2
7544596,8603907,2,4,-2
7544596,8603907,3,1,2
7544596,8603907,4,2,2
7544596,8603907,6,6,0
7544596,8603907,9,13,-4
7544596,8603907,12,7,5
4381714,5365862,1,2,-1
4381714,5365862,2,5,-3
4381714,5365862,4,10,-6
4381714,5365862,5,6,-1
4825019,5521596,1,3,-2
4825019,5521596,2,1,1
4825019,5521596,3,2,1
4825019,5521596,8,9,-1
7563175,8187118,3,7,-4
7563175,8187118,4,9,-5
7563175,8187118,5,13,-8
5151191,6863823,5,2,3
5560561,6161786,2,2,0
5560561,6161786,3,8,-5
5560561,6161786,4,13,-9
5560561,6161786,8,3,5
5560561,6161786,9,1,8
5560561,6161786,10,4,6
5150911,6474676,1,1,0
5150911,6474676,2,10,-8
5150911,6474676,4,11,-7
4103952,5382063,3,8,-5
4633562,5301924,1,1,0
4633562,5301924,5,4,1
4633562,5301924,10,3,7
7494910,8299605,1,2,-1
7494910,8299605,7,8,-1
7494910,8299605,8,4,4
7494910,8299605,11,9,2
7408806,8524561,7,3,4
7551967,8099176,1,1,0
7551967,8099176,2,3,-1
3952786,5186676,2,7,-5
3952786,5186676,11,12,-1
3952786,5186676,12,1,11
4861100,6543842,1,5,-4
4861100,6543842,9,11,-2
4861100,6543842,11,3,8
6249584,8331546,6,2,4
5104109,5479567,2,2,0
5104109,5479567,3,5,-2
6605807,8049878,7,12,-5
4942592,5249204,3,6,-3
4942592,5249204,4,1,3
4942592,5249204,7,4,3
5491749,7096357,3,3,0
5491749,7096357,5,6,-1
6422787,7544016,3,6,-3
6422787,7544016,9,2,7
5119397,7917145,3,2,1
6285364,8478345,2,9,-7
6285364,8478345,4,4,0
6285364,8478345,7,2,5
6285364,8478345,8,6,2
6285364,8478345,9,7,2
6450460,7753322,1,1,0
4004237,7865177,4,7,-3
4004237,7865177,12,1,11
5131121,7134788,1,7,-6
5131121,7134788,6,3,3
5266383,6521323,2,1,1
5266383,6521323,4,7,-3
4865788,6662515,11,4,7
7551671,8737436,12,2,10
4794531,6856704,1,12,-11
4794531,6856704,4,1,3
4562516,5392200,3,4,-1
4562516,5392200,5,2,3
4562516,5392200,6,7,-1
4562516,5392200,9,6,3
4562516,5392200,11,1,10
4897960,6470626,1,2,-1
4897960,6470626,2,3,-1
4897960,6470626,3,4,-1
4897960,6470626,5,1,4
5389096,7678145,3,2,1
4550605,6148488,3,8,-5
4179492,4960581,3,5,-2
4296328,5006244,7,3,4
6264086,8360297,1,6,-5
6264086,8360297,2,5,-3
6264086,8360297,3,2,1
6264086,8360297,7,9,-2
5045565,5242944,10,9,1
4708866,5407666,1,1,0
4708866,5407666,11,11,0
4063246,8420949,2,10,-8
4063246,8420949,6,3,3
6228515,6838188,1,13,-12
5109893,8517064,4,3,1
6076948,7246917,2,12,-10
6076948,7246917,5,1,4
6076948,7246917,9,10,-1
4675850,4788667,1,1,0
4675850,4788667,2,11,-9
4675850,4788667,4,12,-8
4675850,4788667,6,10,-4
6205411,7873400,4,7,-3
6932270,8010405,2,1,1
6401047,7116096,5,11,-6
6401047,7116096,13,7,6
6071219,7341411,1,6,-5
6071219,7341411,4,1,3
6321158,8350849,4,12,-8
5408527,7082106,3,5,-2
5137021,7647102,6,3,3
5137021,7647102,13,13,0
5610587,7474209,2,1,1
5610587,7474209,12,10,2
5183424,6979241,5,4,1
5183424,6979241,7,8,-1
5183424,6979241,8,11,-3
5031249,7765625,1,5,-4
5031249,7765625,4,2,2
5031249,7765625,9,8,1
4466587,5490644,2,3,-1
6370142,7487251,2,1,1
6370142,7487251,6,6,0
6370142,7487251,7,9,-2
6954673,8456301,1,2,-1
6954673,8456301,8,5,3
7448350,8495977,6,8,-2
6393148,7746385,11,1,10
4311587,4747822,3,2,1
4311587,4747822,7,5,2
4311587,4747822,10,1,9
4311587,4747822,11,13,-2
4228931,6398133,4,1,3
4228931,6398133,5,3,2
5490503,7549419,2,3,-1
5490503,7549419,3,4,-1
5490503,7549419,7,7,0
3933005,4133186,1,7,-6
3933005,4133186,3,2,1
3933005,4133186,4,3,1
5081977,5590535,1,3,-2
5081977,5590535,9,2,7
5081977,5590535,10,4,6
5649963,8545535,1,2,-1
5649963,8545535,3,1,2
4218698,8272011,4,3,1
4986623,6094284,2,1,1
5331118,6199292,11,9,2
5331118,6199292,12,5,7
6501828,7272208,1,2,-1
6501828,7272208,5,1,4
6501828,7272208,7,3,4
6501828,7272208,8,9,-1
7123994,8010240,1,2,-1
7123994,8010240,2,6,-4
7123994,8010240,3,12,-9
7123994,8010240,4,1,3
7123994,8010240,5,9,-4
4410571,6090195,9,13,-4
6220180,7607625,2,8,-6
7031567,7887243,2,2,0
7031567,7887243,4,5,-1
7031567,7887243,12,12,0
4443762,5343152,2,10,-8
4443762,5343152,4,2,2
4443762,5343152,5,7,-2
4443762,5343152,7,1,6
4328057,5470418,2,1,1
4328057,5470418,13,5,8
6096169,8388803,3,4,-1
6096169,8388803,5,7,-2
4117634,4905417,1,1,0
4117634,4905417,5,9,-4
5527320,7905890,1,2,-1
5527320,7905890,2,3,-1
5527320,7905890,9,13,-4
6122503,8032112,10,4,6
4093853,4182953,12,2,10
3933926,7763753,5,10,-5
3933926,7763753,8,8,0
4664247,6520300,1,2,-1
4664247,6520300,6,9,-3
4702594,6092414,9,7,2
4857898,6078270,11,4,7
4782644,5415186,1,2,-1
4782644,5415186,6,10,-4
7192594,7968285,11,5,6
7706080,8441557,1,1,0
7706080,8441557,2,2,0
7706080,8441557,9,4,5
7706080,8441557,10,7,3
5200719,7564695,2,2,0
5200719,7564695,3,11,-8
4755323,7638641,13,3,10
4308523,7171049,1,1,0
4308523,7171049,5,5,0
4308523,7171049,6,6,0
4308523,7171049,7,7,0
6366794,8275437,4,4,0
6366794,8275437,12,9,3
4345796,4701854,1,1,0
4345796,4701854,3,2,1
4345796,4701854,6,3,3
4345796,4701854,8,4,4
4345796,4701854,9,8,1
5178190,7367359,1,8,-7
5178190,7367359,2,3,-1
5178190,7367359,8,7,1
5489879,6600792,4,1,3
6542961,7003567,2,2,0
6542961,7003567,5,9,-4
6542961,7003567,10,8,2
6484943,6871780,2,12,-10
6484943,6871780,7,3,4
5525616,7768295,10,7,3
5321017,7851460,2,1,1
6468924,7674337,3,2,1
6468924,7674337,9,10,-1
6661789,7257127,3,5,-2
6661789,7257127,5,4,1
8137655,8535418,1,10,-9
8137655,8535418,2,4,-2
5034287,8748056,1,11,-10
4204225,4335427,5,7,-2
4204225,4335427,7,8,-1
4204225,4335427,9,1,8
4204225,4335427,11,6,5
4204225,4335427,12,12,0
6080475,8691007,1,5,-4
6080475,8691007,5,8,-3
6519279,7218898,7,3,4
7729480,8688088,6,2,4
4413685,8634992,1,2,-1
4413685,8634992,2,10,-8
4413685,8634992,4,5,-1
4413685,8634992,6,7,-1
4413685,8634992,11,9,2
6934341,7340223,5,12,-7
6934341,7340223,11,3,8
8085553,8581343,2,8,-6
8085553,8581343,13,3,10
4487375,7270292,1,5,-4
4487375,7270292,2,1,1
4487375,7270292,3,3,0
4487375,7270292,4,2,2
4487375,7270292,5,4,1
4487375,7270292,10,6,4
4487375,7270292,11,12,-1
4436223,6296147,4,3,1
6176323,8704159,2,1,1
6176323,8704159,3,2,1
4345262,6508946,1,3,-2
4345262,6508946,8,2,6
4345262,6508946,10,1,9
4598252,7853290,2,1,1
4598252,7853290,4,2,2
4009939,4795236,1,2,-1
4009939,4795236,4,5,-1
4009939,4795236,13,4,9
7140401,8267127,5,2,3
4901362,8611607,1,4,-3
4901362,8611607,11,11,0
3950409,6657067,5,11,-6
3950409,6657067,8,8,0
3950409,6657067,10,12,-2
3950409,6657067,12,13,-1
4260466,4810524,10,8,2
4189652,4833683,11,5,6
6918571,8350652,1,3,-2
6918571,8350652,2,8,-6
4025132,5476423,2,2,0
5507259,5651337,1,3,-2
7822139,8693507,9,12,-3
5026345,7481797,1,8,-7
5026345,7481797,2,1,1
5026345,7481797,7,11,-4
4124549,5422187,2,1,1
4124549,5422187,10,3,7
5291689,5601481,1,1,0
5291689,5601481,2,2,0
5291689,5601481,3,3,0
5291689,5601481,4,4,0
5291689,5601481,5,5,0
5291689,5601481,6,6,0
5291689,5601481,7,7,0
5291689,5601481,8,8,0
5291689,5601481,9,9,0
5291689,5601481,10,10,0
5291689,5601481,11,11,0
5291689,5601481,12,12,0
5291689,5601481,13,13,0
6182157,7403998,2,3,-1
6182157,7403998,10,4,6
6452766,7928710,2,7,-5
6452766,7928710,3,11,-8
6452766,7928710,8,5,3
6452766,7928710,12,3,9
5153483,6555968,4,5,-1
4869521,6991247,4,7,-3
4869521,6991247,11,1,10
4953377,7752699,1,9,-8
4953377,7752699,2,1,1
7348763,8324865,1,1,0
7348763,8324865,3,2,1
4631995,4754672,1,5,-4
4631995,4754672,9,4,5
4631995,4754672,13,10,3
6214407,8637110,1,7,-6
6214407,8637110,3,9,-6
4361094,5158020,8,9,-1
4361094,5158020,9,4,5
5282362,7014426,1,3,-2
5282362,7014426,2,6,-4
5282362,7014426,8,1,7
4672187,5245596,3,3,0
4672187,5245596,10,7,3
4672187,5245596,11,1,10
5436390,6897363,3,3,0
5436390,6897363,4,4,0
5436390,6897363,5,5,0
5436390,6897363,6,8,-2
5436390,6897363,7,6,1
5436390,6897363,8,11,-3
5436390,6897363,9,13,-4
5436390,6897363,11,10,1
4094650,8734547,4,5,-1
4094650,8734547,12,3,9
5433700,6293920,2,3,-1
5433700,6293920,10,5,5
5433700,6293920,13,9,4
7927456,8673115,1,1,0
7927456,8673115,2,2,0
7927456,8673115,3,3,0
7927456,8673115,4,5,-1
7927456,8673115,5,6,-1
7927456,8673115,6,4,2
7927456,8673115,7,7,0
7927456,8673115,10,13,-3
7927456,8673115,11,9,2
7927456,8673115,13,10,3
4746477,7718251,4,4,0
5424555,5641971,13,5,8
6076077,7349578,1,1,0
4423794,8277349,6,7,-1
4874344,6513164,7,1,6
4425153,6451737,1,6,-5
4425153,6451737,8,10,-2
4425153,6451737,9,11,-2
5480589,7201815,1,1,0
6291247,8007800,2,1,1
4977848,7008015,2,1,1
4977848,7008015,11,5,6
6337951,7679656,13,3,10
6343048,7840368,1,2,-1
6343048,7840368,2,7,-5
6343048,7840368,10,1,9
6343048,7840368,11,6,5
6671262,7533174,2,1,1
6671262,7533174,5,2,3
5184810,6073325,1,5,-4
5166085,7855106,4,1,3
5166085,7855106,5,2,3
5166085,7855106,9,8,1
6097372,8482530,10,11,-1
6362057,8211803,5,6,-1
6362057,8211803,9,2,7
3950210,8337652,1,1,0
3950210,8337652,3,3,0
3950210,8337652,4,13,-9
3950210,8337652,10,2,8
6333759,8749367,3,6,-3
6333759,8749367,11,5,6
6333759,8749367,12,13,-1
4464753,7721178,1,6,-5
4464753,7721178,2,7,-5
4464753,7721178,4,3,1
4464753,7721178,6,2,4
4464753,7721178,8,5,3
6383847,7703068,4,6,-2
4887635,7066204,5,3,2
7127236,8688526,2,6,-4
7127236,8688526,5,2,3
7127236,8688526,6,3,3
7127236,8688526,9,1,8
5484444,8696728,7,10,-3
4392548,6890018,8,13,-5
4263010,5417102,13,7,6
4752503,5476685,7,8,-1
4752503,5476685,9,2,7
3947927,4833901,1,3,-2
3947927,4833901,4,7,-3
3973600,5582097,1,1,0
6241935,6984117,2,8,-6
6241935,6984117,3,6,-3
4896029,5555313,2,6,-4
3984526,4120938,1,1,0
3984526,4120938,2,2,0
3984526,4120938,3,3,0
3984526,4120938,4,4,0
3984526,4120938,5,5,0
3984526,4120938,6,6,0
3984526,4120938,7,7,0
3984526,4120938,8,8,0
3984526,4120938,9,9,0
3984526,4120938,10,10,0
3984526,4120938,11,11,0
3984526,4120938,12,12,0
3984526,4120938,13,13,0
4460053,6896075,1,8,-7
4140108,5120320,1,3,-2
4140108,5120320,2,7,-5
4140108,5120320,4,1,3
4140108,5120320,5,13,-8
7207142,7615945,1,7,-6
6233494,6574524,1,2,-1
6233494,6574524,6,6,0
6233494,6574524,9,8,1
4228482,5191687,7,4,3
7156846,8409197,3,1,2
7156846,8409197,4,5,-1
6950101,7209602,2,2,0
6950101,7209602,6,5,1
4369987,6871861,12,11,1
5524970,7258219,3,1,2
5051380,5631174,7,13,-6
4176980,4717278,5,9,-4
4176980,4717278,7,1,6
5486491,7297650,5,9,-4
5486491,7297650,6,6,0
5486491,7297650,7,10,-3
5486491,7297650,10,7,3
5486491,7297650,11,12,-1
5486491,7297650,13,13,0
5623606,7380027,4,5,-1
5623606,7380027,8,4,4
4850125,6418652,1,4,-3
4850125,6418652,2,12,-10
4850125,6418652,12,1,11
4546179,5369083,1,3,-2
5197000,8626551,3,5,-2
5197000,8626551,7,7,0
5197000,8626551,11,3,8
4706246,7440410,3,12,-9
4706246,7440410,10,5,5
4622136,7329342,1,1,0
4009388,4634882,1,1,0
4009388,4634882,3,6,-3
4009388,4634882,9,5,4
5167628,6241699,8,11,-3
5167628,6241699,10,3,7
4605787,4935552,4,2,2
4605787,4935552,6,6,0
4605787,4935552,10,11,-1
4605787,4935552,11,3,8
4350970,5327347,6,4,2
6568678,8267404,2,1,1
7190696,7697527,8,3,5
5434994,7571107,5,9,-4
6092020,7760112,1,1,0
6092020,7760112,5,3,2
6461457,8329977,10,3,7
5221255,6461321,5,6,-1
5221255,6461321,6,8,-2
6601107,8259729,10,12,-2
6454342,6929301,9,6,3
7360179,7689948,13,7,6
4382007,7253231,2,10,-8
5003597,7602909,4,1,3
5003597,7602909,5,12,-7
5003597,7602909,6,5,1
6614099,7220665,7,2,5
6614099,7220665,13,8,5
7957820,8353907,1,1,0
7957820,8353907,3,9,-6
6567437,7710581,2,2,0
6567437,7710581,9,7,2
7542345,8537610,1,6,-5
7542345,8537610,10,8,2
7437408,7996754,9,13,-4
6069804,7256568,2,10,-8
6069804,7256568,3,3,0
6069804,7256568,4,1,3
6069804,7256568,6,5,1
5485402,7467603,1,4,-3
5485402,7467603,2,8,-6
5485402,7467603,9,11,-2
6063688,7790531,1,4,-3
6063688,7790531,7,13,-6
6091633,7158409,4,5,-1
6091633,7158409,11,3,8
5500645,6961385,11,6,5
5176137,7818056,6,4,2
5116297,6491609,1,2,-1
5116297,6491609,2,12,-10
5116297,6491609,8,13,-5
4286391,7926201,6,5,1
3933617,4040935,1,7,-6
3933617,4040935,4,8,-4
5573543,7087071,6,5,1
5573543,7087071,7,4,3
5573543,7087071,10,1,9
6315857,7141155,1,1,0
6652398,7261639,2,1,1
6652398,7261639,11,7,4
4825170,7408358,1,6,-5
5220260,8059104,2,3,-1
6202054,8266054,13,10,3
6253193,7062500,9,10,-1
6253193,7062500,11,1,10
6480101,8330581,1,1,0
4263690,5592714,6,5,1
5549655,7542802,4,2,2
5636843,8668566,6,1,5
5262054,7718057,1,5,-4
6537248,8152804,1,2,-1
6537248,8152804,10,3,7
6075451,8648717,10,3,7
6477551,8095476,3,6,-3
4936848,8673004,1,3,-2
4936848,8673004,3,1,2
4936848,8673004,4,6,-2
4596484,4991298,3,6,-3
4596484,4991298,4,9,-5
4596484,4991298,6,11,-5
4837999,4979344,1,3,-2
4949119,7104152,3,3,0
4949119,7104152,5,1,4
4949119,7104152,10,5,5
4949119,7104152,13,9,4
6606285,7672204,5,9,-4
6606285,7672204,13,1,12
5072195,7071743,1,11,-10
5072195,7071743,2,6,-4
5072195,7071743,3,10,-7
4796911,5110153,5,6,-1
4796911,5110153,8,2,6
4796911,5110153,11,9,2
6095669,7467881,3,3,0
6095669,7467881,6,2,4
6578015,7676409,4,4,0
6607042,8347983,4,2,2
6607042,8347983,12,4,8
4093542,8017553,6,13,-7
4093542,8017553,13,12,1
7047682,7779569,1,1,0
7047682,7779569,9,5,4
4827903,6573479,12,8,4
4991165,8614644,2,12,-10
4991165,8614644,3,3,0
4991165,8614644,5,6,-1
4991165,8614644,7,1,6
4991165,8614644,11,10,1
4855798,6066554,1,6,-5
4855798,6066554,2,5,-3
4855798,6066554,3,2,1
4855798,6066554,5,7,-2
4855798,6066554,6,8,-2
6569428,8541232,2,6,-4
6386118,8261673,1,3,-2
6386118,8261673,2,4,-2
4925445,5241970,2,7,-5
4925445,5241970,4,5,-1
4925445,5241970,5,9,-4
5411427,6523798,1,1,0
5411427,6523798,5,13,-8
4752024,6443973,3,4,-1
5119682,5370004,1,1,0
5119682,5370004,2,9,-7
6576547,7067417,7,10,-3
6576547,7067417,9,7,2
5050609,7372267,1,10,-9
5050609,7372267,2,2,0
5050609,7372267,5,1,4
5050609,7372267,8,13,-5
5050609,7372267,11,3,8
5234196,8746275,1,12,-11
5234196,8746275,2,4,-2
6191508,7685697,1,3,-2
6191508,7685697,10,9,1
6378246,8261487,3,1,2
6378246,8261487,5,9,-4
6378246,8261487,6,2,4
5252145,5593510,5,6,-1
5252145,5593510,6,9,-3
5252145,5593510,7,5,2
4358097,4625349,1,2,-1
4358097,4625349,3,3,0
4358097,4625349,8,1,7
6266322,7307961,2,8,-6
6266322,7307961,8,13,-5
6882398,8703365,9,13,-4
4047233,4691149,1,2,-1
4047233,4691149,5,5,0
4047233,4691149,7,3,4
4068436,4679723,7,3,4
5096308,8286737,2,1,1
6853248,7184723,9,5,4
5502944,8423180,1,3,-2
5502944,8423180,4,2,2
7937498,8195805,7,13,-6
7937498,8195805,10,3,7
4466355,4598645,1,1,0
4466355,4598645,2,4,-2
4466355,4598645,4,9,-5
4466355,4598645,6,3,3
4466355,4598645,10,12,-2
5057906,6205654,9,1,8
6532509,7277982,1,10,-9
6532509,7277982,3,5,-2
6532509,7277982,4,13,-9
5555687,6161351,4,3,1
5555687,6161351,11,1,10
5649032,6459451,2,2,0
6440468,8541383,8,9,-1
4556167,6435349,1,6,-5
4762966,8610002,1,2,-1
4250659,4690657,4,1,3
6632175,8583227,9,10,-1
5478569,8409617,3,5,-2
5478569,8409617,5,9,-4
5478569,8409617,7,7,0
4207119,6924164,3,2,1
4207119,6924164,6,11,-5
4207119,6924164,7,8,-1
4207119,6924164,12,10,2
4456427,4759688,1,2,-1
4456427,4759688,3,1,2
4456427,4759688,4,3,1
4456427,4759688,9,6,3
7484498,8352163,2,4,-2
7484498,8352163,5,1,4
5351767,7131505,1,2,-1
5211151,6843271,1,5,-4
5211151,6843271,3,12,-9
5211151,6843271,4,11,-7
5211151,6843271,7,2,5
5455407,6112181,10,13,-3
6309399,8556881,6,10,-4
6309399,8556881,7,5,2
4898577,6083213,1,7,-6
4898577,6083213,2,1,1
4898577,6083213,4,2,2
4898577,6083213,10,9,1
7195582,7572208,5,1,4
7195582,7572208,7,12,-5
8278791,8456050,1,1,0
8278791,8456050,2,2,0
8278791,8456050,3,3,0
8278791,8456050,4,4,0
8278791,8456050,5,5,0
8278791,8456050,6,6,0
8278791,8456050,7,7,0
8278791,8456050,8,8,0
8278791,8456050,9,9,0
8278791,8456050,10,10,0
8278791,8456050,11,11,0
8278791,8456050,12,12,0
8278791,8456050,13,13,0
7920887,8509121,2,8,-6
7920887,8509121,3,1,2
7920887,8509121,4,3,1
7920887,8509121,6,13,-7
4706109,7830925,4,7,-3
7716572,8550908,2,9,-7
5454905,8089141,1,6,-5
5454905,8089141,13,2,11
4719428,7034541,1,1,0
4719428,7034541,3,2,1
4719428,7034541,9,5,4
4923827,7413942,7,13,-6
6635363,7928456,1,9,-8
6635363,7928456,3,5,-2
4377221,4664233,3,4,-1
4377221,4664233,5,12,-7
4542808,8483869,10,12,-2
5394345,8109334,6,6,0
7052516,7972337,3,10,-7
6323993,6466362,1,9,-8
4837027,6068853,2,3,-1
4837027,6068853,4,2,2
4837027,6068853,7,4,3
4837027,6068853,9,10,-1
5490572,8646553,2,1,1
5028509,7378676,4,5,-1
5028509,7378676,5,7,-2
5028509,7378676,7,13,-6
4880903,5210137,7,6,1
4880903,5210137,12,3,9
4699238,6460385,4,2,2
4699238,6460385,5,10,-5
4699238,6460385,6,1,5
5602597,8726311,1,11,-10
5602597,8726311,4,6,-2
7456579,8569958,1,1,0
7456579,8569958,2,2,0
7456579,8569958,3,3,0
7456579,8569958,4,4,0
7456579,8569958,5,5,0
7456579,8569958,6,6,0
7456579,8569958,7,7,0
7456579,8569958,8,8,0
7456579,8569958,9,9,0
7456579,8569958,10,10,0
7456579,8569958,11,11,0
7456579,8569958,12,12,0
7456579,8569958,13,13,0
4608990,5279298,3,4,-1
5258136,5443821,1,1,0
5258136,5443821,2,2,0
5258136,5443821,3,3,0
5258136,5443821,4,4,0
5258136,5443821,5,5,0
5258136,5443821,6,6,0
5258136,5443821,7,7,0
5258136,5443821,8,8,0
5258136,5443821,9,9,0
5258136,5443821,10,10,0
5258136,5443821,11,11,0
5258136,5443821,12,12,0
5258136,5443821,13,13,0
5375701,7013618,5,4,1
5375701,7013618,9,11,-2
4131434,5316558,1,6,-5
4131434,5316558,5,1,4
4131434,5316558,12,2,10
4351060,7212502,9,12,-3
6380764,7081778,11,2,9
6380764,7081778,13,13,0
3965673,5201798,5,5,0
3965673,5201798,8,2,6
3965673,5201798,9,11,-2
5486783,6310506,2,10,-8
5486783,6310506,5,1,4
5486783,6310506,7,6,1
5073126,5382178,2,4,-2
5073126,5382178,13,5,8
5290271,7842083,10,7,3
5290271,7842083,11,6,5
5253355,5339440,1,2,-1
4936745,5314304,1,3,-2
4936745,5314304,2,12,-10
4362934,5025705,2,1,1
4362934,5025705,8,7,1
6657665,8426796,1,3,-2
5286646,8119368,4,1,3
5286646,8119368,7,2,5
5286646,8119368,8,12,-4
5286646,8119368,9,7,2
5356838,6156165,2,1,1
8169920,8611233,1,9,-8
8169920,8611233,5,1,4
8169920,8611233,8,2,6
7926868,8276955,2,4,-2
7926868,8276955,3,5,-2
4692914,4835622,2,3,-1
4692914,4835622,3,9,-6
4692914,4835622,5,10,-5
4692914,4835622,7,6,1
6523698,7699850,1,2,-1
6523698,7699850,5,3,2
5351207,7444366,6,1,5
5351207,7444366,7,4,3
5351207,7444366,8,7,1
5351207,7444366,12,12,0
4434502,4903217,4,1,3
4434502,4903217,8,11,-3
7310355,8094640,2,10,-8
7310355,8094640,3,11,-8
5245695,6073427,13,13,0
5454812,7338526,8,1,7
7026494,8288487,1,12,-11
7026494,8288487,5,9,-4
7026494,8288487,12,8,4
4380567,6548611,1,1,0
4380567,6548611,7,7,0
4380567,6548611,11,2,9
4136928,4297651,1,1,0
4136928,4297651,4,3,1
4136928,4297651,6,12,-6
4543023,6647608,2,7,-5
4543023,6647608,9,13,-4
4543023,6647608,10,11,-1
4543023,6647608,12,9,3
4820440,5549761,1,7,-6
4820440,5549761,12,9,3
5176520,7858866,12,10,2
5176520,7858866,13,8,5
4407591,4548521,2,5,-3
4407591,4548521,3,1,2
4407591,4548521,7,3,4
6292905,7673133,3,1,2
5151092,5650214,12,8,4
6158531,7311148,1,2,-1
6158531,7311148,3,10,-7
6158531,7311148,4,1,3
6158531,7311148,10,11,-1
4613432,6863183,1,6,-5
5396990,7644499,1,3,-2
4024920,7165628,1,8,-7
4024920,7165628,2,6,-4
4024920,7165628,5,4,1
4024920,7165628,6,1,5
4936036,6964382,2,1,1
3938132,8707612,1,13,-12
3938132,8707612,3,3,0
3938132,8707612,4,4,0
3938132,8707612,13,5,8
4374780,4619816,7,2,5
4374780,4619816,10,7,3
4597541,4953843,2,1,1
4597541,4953843,6,4,2
4597541,4953843,8,9,-1
4597541,4953843,13,2,11
4136351,4336551,4,4,0
4136351,4336551,6,5,1
4027073,4309319,1,1,0
4027073,4309319,3,7,-4
4027073,4309319,7,11,-4
4027073,4309319,8,12,-4
4640080,5620098,1,2,-1
6119118,6549916,6,1,5
6119118,6549916,10,4,6
6881490,7963720,6,4,2
4691384,8081413,1,7,-6
4691384,8081413,4,3,1
4691384,8081413,11,4,7
5068894,7571461,1,3,-2
5068894,7571461,2,2,0
4421197,7922262,1,7,-6
4421197,7922262,4,2,2
7100276,7281321,3,1,2
7248523,8259524,1,1,0
7248523,8259524,3,2,1
7248523,8259524,5,7,-2
7248523,8259524,6,3,3
7248523,8259524,9,5,4
4007739,7144383,13,6,7
5250843,7727806,5,13,-8
5250843,7727806,7,3,4
4804744,6261835,1,12,-11
4804744,6261835,2,2,0
4804744,6261835,3,1,2
4447218,4630427,1,2,-1
4447218,4630427,2,4,-2
6155350,7143831,2,1,1
6155350,7143831,10,7,3
6514249,7052491,1,1,0
6514249,7052491,3,5,-2
4931802,5408237,4,5,-1
4931802,5408237,8,1,7
4341625,4981832,1,3,-2
4341625,4981832,2,1,1
4341625,4981832,5,4,1
4425508,5623853,3,12,-9
4425508,5623853,4,13,-9
4425508,5623853,10,8,2
4570640,7447541,2,2,0
4570640,7447541,9,6,3
5634062,7933893,3,5,-2
4925765,6306521,2,4,-2
7170492,8634636,4,10,-6
7170492,8634636,8,4,4
6566700,8138028,2,7,-5
6566700,8138028,3,11,-8
6566700,8138028,6,4,2
4964130,7934115,3,3,0
6317781,7340214,3,5,-2
6317781,7340214,8,3,5
4439124,8353742,2,6,-4
4401707,4637947,5,8,-3
3992709,7460058,5,10,-5
5133048,7307751,2,1,1
5133048,7307751,3,2,1
6865499,8027349,9,1,8
6656974,7674837,1,1,0
6656974,7674837,4,6,-2
7106715,7729281,4,10,-6
7106715,7729281,13,4,9
5617338,7681603,1,1,0
5617338,7681603,2,8,-6
5617338,7681603,9,6,3
4905761,5083611,4,2,2
4905761,5083611,8,3,5
6163038,8227820,1,6,-5
6163038,8227820,2,9,-7
6163038,8227820,5,2,3
6163038,8227820,11,1,10
6163038,8227820,13,13,0
4269368,4344582,1,2,-1
4269368,4344582,2,1,1
4269368,4344582,3,3,0
4269368,4344582,4,4,0
4269368,4344582,5,5,0
4269368,4344582,6,6,0
4269368,4344582,7,7,0
4269368,4344582,8,8,0
4269368,4344582,9,9,0
4269368,4344582,10,10,0
4269368,4344582,11,11,0
4269368,4344582,13,12,1
5024039,5452556,3,1,2
6132258,7128581,1,1,0
6132258,7128581,4,10,-6
6907811,7581483,6,12,-6
5611922,7713321,1,5,-4
5611922,7713321,3,8,-5
5331187,6498097,3,3,0
5331187,6498097,4,9,-5
5331187,6498097,6,6,0
4091804,7490620,9,3,6
5230643,6923047,5,9,-4
5266551,6096685,1,1,0
5266551,6096685,2,6,-4
5266551,6096685,3,9,-6
5266551,6096685,4,2,2
5266551,6096685,5,3,2
5266551,6096685,6,4,2
5266551,6096685,7,5,2
5266551,6096685,8,7,1
5266551,6096685,9,8,1
5266551,6096685,10,10,0
5266551,6096685,11,11,0
5266551,6096685,12,12,0
5266551,6096685,13,13,0
4375021,6459349,2,5,-3
5572865,6135393,2,2,0
5572865,6135393,5,1,4
3970979,4084502,7,7,0
5591663,6388281,1,1,0
5591663,6388281,3,4,-1
5591663,6388281,12,6,6
6529986,7864790,2,12,-10
6529986,7864790,5,3,2
6124890,7663688,1,3,-2
5289572,8311526,1,13,-12
5289572,8311526,2,11,-9
5289572,8311526,7,2,5
4531193,4709234,12,12,0
5222853,7481159,1,4,-3
5222853,7481159,10,1,9
6358147,7674180,4,2,2
6358147,7674180,5,3,2
7650432,7979569,4,7,-3
4624884,7078843,12,5,7
6632310,8223460,4,5,-1
7382726,8619600,3,8,-5
6525549,7977112,8,10,-2
6525549,7977112,9,6,3
6918901,8361022,1,3,-2
6918901,8361022,3,4,-1
6918901,8361022,5,13,-8
6918901,8361022,7,9,-2
4268406,7094746,1,4,-3
4498582,6527108,1,1,0
4498582,6527108,2,5,-3
4498582,6527108,3,6,-3
4498582,6527108,12,13,-1
5522109,7722274,4,3,1
5522109,7722274,10,11,-1
5152805,6169291,2,5,-3
5152805,6169291,7,1,6
6380037,7492027,1,1,0
6380037,7492027,6,5,1
6380037,7492027,13,7,6
6485413,7110124,2,2,0
6215320,7396236,1,5,-4
6215320,7396236,10,3,7
3952512,4156369,1,4,-3
3952512,4156369,6,6,0
3952512,4156369,11,1,10
4204716,4461488,4,3,1
4204716,4461488,5,2,3
4204716,4461488,9,7,2
4204716,4461488,13,4,9
4683470,7122961,2,1,1
4683470,7122961,5,10,-5
5568130,6522248,11,5,6
6987416,7880533,1,2,-1
6987416,7880533,9,3,6
6165929,8475899,11,2,9
7094392,7465436,2,3,-1
7094392,7465436,3,5,-2
7094392,7465436,4,4,0
7094392,7465436,5,2,3
7094392,7465436,6,8,-2
7094392,7465436,8,10,-2
7094392,7465436,9,11,-2
7094392,7465436,10,12,-2
7094392,7465436,13,6,7
4596808,5350750,1,2,-1
4596808,5350750,2,3,-1
4596808,5350750,4,4,0
4596808,5350750,9,11,-2
4596808,5350750,10,12,-2
6472882,7852607,1,2,-1
6472882,7852607,3,8,-5
6472882,7852607,8,4,4
6472882,7852607,9,3,6
6472882,7852607,10,10,0
4977899,7415304,8,4,4
7084972,7307705,1,1,0
7084972,7307705,2,2,0
7084972,7307705,3,3,0
7084972,7307705,4,4,0
7084972,7307705,5,5,0
7084972,7307705,6,6,0
7084972,7307705,7,7,0
7084972,7307705,8,8,0
7084972,7307705,9,9,0
7084972,7307705,10,10,0
7084972,7307705,11,11,0
7084972,7307705,12,12,0
7084972,7307705,13,13,0
3946931,4876791,2,4,-2
3946931,4876791,5,1,4
4549295,6493835,1,13,-12
4839640,8166532,3,1,2
4839640,8166532,8,6,2
6439344,8752670,4,5,-1
5580950,8278443,8,2,6
7542446,7664194,3,6,-3
7853857,8219877,2,2,0
7853857,8219877,5,1,4
7853857,8219877,9,5,4
7853857,8219877,11,9,2
7011813,8048895,3,6,-3
7011813,8048895,4,7,-3
7011813,8048895,10,10,0
7011813,8048895,12,3,9
4563358,6524634,10,13,-3
5364669,5466773,6,11,-5
5364669,5466773,8,5,3
5364669,5466773,11,9,2
6611796,6996735,1,8,-7
6611796,6996735,4,13,-9
5183243,6435487,1,4,-3
3986162,4072923,6,2,4
4053789,6839052,3,13,-10
4152748,4422335,1,3,-2
4152748,4422335,2,4,-2
4234792,4560877,1,1,0
4234792,4560877,3,9,-6
4234792,4560877,7,5,2
5019673,6495397,1,2,-1
5019673,6495397,2,8,-6
5019673,6495397,3,1,2
4459008,5245312,5,3,2
4459008,5245312,8,6,2
6670880,8297375,8,12,-4
6670880,8297375,11,6,5
4115874,4964178,1,1,0
4115874,4964178,3,7,-4
4598384,4873652,1,1,0
4598384,4873652,5,2,3
7035126,8212386,1,3,-2
7035126,8212386,2,4,-2
7035126,8212386,4,1,3
7274573,8231299,4,12,-8
7936444,8274641,2,10,-8
6158843,7670757,1,10,-9
6346118,7615071,2,7,-5
7760572,8737153,1,2,-1
7760572,8737153,2,3,-1
7760572,8737153,3,1,2
7760572,8737153,4,5,-1
4605087,6547025,2,13,-11
6866849,8052971,2,3,-1
6866849,8052971,12,6,6
6080207,7584349,1,12,-11
6080207,7584349,2,5,-3
6080207,7584349,5,4,1
6080207,7584349,6,9,-3
6080207,7584349,7,3,4
4917471,5210630,2,7,-5
4917471,5210630,7,2,5
5418584,6375327,6,11,-5
5418584,6375327,8,13,-5
5418584,6375327,11,8,3
4997095,5160056,3,2,1
6305756,6477772,7,10,-3
6305756,6477772,8,2,6
6305756,6477772,9,6,3
4206714,6279496,1,4,-3
4206714,6279496,2,2,0
4206714,6279496,6,3,3
5350459,8017863,1,3,-2
5350459,8017863,2,8,-6
5350459,8017863,4,6,-2
5350459,8017863,6,12,-6
5350459,8017863,9,2,7
4495231,7731046,2,4,-2
4495231,7731046,5,5,0
5170682,7641183,1,4,-3
5170682,7641183,2,1,1
5170682,7641183,5,13,-8
7412091,7865013,2,1,1
7412091,7865013,3,2,1
7412091,7865013,4,3,1
7412091,7865013,5,5,0
7412091,7865013,6,6,0
7412091,7865013,7,7,0
7412091,7865013,8,8,0
7412091,7865013,9,9,0
7412091,7865013,10,10,0
7412091,7865013,11,11,0
7412091,7865013,13,12,1
3993049,4543958,1,7,-6
7165239,7600217,1,8,-7
7165239,7600217,5,11,-6
7165239,7600217,7,6,1
7165239,7600217,8,3,5
6647389,7424201,2,2,0
5342349,8298223,6,7,-1
6171945,7226853,10,7,3
6092113,7406031,1,1,0
3940245,4787844,1,1,0
3940245,4787844,2,10,-8
3940245,4787844,5,5,0
6450500,8474819,1,1,0
6450500,8474819,2,2,0
6450500,8474819,4,4,0
6450500,8474819,5,5,0
6450500,8474819,7,8,-1
6450500,8474819,10,6,4
5242457,8746530,6,5,1
5242457,8746530,7,3,4
6317721,8001054,7,2,5
4982311,6310398,10,1,9
5198007,8092579,7,2,5
6991631,7297143,1,3,-2
6342064,6911037,1,6,-5
6342064,6911037,6,2,4
6342064,6911037,7,10,-3
6342064,6911037,11,5,6
6211716,7612600,1,3,-2
6211716,7612600,2,2,0
5317166,7051940,8,1,7
5317166,7051940,10,13,-3
4248505,5499066,5,3,2
4248505,5499066,6,2,4
5352197,6240615,2,9,-7
5352197,6240615,5,3,2
5352197,6240615,7,13,-6
5352197,6240615,13,11,2
7175754,8722952,2,1,1
7175754,8722952,3,2,1
7175754,8722952,13,11,2
4772026,6120393,1,1,0
4772026,6120393,3,2,1
5276860,7100072,3,1,2
5276860,7100072,4,7,-3
5002197,6364113,5,10,-5
5002197,6364113,10,12,-2
3999521,7690331,6,4,2
4169053,7754099,2,11,-9
4169053,7754099,9,9,0
4174380,4959201,2,2,0
4174380,4959201,5,6,-1
4019036,4120045,1,4,-3
4882593,5487614,1,4,-3
4882593,5487614,2,1,1
4882593,5487614,3,3,0
4882593,5487614,4,5,-1
4776109,6125557,1,9,-8
4776109,6125557,4,10,-6
4776109,6125557,7,1,6
7292401,7965459,12,9,3
5241414,5581397,2,1,1
5241414,5581397,3,3,0
6128207,6665202,7,3,4
5016172,8015030,2,5,-3
5016172,8015030,9,3,6
5168446,8744953,1,2,-1
5168446,8744953,4,7,-3
8161534,8423349,2,3,-1
7426348,7974537,1,9,-8
7426348,7974537,11,3,8
5371909,7779495,3,3,0
7848010,8411714,5,12,-7
7848010,8411714,6,8,-2
7848010,8411714,7,13,-6
7848010,8411714,13,1,12
5254980,7527995,7,3,4
4819034,5126540,5,3,2
4819034,5126540,11,2,9
5267724,8308141,2,1,1
6534572,6881876,3,3,0
6534572,6881876,6,11,-5
5270024,6925982,4,10,-6
5358532,6610097,1,8,-7
5358532,6610097,3,9,-6
5358532,6610097,12,6,6
7381092,8187034,2,6,-4
7381092,8187034,4,10,-6
7381092,8187034,11,4,7
7381092,8187034,13,5,8
5195984,5306294,13,11,2
4865836,6548047,12,12,0
4979619,5263576,2,2,0
4765426,7272479,1,10,-9
4765426,7272479,2,6,-4
4765426,7272479,5,1,4
5173442,7682496,6,5,1
5173442,7682496,9,7,2
5173442,7682496,10,1,9
4009169,4085215,1,1,0
4009169,4085215,4,10,-6
4009169,4085215,6,12,-6
4009169,4085215,7,5,2
4009169,4085215,8,7,1
4009169,4085215,10,4,6
4009169,4085215,12,9,3
4533082,6540153,1,2,-1
4533082,6540153,2,3,-1
4533082,6540153,8,11,-3
6605821,7696506,7,10,-3
6605821,7696506,9,2,7
6605821,7696506,10,7,3
6605821,7696506,12,1,11
4685072,5367470,1,4,-3
4685072,5367470,5,3,2
4685072,5367470,10,9,1
4685072,5367470,13,11,2
6373701,8567483,2,5,-3
6373701,8567483,12,1,11
5413428,7527445,1,1,0
5413428,7527445,3,5,-2
5413428,7527445,8,4,4
5413428,7527445,9,7,2
5413428,7527445,11,2,9
6524119,8165634,1,6,-5
6524119,8165634,4,7,-3
4331915,6992872,3,1,2
5030378,5501820,1,2,-1
6349206,7610050,1,1,0
4536434,8540838,5,3,2
5432885,7308339,6,3,3
6468855,7999300,2,1,1
6468855,7999300,10,13,-3
6468855,7999300,11,6,5
7318517,8297196,4,10,-6
7318517,8297196,9,6,3
7752622,8695005,2,11,-9
7752622,8695005,11,9,2
7752622,8695005,13,7,6
4008448,7488601,10,8,2
5597206,6631952,2,1,1
5315142,7473956,2,2,0
5315142,7473956,3,7,-4
5315142,7473956,8,8,0
6923894,7374544,5,8,-3
3949726,4142503,3,4,-1
3949726,4142503,5,1,4
3949726,4142503,6,5,1
3949726,4142503,9,6,3
6542610,8527422,1,1,0
6542610,8527422,9,11,-2
7818639,7984358,1,6,-5
7818639,7984358,3,4,-1
7818639,7984358,4,12,-8
7818639,7984358,12,11,1
6931079,7839949,3,1,2
6931079,7839949,4,5,-1
4886402,7320568,10,3,7
4902580,7862910,8,3,5
4902580,7862910,9,4,5
4112053,7419637,6,2,4
5592375,7107228,1,3,-2
5093768,6461008,3,1,2
4925987,7071363,6,4,2
6142274,7510064,2,3,-1
6142274,7510064,4,8,-4
6142274,7510064,6,13,-7
6142274,7510064,8,4,4
6142274,7510064,9,2,7
6142274,7510064,11,7,4
6142274,7510064,13,10,3
5219365,8034121,2,1,1
5219365,8034121,8,8,0
5219365,8034121,11,5,6
5219365,8034121,13,13,0
6233717,7719896,1,3,-2
6233717,7719896,4,2,2
5486869,7215379,4,3,1
5486869,7215379,6,13,-7
5051837,8719857,11,8,3
5051837,8719857,12,7,5
4494106,4723445,1,1,0
4494106,4723445,4,7,-3
4494106,4723445,5,3,2
7523155,7987463,2,4,-2
7523155,7987463,7,3,4
7523155,7987463,8,6,2
4228387,4359763,2,7,-5
4228387,4359763,9,13,-4
4823108,5146558,1,3,-2
4823108,5146558,10,2,8
6620720,8357560,4,4,0
6620720,8357560,6,1,5
6620720,8357560,8,8,0
5624204,6602407,6,3,3
7056425,8296918,2,9,-7
6466049,7759968,8,3,5
6466049,7759968,13,5,8
6664498,8246714,2,2,0
6664498,8246714,3,7,-4
5348534,7213466,1,1,0
5348534,7213466,11,9,2
4430908,4944719,1,4,-3
4430908,4944719,4,5,-1
4430908,4944719,5,2,3
4430908,4944719,7,3,4
4430908,4944719,11,1,10
4866972,5500990,1,1,0
4866972,5500990,4,5,-1
4866972,5500990,5,9,-4
4866972,5500990,10,13,-3
6874235,7210231,3,7,-4
6874235,7210231,4,1,3
6874235,7210231,6,13,-7
6874235,7210231,9,6,3
6874235,7210231,13,10,3
7706046,8047667,1,2,-1
7706046,8047667,2,1,1
5597607,7608292,3,12,-9
7436319,8508401,1,6,-5
7436319,8508401,3,13,-10
4923920,8603273,2,4,-2
4923920,8603273,7,2,5
5526407,7272213,11,5,6
4269194,8251914,12,6,6
4995714,8506075,5,13,-8
4995714,8506075,8,4,4
4995714,8506075,11,2,9
6484292,7181715,4,1,3
6626968,7550363,3,10,-7
6626968,7550363,9,12,-3
6943773,8255820,4,4,0
6943773,8255820,7,8,-1
6351959,7028501,1,1,0
6351959,7028501,6,12,-6
6351959,7028501,10,2,8
5156594,5410797,3,2,1
5156594,5410797,4,9,-5
5156594,5410797,5,4,1
4553543,8197510,5,3,2
4553543,8197510,8,7,1
4553543,8197510,9,6,3
4553543,8197510,11,1,10
6286529,8235063,1,3,-2
6188678,6845122,1,9,-8
5499038,7012600,10,1,9
6256524,8417310,6,2,4
5031403,6941753,1,2,-1
5031403,6941753,4,4,0
5031403,6941753,5,9,-4
5031403,6941753,6,6,0
6138100,8724522,5,7,-2
6138100,8724522,7,10,-3
5448226,7658329,9,5,4
4165579,5013278,5,2,3
6850279,8120693,1,5,-4
6850279,8120693,8,6,2
6170040,8019944,7,9,-2
6965166,8558379,8,12,-4
6965166,8558379,10,5,5
3975084,8390816,4,8,-4
4676611,5331969,3,8,-5
4676611,5331969,7,11,-4
4238068,6378733,3,1,2
7335528,8357921,1,2,-1
4300910,5266266,5,9,-4
4636858,7817208,13,8,5
4852081,4983975,1,10,-9
4852081,4983975,13,2,11
6260211,8664469,8,2,6
5645103,8100140,1,7,-6
5645103,8100140,9,5,4
5645103,8100140,11,11,0
6602031,6923604,1,1,0
6602031,6923604,2,5,-3
5352138,6923696,3,2,1
6126661,6443954,3,13,-10
6126661,6443954,4,11,-7
6126661,6443954,5,12,-7
6126661,6443954,6,1,5
6126661,6443954,9,4,5
6126661,6443954,10,2,8
4282035,4746578,6,11,-5
4282035,4746578,8,13,-5
4282035,4746578,13,3,10
6886727,7350682,1,6,-5
6886727,7350682,3,3,0
6886727,7350682,7,2,5
6886727,7350682,13,8,5
6624005,7192807,11,3,8
5424245,8680662,11,10,1
5450613,7778595,4,11,-7
7310153,7477365,9,12,-3
7310153,7477365,10,4,6
6123707,8603168,1,8,-7
6556956,7050943,2,3,-1
6556956,7050943,8,9,-1
6556956,7050943,12,11,1
7002512,7136013,1,6,-5
7002512,7136013,4,8,-4
7002512,7136013,6,2,4
5416594,6515746,6,6,0
5416594,6515746,10,12,-2
5458638,6616671,1,11,-10
5458638,6616671,2,7,-5
6669421,7101132,2,1,1
6669421,7101132,4,9,-5
6669421,7101132,5,3,2
6669421,7101132,6,4,2
6669421,7101132,11,11,0
6669421,7101132,13,12,1
6607323,6981811,1,1,0
6607323,6981811,2,2,0
6607323,6981811,3,3,0
6607323,6981811,4,4,0
6607323,6981811,5,5,0
6607323,6981811,6,6,0
6607323,6981811,7,7,0
6607323,6981811,8,8,0
6607323,6981811,9,9,0
6607323,6981811,10,10,0
6607323,6981811,11,11,0
6607323,6981811,12,12,0
6607323,6981811,13,13,0
4739466,7132812,10,10,0
4491860,7109105,6,3,3
4491860,7109105,10,1,9
6269864,7096678,1,12,-11
6269864,7096678,3,4,-1
6269864,7096678,7,2,5
6269864,7096678,11,10,1
6269864,7096678,12,1,11
4780424,7728626,1,3,-2
4780424,7728626,2,6,-4
4780424,7728626,6,11,-5
4780424,7728626,7,4,3
4780424,7728626,13,5,8
4878843,7119923,9,6,3
4878843,7119923,10,13,-3
4715742,5481828,3,13,-10
4398908,8211062,5,5,0
3995946,5376978,4,7,-3
3995946,5376978,5,4,1
3995946,5376978,10,6,4
3995946,5376978,11,2,9
4589413,7494039,1,8,-7
4589413,7494039,3,9,-6
4589413,7494039,4,11,-7
4589413,7494039,5,3,2
5094442,7631867,1,6,-5
5094442,7631867,9,7,2
5094442,7631867,10,3,7
5094442,7631867,12,5,7
5454823,7799028,2,1,1
7186657,7732284,2,1,1
7186657,7732284,10,5,5
4397888,8034650,1,3,-2
4397888,8034650,8,9,-1
4906246,6277146,2,3,-1
4906246,6277146,3,6,-3
4836809,5539294,2,2,0
4836809,5539294,10,4,6
5237475,6069774,3,2,1
5237475,6069774,5,1,4
5237475,6069774,6,8,-2
5237475,6069774,12,3,9
6613091,8579978,11,3,8
3960810,4123604,5,1,4
3960810,4123604,8,9,-1
6046129,8668890,1,3,-2
6046129,8668890,8,5,3
6046129,8668890,12,6,6
4457300,6511416,2,4,-2
4673303,7686445,1,3,-2
5559915,6647178,1,1,0
5559915,6647178,3,2,1
5559915,6647178,5,3,2
5110556,6063338,1,2,-1
5110556,6063338,5,3,2
5110556,6063338,8,6,2
4626606,5023386,1,2,-1
4626606,5023386,2,5,-3
4626606,5023386,8,7,1
4626606,5023386,9,1,8
7568724,8360464,1,2,-1
7568724,8360464,3,1,2
7568724,8360464,4,4,0
8195344,8272467,4,6,-2
8195344,8272467,9,4,5
4092387,5275769,1,8,-7
4092387,5275769,2,2,0
4092387,5275769,4,3,1
4092387,5275769,6,12,-6
7643200,8282226,1,3,-2
7643200,8282226,2,10,-8
7643200,8282226,12,9,3
7337960,7841522,1,2,-1
5501180,6513460,3,11,-8
5036918,8641150,4,11,-7
5036918,8641150,7,1,6
5293614,6466947,1,8,-7
6702873,8225478,11,12,-1
7466575,8365040,4,5,-1
7466575,8365040,9,6,3
5032122,7862550,6,1,5
5032122,7862550,12,2,10
5364100,8016289,1,5,-4
5364100,8016289,8,3,5
7872033,8338467,2,1,1
7872033,8338467,3,2,1
7872033,8338467,4,4,0
7872033,8338467,5,5,0
7872033,8338467,6,6,0
7872033,8338467,7,7,0
7872033,8338467,8,9,-1
7872033,8338467,9,10,-1
7872033,8338467,10,11,-1
7872033,8338467,11,12,-1
4422527,8418808,1,1,0
4637432,6230740,2,10,-8
4637432,6230740,12,1,11
6260120,6993610,2,5,-3
6260120,6993610,10,7,3
4817035,7840837,5,2,3
6553110,7127488,13,3,10
6142170,8635873,8,8,0
6215828,7076011,9,13,-4
6215828,7076011,12,6,6
6392785,8009344,2,11,-9
6370377,7069041,1,2,-1
6370377,7069041,7,5,2
6320279,7710081,2,4,-2
5621159,7008061,1,1,0
5621159,7008061,3,11,-8
5621159,7008061,11,4,7
4264613,4446141,6,11,-5
4264613,4446141,11,7,4
7900100,8082482,2,5,-3
7900100,8082482,5,6,-1
7900100,8082482,6,3,3
7333889,7702456,8,2,6
7333889,7702456,9,1,8
4916418,5196797,4,3,1
4916418,5196797,11,7,4
6565554,7819896,11,7,4
5520009,7607457,3,3,0
5520009,7607457,7,7,0
5520009,7607457,8,2,6
4377106,8172859,1,1,0
4296917,5595355,1,5,-4
4296917,5595355,2,3,-1
4296917,5595355,3,7,-4
6362788,6535169,2,1,1
6362788,6535169,3,2,1
6362788,6535169,4,3,1
6362788,6535169,5,6,-1
6362788,6535169,6,11,-5
6362788,6535169,12,10,2
4866638,6097384,5,4,1
5328048,6098827,6,12,-6
5328048,6098827,11,2,9
6198878,8428127,1,6,-5
6198878,8428127,2,4,-2
6198878,8428127,9,7,2
6198878,8428127,11,8,3
6198878,8428127,12,10,2
4577263,8482209,4,4,0
4577263,8482209,7,1,6
4768557,7108012,1,10,-9
5433621,5562494,2,4,-2
5433621,5562494,3,9,-6
5433621,5562494,8,7,1
6246108,7157310,8,9,-1
5156576,5259271,1,1,0
6353869,8443371,1,4,-3
6353869,8443371,4,1,3
6353869,8443371,10,2,8
6131389,6467155,8,5,3
5616466,8633149,10,8,2
5637441,8313885,1,10,-9
5637441,8313885,10,12,-2
6551863,7150390,1,1,0
6551863,7150390,2,2,0
6551863,7150390,3,3,0
6551863,7150390,4,4,0
6551863,7150390,5,5,0
6551863,7150390,6,6,0
6551863,7150390,7,7,0
6551863,7150390,8,8,0
6551863,7150390,9,9,0
6551863,7150390,10,10,0
6551863,7150390,11,11,0
6551863,7150390,12,12,0
6551863,7150390,13,13,0
4276379,4309505,1,6,-5
4276379,4309505,7,3,4
4276379,4309505,8,5,3
4276379,4309505,9,1,8
4442495,4816812,5,3,2
4442495,4816812,9,7,2
4442495,4816812,12,1,11
8032295,8418675,1,11,-10
8032295,8418675,3,5,-2
8032295,8418675,4,10,-6
8032295,8418675,5,12,-7
8032295,8418675,11,4,7
5476647,7122139,2,12,-10
7158108,7791575,6,2,4
7158108,7791575,7,13,-6
7158108,7791575,12,7,5
7158108,7791575,13,8,5
6404854,7193219,2,11,-9
6404854,7193219,3,2,1
6404854,7193219,5,8,-3
6404854,7193219,11,6,5
5411368,7326030,5,3,2
6935958,8510567,3,2,1
6574418,8406801,3,2,1
6574418,8406801,4,4,0
6190244,7390243,4,4,0
6190244,7390243,7,2,5
6463173,8482575,3,1,2
4078030,4830929,4,2,2
4078030,4830929,12,10,2
5055837,7082821,2,4,-2
4122633,4875316,1,3,-2
4122633,4875316,10,9,1
6640866,7686752,13,2,11
6301038,7339715,2,12,-10
5538022,6450722,13,13,0
4927770,7718888,5,13,-8
4927770,7718888,11,1,10
4927770,7718888,12,11,1
5651473,6542848,1,2,-1
5651473,6542848,8,4,4
5651473,6542848,10,1,9
5232532,6871395,13,8,5
4668192,6089868,9,8,1
4668192,6089868,12,12,0
5355969,6082223,2,2,0
5355969,6082223,8,13,-5
5306261,6533804,1,2,-1
5293862,7722250,8,12,-4
5127328,6474236,1,1,0
5127328,6474236,2,2,0
5127328,6474236,6,6,0
5186765,6467277,1,6,-5
5186765,6467277,2,2,0
5186765,6467277,3,3,0
5186765,6467277,12,10,2
4949784,5167277,1,1,0
5032883,7423290,2,7,-5
5032883,7423290,9,12,-3
5032883,7423290,13,3,10
5557495,6970340,3,1,2
5557495,6970340,10,7,3
6141544,6941128,3,4,-1
6141544,6941128,4,1,3
6141544,6941128,9,12,-3
4825201,6271825,1,2,-1
4825201,6271825,4,3,1
4010605,7377115,2,5,-3
4010605,7377115,12,6,6
6069201,7999033,6,10,-4
6069201,7999033,7,4,3
6069201,7999033,9,7,2
5390411,6334604,1,6,-5
4930487,6892719,1,3,-2
4930487,6892719,2,5,-3
4930487,6892719,4,2,2
6233587,8429049,1,6,-5
4429321,4933684,9,6,3
4811210,5522046,6,4,2
7446084,8551933,2,4,-2
7446084,8551933,3,5,-2
7446084,8551933,5,3,2
7446084,8551933,6,2,4
5103118,7038480,7,4,3
5100765,5344750,2,5,-3
5100765,5344750,3,10,-7
5100765,5344750,8,1,7
5100765,5344750,11,11,0
4902449,5622776,2,4,-2
4902449,5622776,4,9,-5
4902449,5622776,8,6,2
6267763,8465546,13,3,10
6483733,7304876,4,5,-1
6483733,7304876,6,1,5
6483733,7304876,9,4,5
5523811,8047667,1,2,-1
5523811,8047667,4,13,-9
5523811,8047667,8,5,3
7052958,7879677,1,2,-1
7052958,7879677,2,4,-2
7052958,7879677,5,8,-3
7052958,7879677,6,1,5
5655081,7296194,8,4,4
7158208,7879698,3,11,-8
6427500,8083281,2,2,0
6427500,8083281,4,6,-2
4842578,6517544,1,2,-1
4842578,6517544,5,6,-1
4842578,6517544,13,12,1
6290342,6969160,4,1,3
6290342,6969160,5,5,0
5102390,5409455,6,1,5
5102390,5409455,7,10,-3
4662878,8262628,4,9,-5
6540658,8506470,9,9,0
6540658,8506470,12,1,11
6223083,7668596,12,11,1
4874340,6434769,4,5,-1
6558418,7803186,3,1,2
6558418,7803186,4,11,-7
6558418,7803186,5,2,3
5137595,6660118,1,4,-3
5137595,6660118,2,1,1
5137595,6660118,6,3,3
4547605,7777086,3,1,2
4547605,7777086,4,5,-1
4547605,7777086,5,6,-1
4835834,5349739,1,1,0
4835834,5349739,2,3,-1
4835834,5349739,3,2,1
4835834,5349739,4,4,0
4835834,5349739,5,5,0
4835834,5349739,6,6,0
4835834,5349739,7,9,-2
4835834,5349739,8,8,0
4835834,5349739,9,7,2
4835834,5349739,10,10,0
4835834,5349739,11,11,0
4835834,5349739,12,12,0
4835834,5349739,13,13,0
5636346,8234269,9,3,6
4798611,6635222,9,2,7
4400938,4887632,10,8,2
7190925,7925184,1,1,0
7190925,7925184,3,10,-7
7190925,7925184,5,4,1
7190925,7925184,7,3,4
7190925,7925184,8,13,-5
5433820,6935553,1,3,-2
5433820,6935553,7,1,6
6091122,7078341,11,4,7
5411980,7482462,4,1,3
7203293,8116302,7,8,-1
7203293,8116302,9,1,8
7203293,8116302,11,9,2
6228072,7823533,12,6,6
6134591,7073064,1,8,-7
6134591,7073064,4,9,-5
8191636,8613322,1,1,0
8191636,8613322,2,2,0
8191636,8613322,4,3,1
8191636,8613322,5,4,1
8191636,8613322,6,5,1
8191636,8613322,7,6,1
8191636,8613322,8,7,1
8191636,8613322,9,8,1
8191636,8613322,10,9,1
8191636,8613322,11,10,1
8191636,8613322,12,11,1
8191636,8613322,13,12,1
7569591,8481552,1,1,0
7569591,8481552,2,2,0
7569591,8481552,3,5,-2
7569591,8481552,4,13,-9
7569591,8481552,5,6,-1
5389098,7914551,6,2,4
5389098,7914551,10,3,7
5031608,7878997,2,4,-2
4534355,7632228,5,3,2
5176677,6869439,2,5,-3
4951576,6912961,1,2,-1
4951576,6912961,2,3,-1
5087248,7384651,4,10,-6
5087248,7384651,6,5,1
4030040,4255740,1,2,-1
4030040,4255740,2,10,-8
4030040,4255740,4,3,1
4030040,4255740,5,4,1
4030040,4255740,6,1,5
4030040,4255740,13,13,0
4722892,5503987,2,2,0
4722892,5503987,3,1,2
4722892,5503987,13,13,0
7237198,8184508,6,9,-3
6538470,6907592,2,3,-1
6538470,6907592,4,7,-3
6538470,6907592,11,2,9
6622022,6985724,1,2,-1
6622022,6985724,7,1,6
7339491,7990492,6,1,5
4982809,7433768,2,4,-2
6625839,7725980,4,12,-8
6625839,7725980,11,4,7
4630942,7012398,8,11,-3
4630942,7012398,9,8,1
4320980,4762063,1,10,-9
4502648,6390402,1,3,-2
4502648,6390402,2,1,1
4502648,6390402,12,6,6
5299571,7497827,5,9,-4
6999266,7663835,2,8,-6
6999266,7663835,6,7,-1
4819830,5348179,6,6,0
6248699,7156177,3,4,-1
6248699,7156177,4,3,1
6248699,7156177,7,10,-3
4387956,7118281,1,3,-2
4387956,7118281,2,4,-2
4387956,7118281,3,5,-2
4387956,7118281,4,7,-3
4387956,7118281,9,10,-1
4387956,7118281,13,8,5
5231306,6404057,2,12,-10
5231306,6404057,5,11,-6
5231306,6404057,10,13,-3
5231306,6404057,13,3,10
7007746,7882889,1,3,-2
7007746,7882889,2,10,-8
7007746,7882889,4,13,-9
4545714,6267550,1,2,-1
4545714,6267550,3,1,2
4545714,6267550,8,3,5
5001536,5225703,1,11,-10
5001536,5225703,2,7,-5
6100642,7821208,1,2,-1
6100642,7821208,8,7,1
4722857,5405682,6,7,-1
6996099,8595478,1,2,-1
6996099,8595478,8,10,-2
5180326,7448937,6,4,2
4921484,5490859,2,9,-7
4921484,5490859,5,8,-3
4298512,4409015,2,2,0
4298512,4409015,3,1,2
4333992,5134043,4,11,-7
4692603,8448866,4,1,3
6321212,7865425,6,1,5
5309456,7449673,3,1,2
5309456,7449673,8,4,4
4754781,5385174,1,2,-1
4754781,5385174,2,3,-1
4754781,5385174,8,7,1
4537816,5167261,3,1,2
4537816,5167261,4,2,2
4537816,5167261,7,9,-2
4069216,4387092,1,1,0
4069216,4387092,2,3,-1
4069216,4387092,3,2,1
4069216,4387092,5,5,0
4069216,4387092,10,11,-1
5374254,7723560,8,10,-2
5374254,7723560,9,8,1
6375895,8731717,7,2,5
6375895,8731717,13,3,10
6220411,6561395,13,7,6
6119797,8296115,2,9,-7
7197875,8621861,2,5,-3
7197875,8621861,5,3,2
6553420,7219160,5,9,-4
3941782,4036857,1,10,-9
4382400,5503524,1,5,-4
4382400,5503524,2,4,-2
4382400,5503524,10,11,-1
5257657,6640879,9,4,5
6242246,7122153,1,3,-2
6487668,6931555,1,10,-9
6487668,6931555,5,1,4
6267699,8257209,11,8,3
6267699,8257209,12,9,3
4783160,7554724,2,8,-6
4783160,7554724,6,4,2
4783160,7554724,7,11,-4
4783160,7554724,8,7,1
6566745,7663096,7,2,5
6566745,7663096,8,1,7
6267078,6516745,6,5,1
6267078,6516745,12,1,11
6404898,8726304,2,2,0
5213327,6017271,1,3,-2
5213327,6017271,2,12,-10
5213327,6017271,5,7,-2
5213327,6017271,8,9,-1
5054996,6227799,11,1,10
5653705,7909760,3,4,-1
5653705,7909760,7,10,-3
4600785,4755531,6,12,-6
4600785,4755531,7,13,-6
4316267,6269311,3,1,2
4176720,4353803,3,1,2
6445991,6625536,1,1,0
6445991,6625536,4,10,-6
6445991,6625536,5,11,-6
4912212,5389626,9,12,-3
4796629,8523887,1,1,0
4796629,8523887,2,2,0
4796629,8523887,5,5,0
4796629,8523887,8,7,1
7123959,8626301,2,2,0
7123959,8626301,5,3,2
4679186,7706361,1,11,-10
4679186,7706361,2,12,-10
4679186,7706361,7,3,4
4679186,7706361,9,6,3
4679186,7706361,10,2,8
5392151,7068372,10,8,2
6311065,6505043,2,1,1
6311065,6505043,4,4,0
6311065,6505043,9,11,-2
6311065,6505043,13,2,11
4893990,7708257,2,1,1
5591854,6962891,6,8,-2
5591854,6962891,9,2,7
4947133,7406178,4,1,3
6974864,7968697,1,1,0
6974864,7968697,11,4,7
5568200,8233535,1,7,-6
5420425,7186973,1,1,0
5420425,7186973,2,2,0
5420425,7186973,3,8,-5
5420425,7186973,4,3,1
6289911,7784879,1,8,-7
6469045,8648095,1,10,-9
6998186,7846612,1,8,-7
6998186,7846612,10,6,4
6998186,7846612,11,4,7
6998186,7846612,12,5,7
4926081,5235230,2,10,-8
4926081,5235230,8,4,4
4426698,7805749,1,8,-7
5299228,7720488,4,6,-2
5627857,6445930,3,4,-1
5627857,6445930,9,12,-3
5487992,8057788,6,3,3
5071306,8529183,1,3,-2
5071306,8529183,2,13,-11
5071306,8529183,3,1,2
5071306,8529183,6,10,-4
5071306,8529183,7,6,1
7580857,8538876,5,3,2
7580857,8538876,6,4,2
3991481,5289641,1,11,-10
3991481,5289641,3,3,0
3991481,5289641,11,1,10
6561125,7549391,1,3,-2
4163555,7685944,1,6,-5
4163555,7685944,2,12,-10
5438302,7776037,2,2,0
7206197,7650614,1,3,-2
4783174,5248199,5,4,1
4783174,5248199,12,1,11
6264132,8257807,1,4,-3
6264132,8257807,2,1,1
3988166,8040609,1,4,-3
3988166,8040609,8,5,3
7216080,8364694,12,9,3
6462753,6567349,1,2,-1
6462753,6567349,7,7,0
6462753,6567349,8,3,5
6473467,8611960,9,6,3
6473467,8611960,10,2,8
3930656,4140323,2,2,0
3930656,4140323,8,5,3
4171280,4260508,1,3,-2
4171280,4260508,2,1,1
4171280,4260508,4,2,2
4171280,4260508,6,10,-4
4171280,4260508,7,13,-6
4171280,4260508,8,4,4
4171280,4260508,9,9,0
4155416,4968050,7,7,0
4155416,4968050,13,9,4
5500113,6447259,5,4,1
5500113,6447259,10,11,-1
5329108,8023694,9,8,1
6094101,7848266,1,1,0
6094101,7848266,3,12,-9
7284055,8706878,10,2,8
5146153,6457681,2,7,-5
5146153,6457681,4,13,-9
4534557,7658694,1,9,-8
4534557,7658694,3,2,1
4561029,5490019,1,2,-1
4561029,5490019,6,10,-4
7763639,8314126,1,1,0
7763639,8314126,2,2,0
7763639,8314126,3,4,-1
7763639,8314126,5,5,0
7763639,8314126,6,6,0
7763639,8314126,7,7,0
7763639,8314126,8,8,0
7763639,8314126,9,9,0
7763639,8314126,11,10,1
7763639,8314126,12,11,1
7763639,8314126,13,12,1
6363431,6917813,6,10,-4
3986595,5242042,1,6,-5
3986595,5242042,5,13,-8
3986595,5242042,8,1,7
6368575,6913711,3,5,-2
6368575,6913711,12,3,9
4778532,7410543,2,2,0
5064090,6273289,1,2,-1
5064090,6273289,5,3,2
5064090,6273289,9,10,-1
5319543,8422864,11,7,4
5319543,8422864,13,1,12
4684747,8026395,4,6,-2
4684747,8026395,8,9,-1
4684747,8026395,10,12,-2
8163860,8598288,1,1,0
6470141,7447696,1,2,-1
6470141,7447696,3,1,2
5434426,6326600,5,3,2
6857486,8276689,2,2,0
6316838,8188579,1,2,-1
6316838,8188579,12,4,8
4163118,7901227,8,8,0
6089137,7726227,1,2,-1
6089137,7726227,3,6,-3
6089137,7726227,8,12,-4
5581861,7838333,4,7,-3
5581861,7838333,12,12,0
4765464,5632130,3,3,0
4765464,5632130,7,11,-4
4158718,7229684,3,8,-5
4138831,4325195,2,2,0
4138831,4325195,6,3,3
4138831,4325195,10,1,9
5219375,7047848,8,5,3
4675732,7599494,2,10,-8
5334136,7470363,1,1,0
5013050,8112887,1,1,0
5013050,8112887,5,6,-1
5013050,8112887,6,9,-3
5013050,8112887,9,7,2
5648847,6982785,1,8,-7
5648847,6982785,5,5,0
5648847,6982785,9,11,-2
7081120,8147526,2,10,-8
4932037,7723939,11,13,-2
4710817,4894721,9,3,6
4710817,4894721,11,2,9
6171651,7658794,1,6,-5
4342960,7696742,12,11,1
6150628,7115185,1,2,-1
6150628,7115185,4,4,0
6985581,7580519,5,9,-4
6091238,8054071,2,2,0
6091238,8054071,4,5,-1
4875082,7358103,4,7,-3
6377615,7133424,3,9,-6
6377615,7133424,8,2,6
4186833,7278537,2,2,0
4186833,7278537,3,6,-3
4186833,7278537,5,3,2
4186833,7278537,13,9,4
6868444,8370470,1,2,-1
6868444,8370470,6,3,3
6868444,8370470,11,5,6
7296190,7831865,1,11,-10
7296190,7831865,2,2,0
7296190,7831865,4,9,-5
4487162,5587124,5,2,3
4487162,5587124,6,5,1
5419433,7578389,2,6,-4
4185964,4528274,4,3,1
4185964,4528274,7,13,-6
4369172,5160743,11,6,5
5098631,7829183,2,3,-1
4909667,5516830,4,4,0
4909667,5516830,11,11,0
6240185,7707117,1,9,-8
6240185,7707117,3,13,-10
6240185,7707117,5,8,-3
6240185,7707117,11,3,8
5454809,6447508,6,3,3
5454809,6447508,11,1,10
4834307,6098908,1,1,0
4834307,6098908,2,9,-7
4834307,6098908,4,8,-4
4834307,6098908,8,5,3
4834307,6098908,13,13,0
5040342,7699199,1,1,0
5040342,7699199,3,3,0
4856724,7168602,1,4,-3
4856724,7168602,5,3,2
4856724,7168602,6,5,1
4856724,7168602,12,2,10
4856724,7168602,13,6,7
5287877,6152164,1,3,-2
5287877,6152164,2,5,-3
5287877,6152164,3,4,-1
5287877,6152164,6,1,5
5287877,6152164,10,2,8
4722830,8264014,6,2,4
4816958,6157286,1,1,0
4816958,6157286,7,3,4
5018235,6873266,4,3,1
5018235,6873266,8,13,-5
6425716,7186064,1,3,-2
6425716,7186064,2,8,-6
6425716,7186064,8,6,2
7210162,8019839,4,3,1
7822225,8150032,1,2,-1
7822225,8150032,3,7,-4
6888070,7964797,2,6,-4
6978954,8364306,1,1,0
6978954,8364306,3,3,0
5159038,8198375,2,9,-7
6144485,7969648,1,5,-4
6144485,7969648,3,1,2
6144485,7969648,4,2,2
6144485,7969648,10,12,-2
6144485,7969648,11,11,0
6069437,7084560,5,3,2
3994012,6281428,1,6,-5
3994012,6281428,6,3,3
3994012,6281428,11,8,3
6554831,7695498,3,8,-5
6554831,7695498,6,3,3
6554831,7695498,9,5,4
6594277,8595478,3,10,-7
4265237,4535766,6,6,0
4265237,4535766,10,4,6
4265237,4535766,12,9,3
6062556,6460842,2,4,-2
6062556,6460842,5,2,3
6062556,6460842,13,12,1
4802671,5215304,1,1,0
4802671,5215304,3,3,0
5057941,5594867,8,12,-4
7210039,8671351,8,3,5
5037393,5257976,1,8,-7
7953079,8281361,1,5,-4
7953079,8281361,3,7,-4
7953079,8281361,4,11,-7
4093378,7661315,1,1,0
7880534,8680839,7,13,-6
7880534,8680839,8,1,7
4146437,4631116,2,13,-11
4146437,4631116,4,9,-5
4146437,4631116,10,10,0
4380465,5141552,12,2,10
6560059,6850386,8,6,2
4951225,7113995,1,3,-2
3947825,6353831,2,11,-9
6473086,7812845,7,1,6
6473775,8234473,1,2,-1
6473775,8234473,7,8,-1
5207028,6863596,3,2,1
5207028,6863596,11,11,0
4708782,4994165,1,12,-11
4708782,4994165,2,5,-3
4708782,4994165,5,6,-1
4708782,4994165,6,2,4
4708782,4994165,8,13,-5
5520607,7431693,3,1,2
6138917,7174315,1,2,-1
4768926,5189412,1,1,0
4768926,5189412,2,3,-1
4768926,5189412,6,7,-1
5578081,8454688,1,2,-1
5578081,8454688,2,8,-6
5578081,8454688,7,10,-3
6890795,8556158,2,12,-10
6890795,8556158,3,10,-7
5628193,7578369,5,6,-1
4791281,6189009,4,1,3
4791281,6189009,9,10,-1
7602379,8224925,4,4,0
7602379,8224925,8,1,7
6157216,7606066,1,3,-2
6157216,7606066,7,6,1
6157216,7606066,9,12,-3
4449493,4930469,2,4,-2
4449493,4930469,3,3,0
4449493,4930469,5,1,4
7689142,8526853,7,2,5
5640188,7068690,1,1,0
6309279,7374471,1,2,-1
6309279,7374471,2,10,-8
5297522,6070852,1,1,0
5297522,6070852,4,4,0
5448511,8134378,4,4,0
5448511,8134378,9,1,8
7004271,8522902,2,3,-1
4933178,8481138,8,3,5
4026144,6578422,3,11,-8
4416595,5290239,3,2,1
4416595,5290239,4,11,-7
4416595,5290239,7,3,4
5136445,5299079,1,1,0
5136445,5299079,5,4,1
5417354,6318019,1,6,-5
5417354,6318019,4,11,-7
5417354,6318019,12,13,-1
4624257,8066723,9,11,-2
7484054,8589347,1,8,-7
4783792,5303374,1,3,-2
4783792,5303374,3,9,-6
4783792,5303374,9,10,-1
5640364,8280714,2,2,0
5640364,8280714,5,12,-7
5640364,8280714,8,1,7
4612797,5307139,7,1,6
6178974,8704997,8,1,7
6178974,8704997,11,5,6
5176057,7032812,1,1,0
5176057,7032812,3,3,0
5000840,5326466,2,8,-6
5000840,5326466,4,5,-1
5000840,5326466,8,1,7
4970207,6558690,6,12,-6
4970207,6558690,7,13,-6
4970207,6558690,8,5,3
6529948,7953889,13,13,0
6436179,6648951,1,5,-4
5263550,7150243,1,1,0
4340480,4933081,3,10,-7
4340480,4933081,8,1,7
4281717,4622209,1,3,-2
4281717,4622209,11,8,3
4620529,5241953,1,1,0
6452589,7924274,13,3,10
6847974,8468126,9,3,6
5081532,7873225,8,3,5
7673786,8146661,8,5,3
4305392,7204252,3,10,-7
4305392,7204252,8,2,6
4305392,7204252,10,12,-2
4305392,7204252,13,9,4
4429694,8696659,2,1,1
7312250,7678946,1,4,-3
7312250,7678946,4,3,1
6266927,6875119,10,1,9
6182097,7383334,8,8,0
6073242,7912899,6,3,3
6246999,6633875,3,4,-1
4959719,8407737,6,7,-1
6551208,7104920,3,10,-7
6321563,8162626,1,5,-4
6321563,8162626,2,2,0
6321563,8162626,4,10,-6
6321563,8162626,7,4,3
6042652,6955211,4,1,3
5627973,7113914,5,5,0
4790889,6425963,1,3,-2
4790889,6425963,3,2,1
4207520,4414508,2,1,1
4207520,4414508,4,2,2
4207520,4414508,5,10,-5
4207520,4414508,6,5,1
6892121,8255086,7,12,-5
4877947,5422473,2,1,1
4212754,5328625,3,4,-1
4212754,5328625,9,3,6
4952003,5275476,2,4,-2
4952003,5275476,3,11,-8
4952003,5275476,7,12,-5
4952003,5275476,8,2,6
4725925,5136471,1,1,0
4878267,7861465,1,3,-2
4878267,7861465,2,2,0
4878267,7861465,4,11,-7
4878267,7861465,8,1,7
4878267,7861465,9,6,3
4878267,7861465,11,9,2
4439858,8269515,1,1,0
4439858,8269515,11,3,8
5430559,6072912,1,11,-10
5430559,6072912,3,8,-5
5430559,6072912,8,2,6
4860018,8285225,13,2,11
6907520,8640114,6,3,3
6544581,8658220,4,7,-3
4292531,7164977,1,3,-2
4292531,7164977,6,2,4
4719784,6446477,1,1,0
4719784,6446477,3,10,-7
4719784,6446477,4,5,-1
5489295,8083752,7,6,1
5489295,8083752,10,7,3
6621264,7001246,5,9,-4
6621264,7001246,11,7,4
4334764,4664509,8,11,-3
4334764,4664509,9,6,3
5194748,7105838,2,3,-1
5194748,7105838,3,5,-2
5194748,7105838,6,8,-2
4322009,4595547,1,3,-2
4322009,4595547,5,4,1
4322009,4595547,10,2,8
5121343,7054515,13,7,6
4398366,7121033,1,4,-3
4398366,7121033,2,11,-9
4398366,7121033,3,5,-2
4398366,7121033,9,2,7
4398366,7121033,13,6,7
6349233,7433734,4,7,-3
6349233,7433734,6,5,1
6349233,7433734,7,2,5
7697739,8391576,1,1,0
7697739,8391576,2,5,-3
7697739,8391576,5,4,1
7697739,8391576,6,10,-4
7697739,8391576,9,6,3
7697739,8391576,13,7,6
4747154,5588101,2,2,0
4747154,5588101,9,5,4
4747154,5588101,10,9,1
4747154,5588101,13,3,10
4402832,6979402,4,9,-5
4402832,6979402,10,6,4
5153873,7126883,1,3,-2
5153873,7126883,4,1,3
5187653,8125194,1,9,-8
5187653,8125194,3,5,-2
7431019,7975674,1,1,0
7431019,7975674,9,2,7
5152010,7522883,7,2,5
5152010,7522883,9,11,-2
6218910,7759953,1,1,0
4539594,7724971,1,6,-5
4539594,7724971,3,7,-4
6168579,7326224,6,3,3
5630006,7099563,1,9,-8
6493685,8010424,3,2,1
6493685,8010424,6,11,-5
4749734,5041310,1,3,-2
4280178,4841553,4,4,0
4280178,4841553,6,8,-2
4280178,4841553,10,5,5
4303162,8210363,1,2,-1
4303162,8210363,7,1,6
4303162,8210363,13,6,7
7043661,8230269,4,5,-1
7043661,8230269,11,11,0
4040967,4330414,4,9,-5
7145429,7697262,11,4,7
6909451,8327395,8,5,3
5344168,7185897,2,1,1
5344168,7185897,3,2,1
5344168,7185897,5,3,2
6516546,8171663,13,1,12
6011795,7272140,4,3,1
6662398,7712474,7,10,-3
4683596,6216278,1,1,0
4435112,6394537,1,1,0
7030749,7295866,6,8,-2
4541432,8306627,2,1,1
7016467,7822180,3,3,0
6182735,7156141,1,4,-3
6182735,7156141,5,6,-1
6182735,7156141,9,3,6
5411031,8002701,9,8,1
7126913,7843832,1,4,-3
6084971,6996242,3,10,-7
6084971,6996242,4,2,2
6084971,6996242,11,8,3
6084971,6996242,13,1,12
5466348,8192966,3,11,-8
5466348,8192966,9,6,3
5466348,8192966,13,10,3
4782399,5239392,2,2,0
4782399,5239392,4,9,-5
4782399,5239392,5,10,-5
4321362,4486584,5,4,1
4321362,4486584,9,7,2
4321362,4486584,12,8,4
4321362,4486584,13,9,4
4283593,4429939,1,1,0
4283593,4429939,3,6,-3
4283593,4429939,4,4,0
4283593,4429939,11,5,6
7445793,8263135,2,5,-3
5282798,6464693,5,1,4
5282798,6464693,9,6,3
5282798,6464693,10,9,1
4769338,6858465,5,7,-2
4088126,5540231,2,2,0
4088126,5540231,5,6,-1
4088126,5540231,7,7,0
4088126,5540231,12,13,-1
7122542,8557806,1,1,0
7122542,8557806,2,2,0
7122542,8557806,3,3,0
7122542,8557806,4,4,0
7122542,8557806,5,5,0
7122542,8557806,6,6,0
7122542,8557806,7,7,0
7122542,8557806,8,8,0
7122542,8557806,9,9,0
7122542,8557806,10,10,0
7122542,8557806,11,11,0
7122542,8557806,12,12,0
7122542,8557806,13,13,0
6257979,8267404,4,1,3
6257979,8267404,5,3,2
7072986,8387132,11,13,-2
4387271,7702095,7,4,3
4387271,7702095,10,1,9
5549417,7578038,1,13,-12
5549417,7578038,4,2,2
5549417,7578038,5,6,-1
5549417,7578038,13,7,6
6897858,7162080,7,4,3
5113949,5567886,2,13,-11
5113949,5567886,3,7,-4
4357086,5585885,2,10,-8
4357086,5585885,8,4,4
4357086,5585885,11,6,5
6063030,6669633,1,6,-5
6063030,6669633,6,4,2
6063030,6669633,8,2,6
6155454,7204391,1,1,0
6155454,7204391,2,2,0
6155454,7204391,4,5,-1
5010454,6302558,2,2,0
4375533,4692502,1,1,0
4375533,4692502,2,2,0
4375533,4692502,4,6,-2
4375533,4692502,6,3,3
4375533,4692502,7,5,2
4375533,4692502,9,9,0
4375533,4692502,11,11,0
4375533,4692502,12,12,0
4375533,4692502,13,13,0
4015751,8562708,3,2,1
6334132,7200602,4,3,1
6334132,7200602,7,1,6
7454569,8266106,1,2,-1
7454569,8266106,5,13,-8
4276491,7115094,1,1,0
4276491,7115094,5,3,2
4454532,5014328,6,1,5
4772261,7658751,11,12,-1
6246867,7359448,3,10,-7
6246867,7359448,6,9,-3
4296950,5090738,1,1,0
4296950,5090738,2,6,-4
4296950,5090738,6,9,-3
5200735,7129830,9,1,8
5200735,7129830,11,11,0
7549011,7885112,11,8,3
5556594,6458318,4,2,2
5556594,6458318,5,10,-5
5556594,6458318,10,6,4
4874647,7727941,2,9,-7
4874647,7727941,7,7,0
6847241,7656207,1,4,-3
6847241,7656207,6,1,5
6847241,7656207,8,2,6
6847241,7656207,9,9,0
6847241,7656207,13,7,6
5484560,6491281,1,5,-4
5484560,6491281,2,4,-2
5484560,6491281,5,13,-8
5484560,6491281,10,10,0
4084905,4804849,13,4,9
6412574,7334650,3,1,2
6412574,7334650,6,10,-4
6412574,7334650,7,2,5
6926479,8141828,5,2,3
4888027,5073174,2,1,1
4888027,5073174,3,10,-7
4888027,5073174,8,8,0
7470957,8704238,8,7,1
6563162,8497194,8,12,-4
4828218,7828527,4,8,-4
5061721,6515103,3,13,-10
6308074,6879254,10,3,7
4817233,6530117,1,9,-8
4817233,6530117,7,2,5
4976724,8267950,4,5,-1
4976724,8267950,9,11,-2
7239742,8676273,4,6,-2
4680156,5281378,8,10,-2
4680156,5281378,10,12,-2
4752676,7941355,2,12,-10
4412889,5653183,1,2,-1
6594704,7533183,1,3,-2
6594704,7533183,3,2,1
6594704,7533183,4,4,0
4080764,6397919,2,5,-3
4080764,6397919,8,10,-2
5641712,6268277,5,2,3
5641712,6268277,8,7,1
5641712,6268277,12,4,8
6338555,7336388,5,1,4
6338555,7336388,7,3,4
6338555,7336388,8,6,2
6917068,8629047,4,7,-3
6917068,8629047,6,5,1
6917068,8629047,7,8,-1
6072710,8212495,2,1,1
6671484,7218880,1,7,-6
5023208,7125912,1,5,-4
5023208,7125912,4,13,-9
5077376,6653371,1,4,-3
5077376,6653371,2,7,-5
5077376,6653371,3,1,2
6325291,7092256,5,4,1
6325291,7092256,10,3,7
6325291,7092256,12,7,5
4834512,5526067,4,3,1
4834512,5526067,11,1,10
5395678,5558927,7,1,6
5395678,5558927,8,6,2
6500882,7527825,4,13,-9
6500882,7527825,5,7,-2
4111815,6852148,3,4,-1
6545640,8154463,1,1,0
4967732,8506578,7,12,-5
4497272,5355817,1,13,-12
4497272,5355817,3,2,1
5638491,8260730,2,1,1
5575284,7865224,8,1,7
5575284,7865224,11,11,0
4068659,7094218,5,1,4
4995265,5136885,1,1,0
4662377,7418293,6,5,1
4662377,7418293,7,1,6
3990726,4169613,3,9,-6
7071561,7808117,1,1,0
7071561,7808117,3,6,-3
7071561,7808117,4,2,2
6397476,8161653,1,9,-8
6397476,8161653,2,12,-10
6397476,8161653,4,8,-4
6397476,8161653,5,1,4
5571192,7935148,4,8,-4
5571192,7935148,6,1,5
5571192,7935148,8,9,-1
7327612,8209553,1,1,0
7327612,8209553,3,5,-2
7327612,8209553,11,11,0
5526353,6615173,1,7,-6
5526353,6615173,2,2,0
5526353,6615173,6,4,2
5526353,6615173,11,10,1
4993967,7727002,5,9,-4
4993967,7727002,11,11,0
4364848,4447552,1,1,0
4364848,4447552,2,2,0
4364848,4447552,3,3,0
4364848,4447552,4,4,0
4364848,4447552,5,5,0
4364848,4447552,6,8,-2
4364848,4447552,7,11,-4
4364848,4447552,8,12,-4
7583078,8710832,2,1,1
7583078,8710832,3,10,-7
7583078,8710832,11,2,9
6188431,7920169,3,2,1
6825245,8288591,9,8,1
5643061,6299515,2,1,1
4381063,7748174,9,8,1
4381063,7748174,11,4,7
6201020,7235557,2,2,0
6201020,7235557,3,4,-1
6201020,7235557,5,6,-1
6201020,7235557,8,9,-1
6201020,7235557,9,12,-3
6201020,7235557,10,10,0
6201020,7235557,11,11,0
6201020,7235557,12,7,5
6201020,7235557,13,13,0
4754582,6484148,2,1,1
4754582,6484148,5,10,-5
5590830,6976911,1,6,-5
5590830,6976911,2,7,-5
4707293,5340495,2,3,-1
5092879,5282849,4,2,2
4144194,4226743,1,10,-9
4144194,4226743,3,2,1
4144194,4226743,8,8,0
6542688,8636421,3,3,0
6542688,8636421,4,1,3
6542688,8636421,6,2,4
5394089,7711538,1,1,0
5394089,7711538,6,7,-1
5394089,7711538,9,10,-1
4853708,7407274,1,1,0
4853708,7407274,4,2,2
4853708,7407274,8,7,1
5528937,7357026,1,6,-5
5528937,7357026,6,8,-2
6178529,7406694,1,2,-1
6431298,7556113,4,2,2
6165981,7956028,1,6,-5
6165981,7956028,2,7,-5
6165981,7956028,5,12,-7
6169374,7067987,1,1,0
6169374,7067987,3,3,0
6169374,7067987,5,8,-3
6169374,7067987,6,5,1
6169374,7067987,7,9,-2
6169374,7067987,12,2,10
4542547,6079065,2,2,0
6244853,8602283,3,4,-1
4666440,5300055,1,2,-1
4666440,5300055,2,3,-1
4666440,5300055,6,13,-7
4496171,7047547,2,2,0
4763919,6155740,6,4,2
4763919,6155740,8,9,-1
4763919,6155740,13,3,10
6305051,7322612,2,3,-1
6305051,7322612,8,10,-2
4438426,5307048,13,2,11
4798602,6659990,1,7,-6
5547843,6642034,2,2,0
5547843,6642034,3,4,-1
5547843,6642034,6,9,-3
7643989,8438122,9,3,6
4595212,6341657,1,3,-2
4595212,6341657,2,1,1
4595212,6341657,3,2,1
4595212,6341657,4,6,-2
5308108,6846013,1,4,-3
5308108,6846013,2,1,1
5308108,6846013,11,10,1
5481615,8090114,7,1,6
6365148,7709025,1,4,-3
6365148,7709025,6,2,4
4850864,5062793,1,2,-1
4850864,5062793,4,5,-1
4850864,5062793,5,7,-2
6204554,7253503,1,9,-8
6204554,7253503,2,2,0
6204554,7253503,11,8,3
4617907,4903675,1,10,-9
4617907,4903675,2,4,-2
4617907,4903675,4,1,3
4617907,4903675,8,6,2
4617907,4903675,12,11,1
4936792,7988507,5,4,1
5416782,8000141,2,2,0
5416782,8000141,4,8,-4
5416782,8000141,7,12,-5
5467770,6524244,13,2,11
4171106,7588208,5,7,-2
6490474,8355774,2,8,-6
4010619,4753552,2,1,1
4010619,4753552,8,6,2
4010619,4753552,12,3,9
5642560,7121337,9,1,8
7317306,8097979,2,2,0
4128740,6496699,5,11,-6
5179702,5388252,6,7,-1
5179702,5388252,9,9,0
4847485,8468743,1,4,-3
4490126,7140967,6,2,4
5455525,8686549,6,7,-1
5242454,7630420,12,1,11
4539918,4745869,7,1,6
4539918,4745869,13,8,5
6523951,8576436,1,1,0
6523951,8576436,3,5,-2
6523951,8576436,12,10,2
4372582,6124377,1,3,-2
4372582,6124377,3,11,-8
4105971,5280240,5,8,-3
4105971,5280240,6,3,3
6133398,7056415,3,7,-4
7652954,8755650,1,1,0
5345185,7659707,4,6,-2
5345185,7659707,8,7,1
5345185,7659707,13,9,4
5094551,5564840,2,1,1
5094551,5564840,4,9,-5
4157859,7253949,2,9,-7
4157859,7253949,10,13,-3
6466618,8134583,5,5,0
4037566,5645015,1,1,0
4037566,5645015,5,9,-4
4399621,5319866,2,7,-5
4399621,5319866,4,4,0
4399621,5319866,7,1,6
6572409,7837505,3,1,2
6572409,7837505,8,2,6
4397674,5253467,5,7,-2
6493906,7439453,2,2,0
6493906,7439453,13,3,10
5163046,5546520,1,2,-1
5249732,5653017,1,6,-5
5249732,5653017,2,1,1
5249732,5653017,4,2,2
5644886,7331150,12,13,-1
4251285,6479316,4,7,-3
4251285,6479316,8,1,7
5173691,7447569,3,1,2
5173691,7447569,4,6,-2
5397104,7157042,1,6,-5
5397104,7157042,4,1,3
5397104,7157042,5,4,1
5397104,7157042,9,5,4
4357827,7753897,4,2,2
7038641,8203260,2,6,-4
7038641,8203260,3,2,1
7038641,8203260,6,7,-1
7038641,8203260,7,3,4
7440660,8331204,5,10,-5
7440660,8331204,9,11,-2
5372973,6555402,1,2,-1
5372973,6555402,8,1,7
3938755,5145123,4,5,-1
6135952,8352009,1,5,-4
6135952,8352009,4,7,-3
6264086,7770775,2,10,-8
5531541,7832958,2,1,1
5531541,7832958,5,2,3
7982275,8411495,1,8,-7
7982275,8411495,10,11,-1
5043591,7631568,9,9,0
5043591,7631568,13,12,1
5638722,7490899,7,7,0
4873708,5289520,2,8,-6
4873708,5289520,7,7,0
5176393,7374002,6,7,-1
4047715,8235874,3,1,2
6910506,7434658,1,4,-3
6910506,7434658,4,10,-6
5306454,8741088,6,2,4
4852443,7064561,10,3,7
4196219,4781935,4,3,1
4196219,4781935,13,10,3
4935673,5229927,1,12,-11
4935673,5229927,5,9,-4
4935673,5229927,7,8,-1
6648635,7730765,5,8,-3
6648635,7730765,6,6,0
6648635,7730765,12,3,9
5465726,7727178,1,2,-1
5465726,7727178,7,1,6
6654228,7932700,2,2,0
6654228,7932700,3,3,0
6654228,7932700,8,7,1
5597766,7084013,4,4,0
5597766,7084013,8,9,-1
5478435,6380086,7,8,-1
4005012,5593738,2,3,-1
4005012,5593738,10,5,5
4908861,5214700,12,6,6
6613034,7931639,1,2,-1
6613034,7931639,2,1,1
6613034,7931639,3,6,-3
6613034,7931639,4,3,1
6613034,7931639,5,5,0
6613034,7931639,12,7,5
5620233,6840582,3,7,-4
5620233,6840582,6,2,4
5103381,7083304,1,2,-1
5103381,7083304,2,1,1
5103381,7083304,6,3,3
4382606,7066493,8,2,6
4569970,8080606,2,1,1
4569970,8080606,5,9,-4
6148289,8271431,8,10,-2
6865135,8032806,12,9,3
4723020,5334506,2,5,-3
4723020,5334506,6,9,-3
4723020,5334506,7,10,-3
5302509,8288098,5,5,0
6353554,7652930,1,6,-5
6353554,7652930,4,4,0
4382317,7458457,4,1,3
4606345,8361087,12,1,11
4945870,7100572,1,9,-8
6283065,7287491,3,3,0
6283065,7287491,8,4,4
7144333,8753229,1,1,0
7144333,8753229,3,6,-3
7144333,8753229,8,5,3
4330170,4436365,4,10,-6
4330170,4436365,12,4,8
6669700,7909829,7,8,-1
3982256,4114175,7,10,-3
3982256,4114175,9,2,7
3982256,4114175,10,4,6
4192587,4291965,10,6,4
4214910,7521389,1,10,-9
4214910,7521389,2,4,-2
5501253,7156262,2,8,-6
5236241,6340513,1,4,-3
5236241,6340513,3,7,-4
6335907,6539281,6,4,2
5315691,7110007,4,2,2
5315691,7110007,11,1,10
5315691,7110007,13,11,2
4994258,5424402,3,9,-6
4994258,5424402,8,1,7
4661483,4992462,3,3,0
4661483,4992462,4,4,0
4661483,4992462,5,5,0
4661483,4992462,6,7,-1
4661483,4992462,9,9,0
5269879,6228279,1,8,-7
5269879,6228279,5,1,4
4354805,8484976,12,7,5
4138756,6959466,5,12,-7
4138756,6959466,6,10,-4
4138756,6959466,9,4,5
4808258,7507672,1,2,-1
4837331,6524379,4,4,0
4837331,6524379,13,5,8
4349191,4611807,8,3,5
4131313,6082816,3,6,-3
4131313,6082816,6,3,3
5573906,8105477,6,5,1
7818702,8569128,2,10,-8
7818702,8569128,7,13,-6
4662683,4998744,5,3,2
4662683,4998744,6,4,2
4662683,4998744,13,6,7
4136780,7442896,1,2,-1
4136780,7442896,7,4,3
4992940,7827071,3,4,-1
4992940,7827071,5,1,4
3994567,5148300,1,10,-9
3994567,5148300,2,11,-9
3994567,5148300,3,12,-9
3994567,5148300,5,1,4
3994567,5148300,9,3,6
7166496,8049315,1,6,-5
7166496,8049315,7,5,2
7166496,8049315,9,11,-2
6253835,7958934,4,1,3
6253835,7958934,6,9,-3
5551035,7430711,13,13,0
6421164,7366376,1,1,0
6075443,7488231,12,5,7
4832292,6860094,1,3,-2
4832292,6860094,3,12,-9
6309230,8665593,3,1,2
6309230,8665593,10,12,-2
6309230,8665593,11,7,4
4180529,8119734,6,10,-4
4180529,8119734,7,11,-4
5383754,6278524,2,5,-3
6247296,7730701,4,3,1
6247296,7730701,6,5,1
6658992,8695489,8,13,-5
5209737,8092430,12,11,1
5209737,8092430,13,3,10
6096562,8287822,4,2,2
4907680,7637360,8,4,4
4997445,7217290,12,9,3
4997445,7217290,13,3,10
4076135,4253788,3,1,2
4076135,4253788,9,2,7
3937270,4537243,1,2,-1
3937270,4537243,2,1,1
3937270,4537243,3,5,-2
4685310,5238024,1,1,0
4685310,5238024,5,11,-6
4642780,8612277,5,2,3
6364968,7699947,1,5,-4
6364968,7699947,2,3,-1
6364968,7699947,7,2,5
7088426,7643125,8,4,4
7088426,7643125,10,13,-3
6094873,8069620,3,11,-8
6094873,8069620,5,4,1
6094873,8069620,13,2,11
6216004,7894816,5,9,-4
4704029,8343074,12,5,7
4291594,4543855,1,10,-9
4291594,4543855,2,6,-4
4291594,4543855,4,7,-3
4291594,4543855,6,12,-6
4291594,4543855,7,9,-2
4291594,4543855,10,2,8
4291594,4543855,11,8,3
4938390,6457613,5,3,2
4938390,6457613,8,6,2
5627983,6941447,1,1,0
5627983,6941447,2,2,0
5629772,7084988,4,7,-3
5627817,7193963,1,1,0
6983125,8290018,1,8,-7
6983125,8290018,3,7,-4
6983125,8290018,6,9,-3
6983125,8290018,12,11,1
7833256,8394127,4,3,1
7833256,8394127,12,4,8
4361413,6662436,4,1,3
4361413,6662436,5,5,0
4703347,5283644,9,2,7
7113838,7844433,1,4,-3
4177540,7934782,1,3,-2
4177540,7934782,3,1,2
4177540,7934782,4,4,0
4890612,7942897,4,9,-5
6942639,8440459,3,2,1
6942639,8440459,12,1,11
4381919,7578854,8,1,7
7499384,7911897,1,1,0
7499384,7911897,2,2,0
7499384,7911897,3,3,0
7499384,7911897,4,4,0
7499384,7911897,5,5,0
7499384,7911897,6,6,0
7499384,7911897,7,7,0
7499384,7911897,8,8,0
7499384,7911897,9,9,0
7499384,7911897,10,10,0
7499384,7911897,11,11,0
7499384,7911897,12,12,0
7499384,7911897,13,13,0
6594178,7196934,1,6,-5
6594178,7196934,2,1,1
6594178,7196934,3,8,-5
7414116,8088575,2,2,0
7414116,8088575,3,3,0
7414116,8088575,5,12,-7
7414116,8088575,6,9,-3
4774227,6100379,4,3,1
7455868,8348651,8,6,2
7455868,8348651,13,1,12
4940213,6156657,3,5,-2
4147677,5504132,8,7,1
4680386,8460710,3,1,2
4349717,5044869,1,2,-1
4349717,5044869,3,3,0
5152464,6325930,1,12,-11
5152464,6325930,5,2,3
4610934,5410133,1,4,-3
4610934,5410133,8,9,-1
6203192,7310514,3,6,-3
6203192,7310514,8,13,-5
6203192,7310514,9,7,2
5430540,6424413,6,12,-6
6932640,8545253,13,10,3
6985382,8681535,7,13,-6
6985382,8681535,11,6,5
5527439,8337681,6,11,-5
4566620,8721630,3,6,-3
4566620,8721630,4,7,-3
4566620,8721630,6,13,-7
4566620,8721630,7,4,3
4566620,8721630,8,10,-2
4886492,6406454,2,1,1
4886492,6406454,4,5,-1
4886492,6406454,10,10,0
4886492,6406454,11,4,7
6375025,7481325,7,5,2
4124244,4441748,3,1,2
4271393,7589526,1,13,-12
4271393,7589526,5,5,0
4271393,7589526,6,4,2
5500181,8298192,1,1,0
5500181,8298192,8,4,4
5500181,8298192,10,7,3
3959935,4086068,2,5,-3
4084158,5170171,3,2,1
4084158,5170171,4,5,-1
4084158,5170171,5,1,4
4084158,5170171,7,10,-3
4084158,5170171,9,8,1
4274163,7572263,5,1,4
5129903,7255699,2,2,0
6970426,8542598,3,9,-6
6970426,8542598,6,4,2
4197463,8445839,1,1,0
4197463,8445839,2,4,-2
4197463,8445839,3,3,0
4197463,8445839,9,2,7
5519236,7049196,3,6,-3
5519236,7049196,6,9,-3
5519236,7049196,7,5,2
6536261,8353273,1,12,-11
4936279,6484700,2,8,-6
4936279,6484700,3,2,1
4936279,6484700,13,3,10
6084092,6413715,1,1,0
6084092,6413715,2,2,0
6084092,6413715,3,3,0
6084092,6413715,4,4,0
6084092,6413715,5,5,0
6084092,6413715,6,6,0
6084092,6413715,7,7,0
6084092,6413715,8,8,0
6084092,6413715,9,9,0
6084092,6413715,10,10,0
6084092,6413715,11,11,0
6084092,6413715,12,12,0
6084092,6413715,13,13,0
6388477,8493145,7,3,4
6388477,8493145,12,2,10
6343217,7076260,2,7,-5
6343217,7076260,4,1,3
6343217,7076260,13,8,5
4823984,5322187,1,3,-2
6286045,8170183,6,1,5
6286045,8170183,8,8,0
6558427,8029574,5,3,2
6558427,8029574,9,8,1
5144146,6565803,5,4,1
4756604,5404185,1,1,0
4756604,5404185,2,4,-2
4756604,5404185,5,2,3
4756604,5404185,8,8,0
4756604,5404185,9,13,-4
4756604,5404185,11,9,2
5442458,7336835,10,2,8
5517195,6486780,2,8,-6
3942058,7126283,9,8,1
3930888,4119769,1,7,-6
3930888,4119769,2,9,-7
3930888,4119769,10,3,7
3930888,4119769,13,5,8
6423583,6574130,1,1,0
5571511,7169903,13,2,11
5437304,7849877,13,11,2
6558361,8636673,13,3,10
4009823,8257587,2,2,0
4009823,8257587,5,9,-4
4356098,5599474,9,9,0
5156486,5421668,2,5,-3
6154983,7752775,13,7,6
4694343,6091778,2,2,0
4694343,6091778,10,12,-2
3976413,6880315,1,1,0
4865325,7607699,11,3,8
6649942,8115192,3,1,2
6649942,8115192,8,3,5
6649942,8115192,9,7,2
6649942,8115192,10,11,-1
5422817,7613567,6,7,-1
5422817,7613567,11,3,8
6690042,8264002,5,4,1
5235782,6898899,1,12,-11
5235782,6898899,2,6,-4
7114177,7693833,1,5,-4
7114177,7693833,4,6,-2
7114177,7693833,5,3,2
7114177,7693833,13,2,11
7146388,8104048,1,2,-1
6430988,7387026,1,1,0
6430988,7387026,7,6,1
6430988,7387026,10,3,7
4762129,5575771,2,1,1
4762129,5575771,3,3,0
4687267,4950172,2,5,-3
4687267,4950172,5,3,2
5065779,5289839,2,2,0
5065779,5289839,8,1,7
6335709,6532700,2,2,0
4022570,6457971,7,11,-4
5043990,8407537,1,12,-11
5043990,8407537,2,3,-1
5043990,8407537,10,7,3
7222142,7653667,1,1,0
7222142,7653667,2,5,-3
7222142,7653667,3,6,-3
7222142,7653667,4,2,2
7222142,7653667,5,8,-3
7222142,7653667,6,13,-7
7222142,7653667,10,10,0
6188825,8712206,1,1,0
6188825,8712206,5,2,3
6188825,8712206,6,4,2
5622888,6037205,3,2,1
5622888,6037205,4,13,-9
5526230,8461542,2,6,-4
5526230,8461542,7,3,4
4911736,5288814,5,1,4
4911736,5288814,6,9,-3
4911736,5288814,7,13,-6
4911736,5288814,8,8,0
7286964,7668665,1,3,-2
7286964,7668665,3,10,-7
7286964,7668665,4,12,-8
7286964,7668665,5,7,-2
7073931,7304425,9,1,8
6630872,7956804,2,4,-2
6630872,7956804,3,6,-3
6630872,7956804,11,13,-2
5064643,6093391,5,2,3
5064643,6093391,11,10,1
5064643,6093391,12,11,1
5144497,7623620,1,7,-6
5144497,7623620,12,9,3
6081909,7812743,2,7,-5
6081909,7812743,13,10,3
6120571,6331134,1,3,-2
6120571,6331134,12,8,4
6244368,7110867,2,8,-6
6244368,7110867,4,5,-1
6244368,7110867,7,3,4
6244368,7110867,9,9,0
6856973,7809595,3,3,0
7112037,8690549,2,4,-2
7112037,8690549,3,3,0
4860782,7669609,1,1,0
4751179,5434081,1,1,0
4751179,5434081,6,4,2
7191003,7797036,5,11,-6
7308264,8185115,2,2,0
5058518,7333877,1,4,-3
5058518,7333877,3,8,-5
5058518,7333877,5,1,4
4215277,4678926,1,1,0
4215277,4678926,3,9,-6
4215277,4678926,7,3,4
4215277,4678926,11,6,5
4215277,4678926,12,7,5
6511975,8481573,5,6,-1
5493791,7644518,5,4,1
4844833,5302413,1,2,-1
4844833,5302413,2,10,-8
4844833,5302413,6,7,-1
5222638,7448520,1,1,0
5222638,7448520,4,13,-9
5222638,7448520,6,4,2
5222638,7448520,7,2,5
5236478,6334888,6,3,3
6073172,8533703,2,4,-2
6073172,8533703,6,1,5
6073172,8533703,7,3,4
5273760,8389007,4,1,3
7138889,7714684,1,7,-6
7138889,7714684,2,5,-3
6961349,7430182,11,2,9
5047115,8382940,3,2,1
5047115,8382940,4,9,-5
5047115,8382940,6,5,1
5047115,8382940,12,11,1
5371974,6099383,1,2,-1
5371974,6099383,11,4,7
7465854,7705210,2,2,0
7465854,7705210,3,3,0
7465854,7705210,4,4,0
7465854,7705210,5,5,0
7465854,7705210,6,6,0
7465854,7705210,7,7,0
7465854,7705210,8,8,0
7465854,7705210,9,9,0
7465854,7705210,10,10,0
7465854,7705210,11,11,0
7465854,7705210,12,12,0
7465854,7705210,13,13,0
5432480,7315598,1,1,0
6470415,7975066,11,10,1
4820871,5220061,3,13,-10
5146609,8270366,12,12,0
6441558,7233115,1,1,0
6441558,7233115,2,4,-2
6441558,7233115,5,5,0
6441558,7233115,11,2,9
6449715,7072990,5,7,-2
6449715,7072990,6,4,2
7177710,8285659,4,12,-8
5447841,7820389,9,9,0
5447841,7820389,12,10,2
6095437,7121253,1,6,-5
6095437,7121253,4,1,3
6095437,7121253,5,10,-5
6574605,7353182,1,1,0
6574605,7353182,9,4,5
6493273,7296111,3,11,-8
6493273,7296111,5,4,1
6493273,7296111,6,2,4
6493273,7296111,9,13,-4
6493273,7296111,10,3,7
5185371,5418130,3,1,2
5185371,5418130,4,7,-3
5185371,5418130,11,4,7
4449945,4880403,3,6,-3
4449945,4880403,9,5,4
6473220,7712911,11,9,2
8158515,8664042,5,11,-6
6125943,6883616,1,10,-9
6125943,6883616,2,11,-9
6125943,6883616,13,8,5
6278979,7933835,4,4,0
7110060,7999885,1,1,0
7110060,7999885,2,2,0
7110060,7999885,3,3,0
7110060,7999885,4,4,0
7110060,7999885,5,5,0
7110060,7999885,6,6,0
7110060,7999885,7,7,0
7110060,7999885,8,8,0
7110060,7999885,9,9,0
7110060,7999885,10,10,0
7110060,7999885,11,11,0
7110060,7999885,12,12,0
7110060,7999885,13,13,0
6256404,7724866,1,10,-9
6256404,7724866,3,5,-2
6256404,7724866,10,9,1
7070618,8092525,2,3,-1
5163151,6446224,2,5,-3
5163151,6446224,9,4,5
4158376,5255808,1,9,-8
4158376,5255808,12,5,7
6216083,6349293,2,11,-9
6216083,6349293,3,10,-7
6216083,6349293,7,4,3
6216083,6349293,8,9,-1
7716077,8542676,10,5,5
7716077,8542676,13,6,7
4176246,4710921,3,5,-2
4176246,4710921,6,2,4
6619291,7455690,3,1,2
7285047,8602875,3,1,2
5425919,7803631,2,7,-5
5425919,7803631,12,1,11
4620327,5306311,2,2,0
4620327,5306311,10,3,7
6226428,7068879,2,3,-1
6226428,7068879,5,11,-6
6226428,7068879,9,13,-4
7040415,8049506,3,11,-8
7040415,8049506,4,13,-9
7040415,8049506,7,3,4
7040415,8049506,11,10,1
7119805,7552038,7,6,1
7119805,7552038,8,5,3
7389316,8522052,2,7,-5
7389316,8522052,7,12,-5
6066442,8029884,1,3,-2
5142640,8673700,1,10,-9
5142640,8673700,6,9,-3
5142640,8673700,11,6,5
4693981,5120649,1,2,-1
4693981,5120649,3,1,2
6159942,7553817,8,5,3
6159942,7553817,13,8,5
6130121,8450178,1,3,-2
6130121,8450178,7,1,6
6130121,8450178,8,9,-1
4985833,7752107,2,3,-1
4985833,7752107,4,10,-6
4985833,7752107,7,8,-1
4985833,7752107,10,7,3
6459376,8253565,1,5,-4
6459376,8253565,3,9,-6
6459376,8253565,4,1,3
6459376,8253565,5,2,3
6459376,8253565,6,4,2
6459376,8253565,7,7,0
6459376,8253565,8,3,5
6459376,8253565,9,10,-1
6459376,8253565,10,8,2
6459376,8253565,11,13,-2
3992971,4135424,3,13,-10
3992971,4135424,5,5,0
3992971,4135424,12,10,2
6253285,7330936,1,4,-3
6253285,7330936,2,2,0
6253285,7330936,3,1,2
6253285,7330936,4,3,1
6253285,7330936,5,11,-6
5411992,8362091,5,6,-1
4130885,5363495,7,10,-3
6288873,7157038,13,1,12
3973719,4066182,1,1,0
6018366,7881382,2,2,0
6018366,7881382,7,13,-6
6018366,7881382,12,3,9
4609270,4864338,1,8,-7
4609270,4864338,2,7,-5
4609270,4864338,7,2,5
4609270,4864338,8,1,7
4609270,4864338,9,6,3
5566175,7065050,4,5,-1
5566175,7065050,5,2,3
5082182,5329763,1,1,0
5082182,5329763,2,9,-7
5082182,5329763,4,13,-9
5082182,5329763,7,3,4
7253734,7737853,1,3,-2
7253734,7737853,2,4,-2
7253734,7737853,3,5,-2
7253734,7737853,4,2,2
7253734,7737853,6,1,5
7253734,7737853,7,6,1
7253734,7737853,10,9,1
7253734,7737853,11,12,-1
5388701,8714357,2,7,-5
5388701,8714357,3,5,-2
5388701,8714357,10,11,-1
6398259,7048306,1,2,-1
6398259,7048306,7,8,-1
4493183,6513316,1,1,0
4493183,6513316,2,2,0
5482036,8478376,1,5,-4
5482036,8478376,4,1,3
5040536,8504165,6,8,-2
4107195,5288475,1,1,0
4107195,5288475,3,4,-1
4107195,5288475,7,3,4
6288879,7369368,6,1,5
6288879,7369368,7,9,-2
6439733,7059744,5,2,3
6198190,6624544,6,1,5
6198190,6624544,8,2,6
6198190,6624544,13,7,6
5201729,6468270,9,2,7
4257673,5245596,1,1,0
4257673,5245596,10,3,7
4760745,5412999,1,1,0
4760745,5412999,2,2,0
6031992,8370576,7,11,-4
7579700,8713929,5,11,-6
6076148,7581077,6,6,0
6076148,7581077,8,10,-2
6076148,7581077,11,3,8
6474938,8596991,1,2,-1
6474938,8596991,6,3,3
6474938,8596991,10,8,2
4796039,6375369,1,8,-7
4796039,6375369,2,1,1
4796039,6375369,4,4,0
4720780,7382156,3,6,-3
5456814,6887113,2,1,1
5456814,6887113,4,5,-1
5456814,6887113,9,9,0
4890958,6076288,1,1,0
6124954,7053865,10,4,6
6124954,7053865,13,6,7
5629868,8341686,3,7,-4
5629868,8341686,6,4,2
6393316,8170654,4,11,-7
4332907,7311965,3,5,-2
7046761,8451974,3,4,-1
4042304,5305093,7,5,2
4042304,5305093,10,3,7
6512926,7941557,4,4,0
5242239,5620275,3,10,-7
5242239,5620275,5,12,-7
4893252,7679537,2,1,1
4893252,7679537,5,11,-6
6668505,8096090,1,8,-7
6668505,8096090,2,2,0
6668505,8096090,3,7,-4
6668505,8096090,4,3,1
6668505,8096090,5,5,0
6668505,8096090,6,4,2
6668505,8096090,8,12,-4
4663315,7981367,6,3,3
4663315,7981367,12,5,7
5592190,7432905,3,5,-2
5592190,7432905,6,3,3
4840615,7985207,2,1,1
4840615,7985207,6,12,-6
4840615,7985207,9,3,6
5315028,6268526,4,2,2
5315028,6268526,12,1,11
5315028,6268526,13,10,3
7711487,7950456,3,4,-1
6133724,6479981,1,1,0
6133724,6479981,2,3,-1
6133724,6479981,3,2,1
6133724,6479981,4,4,0
6133724,6479981,5,5,0
6133724,6479981,6,6,0
6133724,6479981,7,10,-3
6133724,6479981,8,7,1
6133724,6479981,9,11,-2
6133724,6479981,10,8,2
6133724,6479981,11,9,2
6133724,6479981,12,13,-1
6837954,7691332,2,5,-3
4374105,4861566,2,3,-1
4374105,4861566,4,8,-4
5315541,6532172,2,1,1
5315541,6532172,3,7,-4
5315541,6532172,5,4,1
5315541,6532172,6,8,-2
5315541,6532172,13,3,10
5402435,6901095,1,3,-2
5402435,6901095,9,6,3
6516056,7983412,2,11,-9
5316360,7479150,9,2,7
7158221,8274645,4,5,-1
7158221,8274645,8,8,0
5081529,6614471,5,3,2
6070167,7657907,13,11,2
5601332,6189916,3,1,2
5601332,6189916,7,2,5
5601332,6189916,8,3,5
6937022,8089268,11,8,3
5431676,7708775,9,12,-3
5431676,7708775,10,3,7
6855937,7123687,4,1,3
6855937,7123687,6,4,2
5588285,7213386,7,10,-3
4868613,6657425,3,1,2
7199222,7807411,1,5,-4
7199222,7807411,4,6,-2
7199222,7807411,5,13,-8
7199222,7807411,7,10,-3
5058988,6955783,6,8,-2
4189733,6229839,1,9,-8
7272518,8000910,4,8,-4
6300827,8274330,3,1,2
6300827,8274330,6,9,-3
5389937,7598918,3,1,2
5389937,7598918,4,12,-8
6638879,7718518,4,8,-4
6573430,8748699,7,1,6
6573430,8748699,10,13,-3
6573430,8748699,11,2,9
5078719,7547307,9,6,3
4341691,8415407,1,8,-7
4341691,8415407,2,4,-2
4341691,8415407,3,2,1
4341691,8415407,9,1,8
6459995,6575045,4,6,-2
4323303,5561487,1,2,-1
5011320,6082923,1,6,-5
5011320,6082923,2,12,-10
5011320,6082923,4,4,0
5011320,6082923,7,2,5
6197498,7666588,4,10,-6
5623439,7651911,4,3,1
5623439,7651911,8,2,6
4817064,7281845,1,5,-4
4919141,8676287,4,3,1
4413989,6398752,1,2,-1
4413989,6398752,3,9,-6
4413989,6398752,5,13,-8
4448510,8553149,4,10,-6
4448510,8553149,5,9,-4
4448510,8553149,13,6,7
6375591,7648440,1,8,-7
6375591,7648440,8,4,4
5039980,7010574,1,1,0
5039980,7010574,7,3,4
5039980,7010574,8,6,2
5039980,7010574,9,10,-1
5019843,5182590,2,1,1
5301303,6219409,6,9,-3
5301303,6219409,8,4,4
5523136,6503637,2,2,0
7298681,7764588,3,2,1
4030158,4934855,2,1,1
4030158,4934855,3,2,1
5592005,7732876,1,3,-2
5592005,7732876,3,7,-4
5592005,7732876,12,9,3
5592005,7732876,13,2,11
6188618,7355908,9,2,7
5612250,7198992,3,7,-4
5612250,7198992,6,10,-4
5612250,7198992,10,12,-2
6391550,7323307,1,1,0
6391550,7323307,2,2,0
6391550,7323307,3,3,0
6391550,7323307,4,4,0
6391550,7323307,5,5,0
6391550,7323307,6,6,0
6391550,7323307,7,7,0
6391550,7323307,8,8,0
6391550,7323307,9,9,0
6391550,7323307,10,10,0
6391550,7323307,11,11,0
6391550,7323307,12,12,0
6391550,7323307,13,13,0
4292155,4409376,6,6,0
4292155,4409376,10,9,1
4292155,4409376,12,10,2
5563042,7049130,2,9,-7
5563042,7049130,4,2,2
5563042,7049130,8,1,7
5364950,7446231,3,11,-8
5364950,7446231,6,1,5
5364950,7446231,12,12,0
5235489,6650521,3,1,2
5235489,6650521,5,11,-6
4943290,5342357,1,6,-5
4943290,5342357,2,7,-5
4943290,5342357,3,4,-1
4073303,7918283,1,5,-4
4073303,7918283,2,8,-6
4073303,7918283,10,7,3
4073303,7918283,12,3,9
6450722,7997293,2,12,-10
6252554,7663551,3,2,1
6252554,7663551,4,4,0
6252554,7663551,5,6,-1
5591142,6645234,2,1,1
4433190,6555724,3,4,-1
4433190,6555724,5,2,3
5585675,6843421,2,8,-6
5585675,6843421,3,6,-3
4109587,4494897,6,7,-1
3948319,7730945,2,5,-3
3948319,7730945,4,3,1
4046253,7096509,1,1,0
4046253,7096509,5,11,-6
4046253,7096509,6,3,3
6595518,8393622,3,5,-2
6595518,8393622,5,7,-2
5152270,6073073,1,1,0
5152270,6073073,2,3,-1
5152270,6073073,4,2,2
5152270,6073073,9,6,3
5152270,6073073,12,8,4
6277064,8310530,1,10,-9
5373046,7241403,3,2,1
5373046,7241403,10,3,7
5371804,6121881,3,2,1
6664801,6946865,12,10,2
4078853,7751666,6,6,0
5379360,6160937,1,13,-12
5379360,6160937,4,1,3
5379360,6160937,6,2,4
5379360,6160937,12,3,9
4446458,8171136,11,8,3
4001930,5281484,4,9,-5
4001930,5281484,11,6,5
6168630,7766970,7,5,2
6168630,7766970,8,6,2
6243581,8548478,1,2,-1
6243581,8548478,5,3,2
5301682,8048170,6,9,-3
4854578,8328697,3,4,-1
6535574,7680244,9,6,3
4453074,8700458,10,7,3
4453074,8700458,12,6,6
6298403,8621101,2,9,-7
6298403,8621101,12,8,4
6298403,8621101,13,3,10
4422718,7298957,4,2,2
7136689,8135548,1,1,0
7136689,8135548,10,13,-3
4395841,7703235,4,3,1
6430649,7213095,1,6,-5
6430649,7213095,3,3,0
6430649,7213095,4,7,-3
6430649,7213095,7,4,3
6430649,7213095,8,5,3
6430649,7213095,13,8,5
7180515,8194006,5,4,1
7180515,8194006,7,8,-1
7180515,8194006,8,1,7
7180515,8194006,9,11,-2
6368329,7695480,1,7,-6
7143562,7677004,4,5,-1
7143562,7677004,5,8,-3
4410438,5284591,1,1,0
4410438,5284591,3,2,1
4957840,5260746,1,3,-2
4957840,5260746,4,7,-3
4957840,5260746,5,2,3
4957840,5260746,11,1,10
4464713,7085911,4,1,3
5093542,8415517,11,2,9
5093542,8415517,13,7,6
6986771,8043337,1,4,-3
6986771,8043337,2,2,0
6986771,8043337,9,6,3
6504502,7715651,1,13,-12
6073961,7017942,1,3,-2
6073961,7017942,4,1,3
6073961,7017942,5,2,3
6073961,7017942,11,12,-1
6440126,8225643,1,4,-3
5394402,7286491,1,3,-2
5394402,7286491,3,8,-5
4230443,4421476,1,3,-2
4230443,4421476,2,1,1
4230443,4421476,6,9,-3
4230443,4421476,7,10,-3
4230443,4421476,8,2,6
4959063,8092507,5,6,-1
4959063,8092507,11,1,10
4485089,8062649,2,2,0
6173947,8690137,4,5,-1
5130094,6884372,2,7,-5
5130094,6884372,4,11,-7
5130094,6884372,7,4,3
4208783,5182421,4,7,-3
5577860,7716877,5,3,2
5577860,7716877,12,5,7
6487112,7138651,3,4,-1
6487112,7138651,4,5,-1
3984320,4430209,5,1,4
5283240,5576315,5,12,-7
5283240,5576315,7,6,1
5283240,5576315,11,4,7
5283240,5576315,13,10,3
4800931,7614283,4,3,1
7127204,8095030,1,1,0
7127204,8095030,3,4,-1
7127204,8095030,7,11,-4
5597532,6514460,1,7,-6
5597532,6514460,2,5,-3
5284876,6436437,4,11,-7
5284876,6436437,12,7,5
6436142,7967867,8,5,3
6436142,7967867,9,7,2
4499497,4695878,6,11,-5
7375585,8471635,2,5,-3
7375585,8471635,4,6,-2
7375585,8471635,6,4,2
7375585,8471635,7,11,-4
7375585,8471635,13,7,6
4584834,7013649,1,2,-1
5452224,6460167,7,13,-6
7307852,8110749,2,12,-10
7307852,8110749,6,4,2
6512832,7103392,6,3,3
6084591,8669987,1,4,-3
4214115,7842253,2,3,-1
4214115,7842253,3,4,-1
4214115,7842253,7,7,0
4214115,7842253,8,1,7
7082334,8123686,1,3,-2
7082334,8123686,3,2,1
4077413,7725180,1,1,0
4077413,7725180,4,12,-8
5000549,5168403,1,1,0
5000549,5168403,2,2,0
5000549,5168403,3,3,0
5000549,5168403,4,10,-6
5000549,5168403,5,7,-2
5000549,5168403,7,8,-1
5000549,5168403,8,9,-1
6706159,7731668,6,10,-4
6706159,7731668,7,2,5
5059166,8109988,1,11,-10
4457753,4673386,6,1,5
4457753,4673386,7,6,1
7680727,8429059,1,1,0
6089976,8128480,2,7,-5
6089976,8128480,3,11,-8
6089976,8128480,4,5,-1
6926722,7857823,1,1,0
6926722,7857823,12,11,1
6927598,7705623,5,1,4
6927598,7705623,6,2,4
3935093,8377285,2,11,-9
3935093,8377285,4,8,-4
6515972,7406707,3,5,-2
6307840,8675711,13,4,9
4831773,5142808,2,2,0
4831773,5142808,4,3,1
4831773,5142808,6,11,-5
4607799,7284345,6,4,2
4531173,8653583,8,13,-5
5051937,7152477,3,1,2
6167402,8447728,5,6,-1
5565372,7468534,8,12,-4
5596702,8275668,7,5,2
5504494,6504509,4,3,1
3957126,6545230,7,10,-3
3957126,6545230,9,1,8
3957126,6545230,11,5,6
3957126,6545230,13,2,11
5200875,8643462,1,4,-3
5200875,8643462,2,7,-5
5200875,8643462,13,8,5
4889680,8630384,2,4,-2
4889680,8630384,3,1,2
4889680,8630384,4,2,2
6175706,7043180,6,1,5
6945933,8579942,5,2,3
6202099,7802235,2,3,-1
6082023,7707746,3,2,1
7143307,8645515,3,11,-8
5320964,7393688,4,8,-4
5320964,7393688,5,11,-6
5320964,7393688,7,3,4
6386444,7818253,1,5,-4
6386444,7818253,7,12,-5
6386444,7818253,10,2,8
6386444,7818253,11,3,8
4285822,8334243,4,13,-9
4285822,8334243,10,5,5
4285822,8334243,12,1,11
4796232,6510497,2,1,1
4796232,6510497,9,6,3
6216051,7426421,1,9,-8
6216051,7426421,8,11,-3
6965868,7778870,1,3,-2
6965868,7778870,3,4,-1
6965868,7778870,8,2,6
6965868,7778870,11,6,5
4564167,5255832,4,2,2
4935702,8169238,2,11,-9
4935702,8169238,5,3,2
6330429,6907246,1,4,-3
6330429,6907246,3,3,0
6330429,6907246,9,7,2
6304659,6907034,1,2,-1
6137843,7340257,2,9,-7
6137843,7340257,4,3,1
6137843,7340257,13,6,7
4695986,5161128,6,3,3
5434565,8611927,1,5,-4
5434565,8611927,4,9,-5
5632957,7491498,4,4,0
6114630,6670553,1,2,-1
6114630,6670553,3,7,-4
6114630,6670553,7,3,4
6114630,6670553,12,12,0
6145028,6353816,1,10,-9
6094320,8032674,8,12,-4
5300604,6447584,1,13,-12
6099458,7410458,5,1,4
4836822,6264527,1,4,-3
4836822,6264527,2,5,-3
4836822,6264527,3,1,2
4836822,6264527,8,8,0
4836822,6264527,10,3,7
6148461,7694372,1,7,-6
6148461,7694372,3,2,1
7096266,8103746,4,1,3
6158620,7044328,4,9,-5
6158620,7044328,9,11,-2
5417697,7329228,10,10,0
4399922,4688693,2,1,1
4399922,4688693,3,2,1
4399922,4688693,4,3,1
4399922,4688693,6,7,-1
4399922,4688693,7,5,2
6499349,7680625,2,12,-10
6499349,7680625,10,3,7
5313469,8259943,8,2,6
4953552,8292810,1,2,-1
6397277,8510479,2,6,-4
6397277,8510479,9,4,5
4895909,5239007,6,11,-5
4635196,8229844,4,2,2
6526531,7333419,2,1,1
6526531,7333419,9,3,6
4605330,6932530,3,4,-1
4605330,6932530,11,6,5
5125913,6575959,3,2,1
5265815,8189984,1,2,-1
5265815,8189984,4,1,3
5265815,8189984,7,6,1
4977793,5065720,1,4,-3
4977793,5065720,4,12,-8
4095374,4458451,1,1,0
4095374,4458451,2,7,-5
4095374,4458451,9,3,6
4569954,5147904,4,8,-4
4569954,5147904,6,7,-1
6477955,7841103,4,9,-5
6118426,7748626,1,1,0
6118426,7748626,6,2,4
6860880,8007524,1,7,-6
4598305,6914260,3,12,-9
4598305,6914260,7,6,1
4598305,6914260,8,2,6
6889690,8127763,1,4,-3
6889690,8127763,2,3,-1
6889690,8127763,3,9,-6
6889690,8127763,4,5,-1
5380476,6350407,1,1,0
5140319,7705878,10,1,9
5263167,7027586,8,9,-1
6491321,8047569,8,3,5
6491321,8047569,10,10,0
5186217,7165578,5,8,-3
5631685,7966743,6,9,-3
6192387,8341203,1,6,-5
4530140,5267008,2,7,-5
4016213,7109385,2,1,1
4016213,7109385,3,2,1
4016213,7109385,4,5,-1
4016213,7109385,5,3,2
5094543,7143960,2,1,1
5094543,7143960,5,4,1
5308346,6527893,6,6,0
5308346,6527893,8,10,-2
5308346,6527893,12,5,7
7615007,8512245,3,6,-3
7615007,8512245,7,5,2
7615007,8512245,13,9,4
3979732,5230043,13,2,11
6161099,7343339,1,1,0
6161099,7343339,9,10,-1
5017734,6858700,9,2,7
4293762,4680445,4,2,2
4293762,4680445,5,5,0
4888989,7461550,4,5,-1
4888989,7461550,5,1,4
4888989,7461550,7,8,-1
5476506,8066755,1,2,-1
5476506,8066755,4,4,0
5279439,7076929,4,12,-8
5297968,7144256,3,3,0
5297968,7144256,7,5,2
5297968,7144256,8,8,0
5564675,6902006,2,11,-9
5564675,6902006,10,4,6
5564675,6902006,13,9,4
5379170,7110210,2,5,-3
5379170,7110210,7,11,-4
6344032,8211065,5,5,0
6344032,8211065,10,2,8
7220260,8105323,1,6,-5
7220260,8105323,2,1,1
7220260,8105323,9,7,2
5134074,7838295,11,4,7
5134074,7838295,13,3,10
4771314,8676074,1,2,-1
5592188,6535187,2,9,-7
5592188,6535187,3,4,-1
5123852,8011942,3,7,-4
5096761,7029749,6,13,-7
4554062,4890727,2,5,-3
4554062,4890727,5,1,4
5212699,5315609,4,4,0
6305314,7097886,1,1,0
6305314,7097886,4,4,0
6305314,7097886,10,2,8
4083641,5307858,4,12,-8
4689617,4814758,1,12,-11
4689617,4814758,2,9,-7
4689617,4814758,5,10,-5
4689617,4814758,6,1,5
6533584,8273020,6,3,3
7568730,7845683,1,1,0
7568730,7845683,3,3,0
7568730,7845683,5,2,3
7568730,7845683,8,4,4
6621801,7295817,4,11,-7
5019971,7707463,3,7,-4
4939771,6167127,3,4,-1
4939771,6167127,7,2,5
4916599,6963262,2,6,-4
4916599,6963262,7,1,6
4832121,5635712,1,1,0
7041886,8354576,2,2,0
7041886,8354576,3,7,-4
7041886,8354576,4,3,1
7041886,8354576,8,6,2
7041886,8354576,9,5,4
7041886,8354576,11,8,3
7041886,8354576,12,9,3
7041886,8354576,13,10,3
7806868,8708960,2,4,-2
4332205,5332289,3,8,-5
6226623,7672902,3,7,-4
4239111,7131250,6,7,-1
4166890,5114987,3,3,0
4166890,5114987,11,13,-2
4894715,5614943,2,3,-1
4894715,5614943,13,1,12
5343239,8613020,2,10,-8
6949974,7894510,6,3,3
5319550,6549607,3,4,-1
6200329,7033379,1,1,0
6200329,7033379,8,8,0
5212345,7598837,4,5,-1
6652835,7060250,8,12,-4
6652835,7060250,10,3,7
6652835,7060250,11,8,3
6652835,7060250,12,4,8
5355386,7826693,6,5,1
5519403,8682321,9,2,7
7458494,8636766,2,1,1
7458494,8636766,8,6,2
7458494,8636766,9,7,2
7352433,7911582,5,13,-8
7352433,7911582,13,8,5
5338641,5558971,1,9,-8
5338641,5558971,10,8,2
5547501,7354122,1,12,-11
5547501,7354122,3,1,2
5123850,6861859,3,2,1
5123850,6861859,11,9,2
7011685,7717939,1,2,-1
4488299,6515484,1,2,-1
4522520,7963624,4,6,-2
4522520,7963624,5,2,3
6653607,7139471,2,2,0
6653607,7139471,6,9,-3
6653607,7139471,7,10,-3
5566301,7673321,13,1,12
6195018,6492910,1,1,0
6195018,6492910,2,2,0
6195018,6492910,3,3,0
6195018,6492910,4,4,0
6195018,6492910,5,5,0
6195018,6492910,6,6,0
6195018,6492910,7,7,0
6195018,6492910,8,8,0
6195018,6492910,9,9,0
6195018,6492910,10,10,0
6195018,6492910,11,11,0
6195018,6492910,12,12,0
6195018,6492910,13,13,0
4813351,5450789,1,3,-2
4813351,5450789,4,13,-9
4813351,5450789,9,10,-1
4929402,7261542,1,2,-1
4929402,7261542,2,6,-4
4929402,7261542,3,9,-6
6256526,6853188,4,1,3
6256526,6853188,10,2,8
5347998,6415784,1,6,-5
5347998,6415784,3,2,1
5347998,6415784,6,8,-2
5347998,6415784,7,7,0
7652492,8419885,3,3,0
7652492,8419885,12,1,11
4038347,4389353,2,2,0
4038347,4389353,7,7,0
7379664,7658557,1,3,-2
4028125,6454004,1,1,0
5640153,7088014,1,3,-2
5640153,7088014,3,5,-2
5640153,7088014,5,8,-3
5640153,7088014,8,4,4
4260725,5387632,1,11,-10
4260725,5387632,2,8,-6
4685649,6286806,3,1,2
4685649,6286806,4,11,-7
4685649,6286806,7,13,-6
4064224,4179496,1,2,-1
4064224,4179496,3,4,-1
4064224,4179496,4,5,-1
4064224,4179496,9,6,3
4546889,7310918,12,2,10
6450445,8242623,5,8,-3
6450445,8242623,7,9,-2
5312736,5466783,6,2,4
4552097,4809623,2,1,1
4552097,4809623,4,2,2
6251092,8409114,1,13,-12
6251092,8409114,3,4,-1
6251092,8409114,4,11,-7
6251092,8409114,8,10,-2
6251092,8409114,10,2,8
6251092,8409114,13,12,1
5219354,8628557,2,2,0
5219354,8628557,4,4,0
5219354,8628557,10,10,0
5287271,7060925,2,11,-9
5287271,7060925,10,13,-3
6891534,7710418,10,1,9
4865818,7758795,6,2,4
4865818,7758795,7,3,4
6437419,7087973,2,3,-1
6437419,7087973,3,1,2
6437419,7087973,5,9,-4
6413209,6982740,2,2,0
6653982,8422976,1,3,-2
6350260,7537245,1,9,-8
6190445,7850775,2,6,-4
6190445,7850775,3,2,1
6190445,7850775,12,9,3
4846959,6087544,3,4,-1
4846959,6087544,4,1,3
4846959,6087544,11,6,5
5201757,8118853,3,3,0
5201757,8118853,8,9,-1
5201757,8118853,11,6,5
4755129,6367361,1,5,-4
4755129,6367361,2,3,-1
4755129,6367361,8,13,-5
6323734,7288754,1,10,-9
6323734,7288754,8,7,1
6323734,7288754,13,6,7
5387410,6468505,2,8,-6
5387410,6468505,9,1,8
5387410,6468505,12,10,2
4634966,8099403,1,8,-7
4634966,8099403,9,4,5
6301636,7480759,9,4,5
6301636,7480759,12,2,10
6301636,7480759,13,10,3
6560620,8122350,1,3,-2
4089372,6609570,1,6,-5
4089372,6609570,2,7,-5
4881456,6454178,2,3,-1
6273910,6485509,1,1,0
6273910,6485509,7,3,4
6273910,6485509,8,11,-3
5038087,6064165,3,3,0
5038087,6064165,7,5,2
5038087,6064165,9,6,3
6359308,7352036,1,1,0
6359308,7352036,13,4,9
5645486,7674178,1,4,-3
5645486,7674178,2,5,-3
5645486,7674178,7,3,4
5645486,7674178,9,2,7
5624398,7608083,3,4,-1
5624398,7608083,13,6,7
4850438,7246548,1,2,-1
4850438,7246548,3,9,-6
4850438,7246548,4,3,1
4850438,7246548,10,1,9
4850438,7246548,11,12,-1
7180631,7382495,3,3,0
7180631,7382495,4,2,2
4008619,8513949,11,7,4
6436765,7655522,2,3,-1
6436765,7655522,13,4,9
6287989,8278224,5,5,0
6287989,8278224,8,2,6
5006583,6485553,1,1,0
5006583,6485553,6,5,1
5006583,6485553,13,4,9
3946476,7644485,3,8,-5
3946476,7644485,13,9,4
7646377,8692212,1,2,-1
7646377,8692212,13,7,6
5644369,8704822,2,5,-3
6440137,7766915,6,13,-7
6440137,7766915,9,9,0
6545260,8396535,2,11,-9
6545260,8396535,3,3,0
6545260,8396535,11,9,2
6670240,7483307,2,3,-1
6670240,7483307,3,2,1
5041773,5297024,1,6,-5
5041773,5297024,5,3,2
5041773,5297024,11,12,-1
6168584,8668679,2,5,-3
6168584,8668679,4,2,2
6168584,8668679,5,6,-1
6168584,8668679,8,7,1
5533869,6082312,10,3,7
5237651,6069675,12,3,9
4069456,8324990,9,2,7
5147357,5322055,2,5,-3
5147357,5322055,3,12,-9
4808350,5567396,8,4,4
4781736,7316734,11,6,5
5418927,8719807,2,4,-2
7218112,7522952,3,5,-2
7218112,7522952,5,13,-8
7218112,7522952,13,7,6
5191976,8020695,1,2,-1
5191976,8020695,3,1,2
5191976,8020695,4,11,-7
5191976,8020695,8,6,2
5191976,8020695,11,8,3
5617541,8065582,11,11,0
6529128,7733235,3,1,2
5167211,6397813,2,1,1
5167211,6397813,5,3,2
5167211,6397813,9,7,2
5167211,6397813,12,2,10
4491857,7519881,5,11,-6
6488197,7975895,1,3,-2
4808488,5432150,2,1,1
4605358,5329828,4,4,0
4605358,5329828,11,2,9
4932049,6961545,3,1,2
4817518,5381731,2,4,-2
7615424,8696808,1,4,-3
7615424,8696808,2,1,1
7615424,8696808,3,13,-10
7615424,8696808,12,6,6
7301450,8606302,1,1,0
4503510,6067327,1,11,-10
4503510,6067327,7,3,4
4503510,6067327,12,5,7
4503510,6067327,13,4,9
3971311,4129390,5,3,2
3971311,4129390,8,10,-2
3998111,4216851,2,2,0
3998111,4216851,3,6,-3
3998111,4216851,7,5,2
3998111,4216851,10,11,-1
5154952,5603546,4,12,-8
5154952,5603546,10,8,2
6358387,8617905,2,4,-2
6851020,7155587,3,10,-7
6851020,7155587,7,2,5
6851020,7155587,10,12,-2
6851020,7155587,12,4,8
4836207,7983741,8,5,3
6998843,7109713,1,1,0
6998843,7109713,2,2,0
6998843,7109713,3,3,0
6998843,7109713,4,4,0
6998843,7109713,5,5,0
6998843,7109713,6,6,0
6998843,7109713,7,7,0
6998843,7109713,8,8,0
6998843,7109713,10,10,0
6998843,7109713,11,11,0
6998843,7109713,12,12,0
6998843,7109713,13,13,0
4869698,8283847,4,1,3
4098602,4851557,3,1,2
4098602,4851557,4,11,-7
6891834,7551609,9,7,2
6891834,7551609,10,9,1
4283271,4744884,1,6,-5
4283271,4744884,5,8,-3
4283271,4744884,7,4,3
4283271,4744884,10,7,3
4362682,4859390,2,4,-2
4874647,8703667,7,7,0
4309404,6878749,9,10,-1
4624257,6491704,9,1,8
5216503,8387104,10,10,0
5599634,7147706,4,3,1
4369074,7399372,5,2,3
5171279,7618453,4,13,-9
5171279,7618453,9,5,4
6085990,6405942,2,7,-5
6085990,6405942,4,1,3
6085990,6405942,5,4,1
6085990,6405942,7,10,-3
6085990,6405942,8,6,2
6085990,6405942,13,3,10
4100957,5597028,5,4,1
4100957,5597028,10,7,3
4100957,5597028,11,6,5
5522805,6506301,1,3,-2
5490220,7792315,4,5,-1
6123733,8395616,4,5,-1
6123733,8395616,7,11,-4
6520151,7124746,1,1,0
6520151,7124746,2,2,0
6520151,7124746,3,3,0
6324019,8284274,1,2,-1
6324019,8284274,2,3,-1
6324019,8284274,8,12,-4
6324019,8284274,9,10,-1
3978233,7387063,10,8,2
3978233,7387063,12,5,7
7026832,7250626,3,1,2
4204823,4386045,1,5,-4
4204823,4386045,3,2,1
4204823,4386045,5,13,-8
6064536,7219296,3,1,2
6064536,7219296,7,9,-2
6064536,7219296,10,4,6
5159760,5617202,8,1,7
5159760,5617202,9,9,0
6548467,8431520,4,12,-8
6600142,7776108,11,9,2
5619571,7076655,9,10,-1
5619571,7076655,11,1,10
5218367,7142900,5,3,2
5218367,7142900,13,5,8
4210155,7634995,1,1,0
4210155,7634995,11,8,3
4373687,6086012,7,3,4
4222069,4841132,5,2,3
6563903,7720195,1,2,-1
6563903,7720195,7,1,6
5135844,5256527,3,1,2
5196674,7067770,2,4,-2
7630523,7978259,1,1,0
7630523,7978259,3,5,-2
7630523,7978259,4,12,-8
7630523,7978259,5,4,1
7630523,7978259,8,3,5
7630523,7978259,9,7,2
4634793,4859645,10,9,1
5371520,8459768,8,1,7
4993790,6407724,1,6,-5
4993790,6407724,2,1,1
4993790,6407724,7,10,-3
4993790,6407724,11,9,2
5447529,6256540,1,11,-10
5447529,6256540,5,2,3
5447529,6256540,6,1,5
5356435,8226714,9,11,-2
5204150,6425985,11,4,7
5204150,6425985,12,2,10
7595379,8524460,1,2,-1
7595379,8524460,7,11,-4
7595379,8524460,11,12,-1
6430439,6859665,1,1,0
6430439,6859665,2,6,-4
6490483,7998060,10,4,6
4130323,7137672,1,1,0
4130323,7137672,3,6,-3
4130323,7137672,4,3,1
6527037,7144051,12,12,0
6468323,7041159,9,5,4
5329375,6449352,2,11,-9
4020600,6517418,1,2,-1
4020600,6517418,9,6,3
4020600,6517418,12,9,3
4882756,5164990,2,9,-7
4882756,5164990,3,12,-9
5000703,7607938,4,10,-6
7090276,8393657,2,1,1
7090276,8393657,5,12,-7
7765271,8555174,2,13,-11
7765271,8555174,3,4,-1
7765271,8555174,4,2,2
7765271,8555174,8,12,-4
7765271,8555174,11,11,0
7470939,7705443,1,2,-1
7245856,7995225,1,2,-1
4884102,5365353,1,8,-7
4884102,5365353,4,10,-6
4884102,5365353,12,2,10
6337899,8032833,4,3,1
4186047,7837741,3,5,-2
6647035,8130807,1,1,0
6647035,8130807,2,3,-1
6647035,8130807,5,2,3
6647035,8130807,8,8,0
5582078,7597030,11,3,8
7655958,8541808,1,6,-5
7655958,8541808,2,11,-9
7655958,8541808,3,9,-6
7655958,8541808,5,5,0
7655958,8541808,10,8,2
6528858,7709901,1,6,-5
6528858,7709901,2,7,-5
6528858,7709901,3,2,1
6528858,7709901,4,1,3
4834077,7695433,1,1,0
4834077,7695433,5,2,3
4615921,8340358,1,1,0
4615921,8340358,3,7,-4
4615921,8340358,8,5,3
6251217,7371485,1,1,0
6251217,7371485,2,2,0
6251217,7371485,13,8,5
6342566,8003725,3,2,1
6342566,8003725,5,12,-7
6430426,8663245,3,2,1
6403526,7928033,5,4,1
4852712,5632371,1,3,-2
4852712,5632371,2,13,-11
6174670,8628924,11,2,9
7284703,8248212,5,4,1
4018374,6508129,1,11,-10
6640117,8162828,4,4,0
6630713,8754533,1,7,-6
6630713,8754533,12,5,7
4010689,5339742,6,13,-7
4010689,5339742,7,8,-1
5417222,8333752,2,5,-3
7158972,8151026,8,13,-5
6203429,7690977,1,1,0
6203429,7690977,2,2,0
6203429,7690977,13,9,4
5119115,6352209,12,11,1
7367459,8252188,3,1,2
7367459,8252188,10,4,6
7050824,8325652,4,2,2
4001458,6846503,2,11,-9
4001458,6846503,3,8,-5
4001458,6846503,4,4,0
4268477,8192992,2,5,-3
4268477,8192992,5,1,4
6366793,6850786,4,12,-8
6366793,6850786,9,1,8
6366793,6850786,10,5,5
5627129,7312012,1,3,-2
5627129,7312012,6,4,2
5627129,7312012,9,11,-2
5627129,7312012,11,5,6
5586292,6169982,1,2,-1
5586292,6169982,3,9,-6
5586292,6169982,9,11,-2
5486836,6067055,3,1,2
5486836,6067055,7,8,-1
6653881,7642832,1,1,0
6653881,7642832,2,2,0
6653881,7642832,3,3,0
6653881,7642832,4,4,0
6653881,7642832,5,5,0
6653881,7642832,6,6,0
6653881,7642832,7,7,0
6653881,7642832,8,8,0
6653881,7642832,9,9,0
6653881,7642832,10,10,0
6653881,7642832,11,11,0
6653881,7642832,12,12,0
6653881,7642832,13,13,0
4543613,5019896,1,1,0
4543613,5019896,2,2,0
6150237,7670926,1,4,-3
6150237,7670926,2,1,1
6150237,7670926,10,3,7
6150237,7670926,13,13,0
6152525,7699393,1,6,-5
6152525,7699393,2,3,-1
6152525,7699393,13,13,0
4614730,8435942,4,5,-1
4614730,8435942,5,1,4
4614730,8435942,6,9,-3
4929866,5528474,1,5,-4
7087462,8296941,12,8,4
5282734,7198247,1,2,-1
5282734,7198247,5,6,-1
6843053,7143746,1,1,0
6843053,7143746,2,3,-1
6843053,7143746,3,2,1
6843053,7143746,6,6,0
6843053,7143746,9,7,2
6843053,7143746,10,9,1
5601530,7887525,2,9,-7
5601530,7887525,5,1,4
5601530,7887525,9,13,-4
7145690,8494392,1,1,0
7145690,8494392,2,11,-9
7145690,8494392,4,2,2
7145690,8494392,7,13,-6
5281839,8471378,7,5,2
5421590,6139434,1,3,-2
5421590,6139434,2,9,-7
4938753,6843785,13,2,11
4169203,6152969,2,6,-4
6551880,7387926,5,3,2
6289114,8716613,10,13,-3
6931644,7970892,1,13,-12
6931644,7970892,9,2,7
7407507,8491925,2,7,-5
5485486,6628635,2,7,-5
5485486,6628635,9,2,7
7681752,8479944,1,1,0
7681752,8479944,2,2,0
7681752,8479944,3,3,0
7681752,8479944,4,4,0
7681752,8479944,5,5,0
7681752,8479944,6,6,0
7681752,8479944,7,7,0
7681752,8479944,8,8,0
7681752,8479944,9,9,0
7681752,8479944,10,10,0
7681752,8479944,11,11,0
7681752,8479944,12,12,0
7681752,8479944,13,13,0
6184587,7893704,2,2,0
5569501,8092660,3,3,0
5569501,8092660,5,1,4
4830305,5335873,1,5,-4
4830305,5335873,2,2,0
4830305,5335873,3,3,0
4830305,5335873,9,10,-1
4830305,5335873,10,12,-2
4830305,5335873,12,1,11
5184908,6866436,2,1,1
5184908,6866436,5,4,1
5222121,6539218,2,9,-7
5222121,6539218,3,6,-3
5222121,6539218,9,3,6
7083529,7931543,1,1,0
7083529,7931543,2,6,-4
7083529,7931543,3,2,1
7083529,7931543,4,5,-1
5324980,6624046,2,1,1
6499294,6956008,1,8,-7
6499294,6956008,3,7,-4
4946981,7670991,2,4,-2
4156823,6456174,9,7,2
5289558,7139461,2,3,-1
5289558,7139461,4,2,2
5289558,7139461,6,4,2
4528643,7051212,6,9,-3
6422980,8057367,1,1,0
6422980,8057367,2,3,-1
6422980,8057367,3,7,-4
6463375,8192328,1,3,-2
6463375,8192328,4,9,-5
6463375,8192328,7,6,1
7211526,7754584,13,5,8
4013907,6376942,1,1,0
4013907,6376942,2,6,-4
4013907,6376942,8,10,-2
5320042,6073556,7,6,1
5320042,6073556,10,1,9
5320042,6073556,12,12,0
5239654,7500616,10,13,-3
4544233,6179627,6,7,-1
4544233,6179627,7,1,6
4999920,6883240,1,6,-5
4999920,6883240,8,5,3
4999920,6883240,13,2,11
7215574,7616480,1,8,-7
7215574,7616480,4,4,0
5008841,7877194,4,2,2
4457506,4744553,1,1,0
6292603,6486993,4,2,2
6292603,6486993,5,3,2
6292603,6486993,6,11,-5
6292603,6486993,10,1,9
4499586,7991087,3,3,0
4499586,7991087,7,4,3
4499586,7991087,13,5,8
5575472,7166039,4,5,-1
5575472,7166039,8,7,1
7178719,7916047,6,6,0
7090784,8609221,2,2,0
6064988,8268702,2,1,1
5344169,5556065,4,2,2
5344169,5556065,13,10,3
4340344,8636499,1,1,0
4340344,8636499,8,6,2
7281754,8438893,5,3,2
6859409,8004909,3,6,-3
6859409,8004909,10,12,-2
6399432,7910488,2,13,-11
6399432,7910488,3,3,0
6399432,7910488,9,4,5
6399432,7910488,12,7,5
6029141,8260315,7,7,0
5522355,8388415,3,3,0
5315413,8064111,1,12,-11
5315413,8064111,4,8,-4
5315413,8064111,12,10,2
5648437,7718759,5,2,3
5648437,7718759,10,6,4
6332824,7364487,6,6,0
5111377,7106564,1,7,-6
3959493,7098352,4,1,3
3959493,7098352,6,5,1
6283127,7914577,5,7,-2
5463687,7424272,3,3,0
5463687,7424272,7,6,1
4856896,6629028,4,9,-5
4856896,6629028,6,7,-1
6364976,7651964,1,1,0
6377663,7457396,5,1,4
7139048,7766536,1,10,-9
6919134,7455796,5,8,-3
4843345,6087897,2,3,-1
4843345,6087897,6,1,5
4083551,4174829,3,5,-2
7361686,8044243,1,5,-4
7361686,8044243,2,4,-2
7361686,8044243,3,3,0
7361686,8044243,5,12,-7
7361686,8044243,6,13,-7
7361686,8044243,8,2,6
6308515,7654076,6,6,0
3964921,5307877,1,1,0
6421655,8285724,11,3,8
6419703,7985244,3,1,2
6419703,7985244,4,2,2
4561435,6977323,1,6,-5
7069295,8713127,1,4,-3
7069295,8713127,9,13,-4
7069295,8713127,10,7,3
5348399,6508588,1,1,0
5348399,6508588,4,6,-2
5348399,6508588,5,7,-2
6613077,8348996,10,1,9
6261241,7981051,5,2,3
6261241,7981051,10,7,3
4905273,6205332,2,13,-11
4905273,6205332,13,7,6
6489669,8566556,3,5,-2
6323776,8126253,7,1,6
6323776,8126253,10,5,5
5068780,7089413,6,11,-5
5637244,8716110,1,1,0
6513063,7725321,6,1,5
4255775,8465568,9,13,-4
4255775,8465568,12,1,11
7960648,8326383,7,12,-5
5573540,8585733,1,2,-1
4076463,4248044,3,2,1
4076463,4248044,8,4,4
5592375,7028034,10,11,-1
5551076,7773688,5,5,0
7014844,8362091,7,10,-3
7014844,8362091,12,6,6
6616487,7682201,1,4,-3
6616487,7682201,3,2,1
6616487,7682201,4,9,-5
6616487,7682201,12,8,4
5461217,7780075,2,4,-2
5461217,7780075,7,10,-3
5461217,7780075,12,3,9
4941347,5341674,1,2,-1
5046088,7711359,3,6,-3
7357178,7694733,2,1,1
7357178,7694733,3,4,-1
6409256,8523276,4,9,-5
5272403,8569918,1,1,0
5272403,8569918,3,2,1
4336842,4785884,2,3,-1
4336842,4785884,6,7,-1
4336842,4785884,8,10,-2
4336842,4785884,13,1,12
8058049,8415134,1,1,0
8058049,8415134,2,2,0
8058049,8415134,3,3,0
8058049,8415134,4,4,0
8058049,8415134,5,5,0
8058049,8415134,6,6,0
8058049,8415134,7,7,0
8058049,8415134,8,8,0
8058049,8415134,9,9,0
8058049,8415134,10,10,0
8058049,8415134,11,11,0
8058049,8415134,12,12,0
8058049,8415134,13,13,0
5522853,7369890,7,1,6
4821447,5115591,5,10,-5
4821447,5115591,6,2,4
4821447,5115591,7,4,3
4821447,5115591,11,7,4
4828351,5131063,2,5,-3
4828351,5131063,5,6,-1
4828351,5131063,9,4,5
4828351,5131063,13,2,11
6088783,7487505,2,10,-8
6134573,7203820,4,1,3
6134573,7203820,11,9,2
5482772,8664129,6,5,1
7073712,8260948,2,1,1
7073712,8260948,12,2,10
5079410,7602079,9,1,8
5259685,5399044,1,2,-1
5259685,5399044,2,1,1
5259685,5399044,3,3,0
5259685,5399044,6,5,1
5259685,5399044,8,6,2
5259685,5399044,10,13,-3
6350297,8157900,6,1,5
6350297,8157900,9,12,-3
4536670,6188035,3,1,2
4536670,6188035,10,2,8
4932869,5490782,1,1,0
4836865,5432645,2,2,0
4836865,5432645,3,4,-1
6278622,8598723,3,5,-2
4182336,5100399,4,10,-6
5094941,7708984,7,10,-3
5094941,7708984,8,12,-4
7236292,7554712,2,2,0
7236292,7554712,3,4,-1
7236292,7554712,6,3,3
7236292,7554712,8,7,1
7236292,7554712,9,1,8
4567179,6667315,7,3,4
5580560,6911323,1,5,-4
5580560,6911323,3,4,-1
5580560,6911323,4,7,-3
5580560,6911323,5,1,4
6119931,7664703,3,10,-7
5027037,8256924,4,3,1
7082606,8370495,4,3,1
7082606,8370495,11,8,3
5354902,6500360,1,11,-10
4699620,5360420,1,12,-11
5501024,7350322,1,2,-1
5501024,7350322,8,10,-2
4619901,6440374,2,2,0
4619901,6440374,6,1,5
4619901,6440374,7,11,-4
6895280,7848823,2,5,-3
6895280,7848823,10,4,6
4598458,5038798,1,2,-1
4598458,5038798,2,12,-10
4598458,5038798,4,3,1
7012543,8134117,1,1,0
7012543,8134117,3,2,1
7012543,8134117,4,13,-9
7012543,8134117,9,6,3
3956788,4126980,1,13,-12
3956788,4126980,4,10,-6
6434141,7391724,5,10,-5
6434141,7391724,10,9,1
4332049,6966414,1,2,-1
4332049,6966414,5,6,-1
4413275,4751535,3,2,1
6069890,6539077,1,2,-1
6069890,6539077,2,1,1
6069890,6539077,9,11,-2
6472293,8202800,2,4,-2
6472293,8202800,11,11,0
4079168,6224710,4,2,2
4079168,6224710,13,11,2
4718778,6076967,1,4,-3
4718778,6076967,5,1,4
6466548,7239631,3,4,-1
6466548,7239631,7,1,6
4819610,8739770,1,5,-4
4819610,8739770,3,12,-9
4819610,8739770,7,11,-4
6346467,6998302,3,2,1
6346467,6998302,9,5,4
6346467,6998302,12,4,8
5485369,6892104,7,8,-1
4072712,7541397,2,2,0
5490033,8475205,10,6,4
6353794,8442874,4,1,3
6080193,8709086,5,1,4
6502756,8091787,6,5,1
6502756,8091787,8,7,1
6502756,8091787,9,10,-1
4213733,4297927,1,2,-1
4213733,4297927,2,1,1
3930909,4247343,9,2,7
3930909,4247343,10,12,-2
6616513,8043870,1,11,-10
6616513,8043870,6,4,2
6616513,8043870,10,3,7
6616513,8043870,11,6,5
5357643,8240693,1,8,-7
5357643,8240693,5,1,4
5357643,8240693,8,9,-1
5357643,8240693,9,10,-1
6151049,7665826,13,13,0
5278703,8254049,3,7,-4
5278703,8254049,8,5,3
5278703,8254049,12,4,8
6321831,6609561,4,7,-3
6321831,6609561,11,2,9
6549864,7257457,3,9,-6
6549864,7257457,4,1,3
6549864,7257457,5,10,-5
6549864,7257457,7,4,3
6549864,7257457,10,7,3
6549864,7257457,11,8,3
5643046,7132035,1,4,-3
5643046,7132035,7,13,-6
3953730,5198655,2,9,-7
3953730,5198655,12,1,11
6444998,8358675,1,7,-6
6912468,7449899,5,2,3
5494363,6536966,1,11,-10
5494363,6536966,3,1,2
7785190,8388434,1,4,-3
7785190,8388434,3,2,1
6308132,7486840,8,12,-4
5138118,5504279,1,2,-1
5138118,5504279,2,3,-1
5138118,5504279,3,1,2
4153587,4533602,3,10,-7
7310177,8271187,1,3,-2
5109454,6901221,3,12,-9
5180995,7982553,1,6,-5
5560023,5638541,3,3,0
5560023,5638541,4,4,0
5560023,5638541,7,9,-2
4773811,4940378,10,11,-1
4773811,4940378,12,2,10
3959151,4671130,9,4,5
6957256,7899892,1,5,-4
6957256,7899892,4,3,1
6108439,7251352,1,1,0
6108439,7251352,2,4,-2
6108439,7251352,4,3,1
6108439,7251352,5,5,0
6026238,7107584,3,12,-9
6026238,7107584,6,7,-1
6026238,7107584,10,5,5
5161820,6784379,4,11,-7
6201685,8518573,3,1,2
6514382,8435384,1,2,-1
6514382,8435384,7,10,-3
6514382,8435384,9,5,4
6514382,8435384,11,3,8
4809103,5001591,1,6,-5
4809103,5001591,3,3,0
4346196,4889881,2,7,-5
4745214,7001933,4,1,3
4745214,7001933,6,6,0
5641085,7147228,2,1,1
5641085,7147228,4,2,2
5641085,7147228,6,10,-4
5641085,7147228,13,3,10
4682514,4870873,3,1,2
4682514,4870873,4,2,2
4682514,4870873,5,4,1
4682514,4870873,6,5,1
4682514,4870873,12,3,9
6074787,7354681,1,5,-4
6074787,7354681,8,7,1
5304223,8057281,1,2,-1
5304223,8057281,2,11,-9
5304223,8057281,5,12,-7
4808169,8376998,2,4,-2
4808169,8376998,3,1,2
6475867,7687408,3,5,-2
6475867,7687408,7,8,-1
6475867,7687408,11,1,10
4385479,6425323,2,1,1
5109598,6073916,1,1,0
5109598,6073916,6,5,1
4877019,5049151,2,9,-7
4877019,5049151,10,4,6
4071887,5278956,5,11,-6
4419199,5312492,1,11,-10
4419199,5312492,2,2,0
6245089,8177791,1,4,-3
5073106,5318438,1,6,-5
5073106,5318438,2,1,1
5073106,5318438,3,3,0
6165151,8028694,1,2,-1
6165151,8028694,12,4,8
7146644,8560882,6,2,4
7146644,8560882,8,9,-1
6580833,7504970,4,1,3
6580833,7504970,9,8,1
4425670,4553961,8,1,7
4706582,6138589,2,3,-1
4706582,6138589,12,10,2
4999663,5300970,1,3,-2
4999663,5300970,10,5,5
4999663,5300970,11,6,5
6569043,7037226,1,2,-1
6141967,6453660,8,2,6
4079419,7747217,1,8,-7
5239965,5488933,1,1,0
5239965,5488933,6,2,4
5239965,5488933,8,4,4
3949042,4895744,3,6,-3
3949042,4895744,6,2,4
3949042,4895744,8,8,0
4308864,6319246,4,2,2
6144407,7250971,3,1,2
6144407,7250971,5,3,2
6144407,7250971,8,2,6
6144407,7250971,13,5,8
5420205,6617370,4,2,2
5568951,6880717,3,6,-3
5568951,6880717,4,4,0
5568951,6880717,5,1,4
6191429,7292309,4,7,-3
4814164,5385727,4,4,0
6216013,7996037,3,3,0
8078730,8588210,1,3,-2
5502116,6905987,6,1,5
5502116,6905987,9,10,-1
5634923,7108691,7,2,5
5634923,7108691,10,4,6
6151368,6314145,3,12,-9
6151368,6314145,4,2,2
6151368,6314145,7,10,-3
6339767,8041739,1,1,0
6617325,8034946,1,5,-4
6617325,8034946,5,7,-2
5034961,7058018,3,4,-1
5034961,7058018,13,10,3
4828555,5290262,1,12,-11
4828555,5290262,13,1,12
5228206,7566891,4,4,0
5228206,7566891,9,1,8
5228206,7566891,11,10,1
5640860,6119493,1,5,-4
5640860,6119493,3,2,1
5640860,6119493,4,1,3
5640860,6119493,5,4,1
5640860,6119493,6,3,3
5640860,6119493,8,8,0
5640860,6119493,10,7,3
5640860,6119493,13,13,0
5522932,6143125,5,5,0
4753805,5043169,1,6,-5
4753805,5043169,2,4,-2
4753805,5043169,7,3,4
4040307,8336412,1,1,0
4040307,8336412,12,6,6
5655516,6260549,2,1,1
5655516,6260549,8,8,0
5655516,6260549,9,2,7
5364839,7091007,10,8,2
4770597,7240441,5,7,-2
4770597,7240441,6,9,-3
4770597,7240441,9,6,3
7065064,8139556,2,3,-1
4689380,5391658,1,1,0
5403621,7255772,6,8,-2
5403621,7255772,11,9,2
4243776,4521564,7,3,4
4243776,4521564,13,5,8
4818212,5340302,4,1,3
4818212,5340302,8,3,5
7202898,8363212,1,2,-1
6266505,7965963,1,1,0
6266505,7965963,8,6,2
6266505,7965963,12,12,0
6266505,7965963,13,7,6
5031872,5313514,1,1,0
5332347,8544236,7,4,3
5524281,6377315,8,7,1
4008388,7992424,7,1,6
4959484,6075023,7,12,-5
5550847,8429476,3,8,-5
5550847,8429476,8,11,-3
6216247,8359517,1,11,-10
6216247,8359517,4,3,1
6216247,8359517,6,13,-7
7272289,8462324,1,1,0
7272289,8462324,5,5,0
6577238,8294554,1,2,-1
6577238,8294554,3,6,-3
4253377,8701326,1,7,-6
4253377,8701326,6,1,5
4253377,8701326,8,2,6
6577901,8145590,2,4,-2
6577901,8145590,4,5,-1
6577901,8145590,6,2,4
4808568,5314998,4,1,3
4168605,4354343,7,4,3
4168605,4354343,8,1,7
4168605,4354343,10,8,2
6142553,7458629,1,5,-4
6142553,7458629,2,10,-8
6142553,7458629,3,13,-10
6142553,7458629,10,7,3
6142553,7458629,12,2,10
4443723,8040007,9,1,8
4443723,8040007,13,2,11
5121820,5643137,6,2,4
5121820,5643137,10,4,6
6508779,8206333,1,3,-2
6508779,8206333,3,2,1
6508779,8206333,4,9,-5
5428248,6475827,4,5,-1
5428248,6475827,5,6,-1
6542497,7688811,2,5,-3
6542497,7688811,3,4,-1
6542497,7688811,4,3,1
6542497,7688811,10,2,8
6542497,7688811,12,1,11
5035625,8016680,2,3,-1
5035625,8016680,7,4,3
4034244,4074152,1,1,0
4034244,4074152,2,2,0
4034244,4074152,3,7,-4
4034244,4074152,5,3,2
4034244,4074152,6,4,2
5296767,6513696,3,6,-3
5296767,6513696,4,12,-8
5296767,6513696,11,10,1
5319972,7006580,2,6,-4
4672583,5321661,2,4,-2
4672583,5321661,8,3,5
4672583,5321661,10,12,-2
4672583,5321661,13,1,12
5503948,7939205,7,10,-3
5503948,7939205,11,13,-2
5503948,7939205,12,3,9
4384880,5468718,2,2,0
3982930,5361701,5,7,-2
5025408,6324598,6,7,-1
6541800,7938558,2,1,1
6541800,7938558,4,4,0
6541800,7938558,5,2,3
6541800,7938558,13,8,5
4978840,7480692,6,6,0
6969162,7380924,1,1,0
6969162,7380924,2,3,-1
6969162,7380924,4,4,0
6969162,7380924,7,12,-5
4247812,5454710,2,13,-11
4247812,5454710,3,5,-2
4247812,5454710,8,10,-2
6083591,6533777,5,1,4
4538582,5124045,1,2,-1
4538582,5124045,3,8,-5
4538582,5124045,5,1,4
4538582,5124045,7,6,1
7558122,8259491,2,7,-5
7558122,8259491,5,1,4
7558122,8259491,6,9,-3
7558122,8259491,7,6,1
7558122,8259491,9,3,6
4296179,4407875,5,11,-6
6489963,7490295,3,8,-5
6489963,7490295,4,5,-1
4807476,7975549,1,8,-7
4807476,7975549,5,4,1
5382259,7232432,2,1,1
6341309,6965573,3,5,-2
6341309,6965573,7,7,0
6905637,7354533,1,1,0
6905637,7354533,2,2,0
6905637,7354533,3,3,0
6905637,7354533,4,4,0
6905637,7354533,5,5,0
6905637,7354533,6,6,0
6905637,7354533,7,7,0
6905637,7354533,8,8,0
6905637,7354533,9,9,0
6905637,7354533,10,10,0
6905637,7354533,11,11,0
6905637,7354533,12,12,0
6905637,7354533,13,13,0
4571207,6089948,1,13,-12
4571207,6089948,6,1,5
4571207,6089948,12,10,2
6190452,7727334,2,1,1
6190452,7727334,6,13,-7
4619643,8292841,1,4,-3
4619643,8292841,2,1,1
4619643,8292841,7,2,5
4619643,8292841,8,6,2
4619643,8292841,9,8,1
6178242,7356143,5,4,1
4844597,5327263,1,1,0
4844597,5327263,2,2,0
4844597,5327263,3,3,0
4844597,5327263,5,4,1
5451656,5646214,1,10,-9
5451656,5646214,2,6,-4
5451656,5646214,3,7,-4
5451656,5646214,5,11,-6
5451656,5646214,6,1,5
5451656,5646214,9,12,-3
6483890,7551710,1,3,-2
5160864,7759838,9,8,1
7092821,7747953,1,8,-7
6411553,6549471,2,2,0
6411553,6549471,8,13,-5
8459730,8668241,2,5,-3
8459730,8668241,11,2,9
8459730,8668241,13,3,10
4339468,8642106,3,1,2
5127346,8584467,10,1,9
6862612,8386926,4,2,2
4609612,7157507,4,8,-4
4609612,7157507,5,12,-7
6419583,8430738,2,6,-4
6419583,8430738,5,1,4
6419583,8430738,6,2,4
6419583,8430738,11,4,7
6516179,7684741,3,6,-3
6516179,7684741,4,8,-4
6516179,7684741,12,7,5
6237138,8200828,12,9,3
7235284,7758934,1,4,-3
7235284,7758934,2,3,-1
7235284,7758934,9,9,0
7235284,7758934,12,11,1
4618662,6538080,1,4,-3
4618662,6538080,2,7,-5
5005749,6517565,8,10,-2
5025669,7861609,2,8,-6
5025669,7861609,4,9,-5
6162838,6576681,2,8,-6
6162838,6576681,3,3,0
6162838,6576681,5,5,0
5367653,6978348,1,10,-9
6154503,7702043,7,4,3
6251128,7979108,10,13,-3
6148878,6982063,2,11,-9
6148878,6982063,12,12,0
7092370,8229091,3,5,-2
5279663,5653795,4,1,3
5168509,7630453,5,10,-5
4251291,7348538,3,12,-9
6374329,7756909,10,11,-1
6466980,8750279,5,5,0
4231000,5351061,11,6,5
4069394,8472631,4,4,0
4069394,8472631,9,3,6
6354268,7320308,2,4,-2
6354268,7320308,4,1,3
6354268,7320308,8,6,2
4267000,5391247,2,5,-3
4267000,5391247,3,1,2
7681839,8398028,1,1,0
7681839,8398028,2,2,0
7681839,8398028,13,3,10
5199924,7417752,6,4,2
6480860,7373422,7,3,4
7107380,8259761,7,3,4
4942487,5392163,1,1,0
4942487,5392163,7,5,2
4942487,5392163,8,3,5
5167665,6270500,2,8,-6
5129864,5453057,1,7,-6
5129864,5453057,3,4,-1
5129864,5453057,6,10,-4
5129864,5453057,7,12,-5
5129864,5453057,9,2,7
5073451,7063893,5,5,0
7092759,8504150,5,4,1
6496328,7474488,4,7,-3
5583972,6278947,2,6,-4
5583972,6278947,5,12,-7
5144017,5270457,9,7,2
5144017,5270457,10,8,2
5628088,6332241,3,2,1
5057317,6592902,1,13,-12
5057317,6592902,3,12,-9
5057317,6592902,4,10,-6
5491063,6649349,2,5,-3
5491063,6649349,13,2,11
6542764,8754776,4,7,-3
6989667,8116072,1,4,-3
6989667,8116072,2,2,0
6989667,8116072,12,12,0
6911995,8503730,2,8,-6
6911995,8503730,11,13,-2
5065268,7571535,7,7,0
6283760,8009966,2,10,-8
6172396,6853587,10,7,3
6535880,8676665,1,2,-1
6535880,8676665,4,1,3
6535880,8676665,5,9,-4
4347605,5434691,2,6,-4
4347605,5434691,4,2,2
4347605,5434691,11,3,8
5330634,8750955,3,9,-6
5622669,7258829,2,2,0
5622669,7258829,3,1,2
5346853,8178370,3,12,-9
5346853,8178370,6,5,1
5346853,8178370,10,1,9
5377116,6931293,9,1,8
6920133,7158520,10,1,9
4293171,4997295,6,6,0
4293171,4997295,8,7,1
4293171,4997295,12,12,0
6247449,8464699,1,1,0
6247449,8464699,10,11,-1
4840671,5304703,6,3,3
5622622,7704390,4,4,0
7318823,8575843,4,8,-4
7096447,8302061,1,1,0
7096447,8302061,3,13,-10
4859492,8538208,6,4,2
6280441,7081115,3,12,-9
6280441,7081115,6,2,4
6350239,6569097,3,9,-6
6498194,7393955,4,5,-1
6498194,7393955,12,9,3
4885565,7158112,5,4,1
4885565,7158112,10,6,4
6895247,7120465,3,11,-8
4086563,4846283,1,10,-9
4086563,4846283,6,9,-3
6136742,6458904,1,9,-8
6136742,6458904,2,4,-2
6282305,7046833,6,2,4
6282305,7046833,8,6,2
6603182,7184202,1,3,-2
6603182,7184202,13,9,4
6872389,8216836,4,3,1
6872389,8216836,7,9,-2
6872389,8216836,9,7,2
6069506,6889336,2,2,0
6069506,6889336,6,12,-6
6069506,6889336,12,4,8
6443650,8235420,1,1,0
6443650,8235420,3,3,0
4487205,8328457,13,11,2
4281919,4449812,8,7,1
4281919,4449812,9,8,1
4352533,5224918,1,9,-8
4352533,5224918,3,8,-5
6319611,7015367,3,1,2
5622725,8067035,2,1,1
5622725,8067035,10,9,1
5501928,6524154,3,7,-4
5501928,6524154,6,2,4
7620202,8457353,4,13,-9
4316145,4982652,7,4,3
4431452,4863650,1,1,0
4431452,4863650,2,3,-1
4431452,4863650,8,6,2
6119944,7908467,5,5,0
4752125,6407805,3,9,-6
4752125,6407805,4,5,-1
4752125,6407805,8,13,-5
4752125,6407805,9,1,8
5216861,7467499,4,4,0
5216861,7467499,7,2,5
7421497,7752262,8,5,3
7421497,7752262,11,10,1
4058833,5042057,1,1,0
4373729,8348059,4,5,-1
5141520,8615856,1,2,-1
5599761,6653138,5,2,3
4268818,7053756,4,3,1
4268818,7053756,5,1,4
4268818,7053756,13,13,0
5417684,8663252,9,5,4
5203911,7279231,1,1,0
5203911,7279231,4,3,1
4253262,4707932,1,9,-8
4253262,4707932,4,4,0
4253262,4707932,5,2,3
4253262,4707932,10,8,2
4395582,4700013,1,1,0
4395582,4700013,4,12,-8
4395582,4700013,6,3,3
4395582,4700013,8,4,4
4395582,4700013,13,10,3
4940194,6206311,1,10,-9
7667858,7912679,1,7,-6
7667858,7912679,2,6,-4
7667858,7912679,3,1,2
7667858,7912679,7,9,-2
7667858,7912679,8,11,-3
7667858,7912679,11,12,-1
6884752,7846492,8,7,1
6884752,7846492,11,1,10
6185472,8032349,7,10,-3
5290790,5486526,1,7,-6
6028537,7593999,1,1,0
6028537,7593999,5,8,-3
6458121,7255694,3,12,-9
6307003,7781539,8,6,2
6307003,7781539,9,11,-2
6307003,7781539,11,12,-1
5367698,7177270,1,3,-2
5367698,7177270,9,5,4
5367698,7177270,11,13,-2
4769233,8119603,1,1,0
4769233,8119603,2,4,-2
4769233,8119603,5,10,-5
6635909,7060539,4,1,3
6635909,7060539,5,8,-3
6085346,6981199,1,1,0
6085346,6981199,7,8,-1
6437489,7880371,3,1,2
6437489,7880371,11,13,-2
5095888,6543447,1,11,-10
5095888,6543447,4,5,-1
5095888,6543447,5,12,-7
5095888,6543447,13,4,9
5350906,7010512,8,3,5
5350906,7010512,13,7,6
4947065,5198137,5,7,-2
4947065,5198137,6,1,5
6493330,7385617,1,7,-6
6493330,7385617,2,4,-2
6493330,7385617,6,3,3
6334960,7125495,11,6,5
6334960,7125495,12,12,0
3996189,7132494,6,5,1
3996189,7132494,11,6,5
5211896,6579365,1,3,-2
6080467,7557989,5,9,-4
6080467,7557989,6,12,-6
5347689,6265973,11,3,8
4638781,4846127,1,7,-6
4638781,4846127,3,6,-3
4638781,4846127,6,11,-5
4638781,4846127,12,9,3
4114252,4540132,2,11,-9
4114252,4540132,10,2,8
4453933,6447485,4,12,-8
5391524,6514897,1,9,-8
5404962,6422343,2,8,-6
4957498,7935128,1,3,-2
4957498,7935128,2,4,-2
4957498,7935128,6,9,-3
4957498,7935128,7,1,6
7000635,7543604,1,1,0
4995086,6122737,1,1,0
4995086,6122737,7,7,0
7008078,8556469,3,3,0
4765102,8590263,7,4,3
4885522,6075342,1,1,0
4885522,6075342,4,3,1
5253892,7900961,4,3,1
5253892,7900961,13,7,6
4911596,6540464,2,1,1
4911596,6540464,5,3,2
4911596,6540464,6,5,1
4911596,6540464,11,7,4
4340916,5223987,2,3,-1
4340916,5223987,6,9,-3
6281218,7851467,4,8,-4
6281218,7851467,10,3,7
5486728,6879076,1,1,0
5486728,6879076,8,4,4
5486728,6879076,13,8,5
4706212,5140522,2,12,-10
4706212,5140522,4,1,3
5471501,6888903,2,2,0
5471501,6888903,3,1,2
5471501,6888903,5,9,-4
5471501,6888903,12,7,5
4863758,7011862,3,3,0
4863758,7011862,4,7,-3
4863758,7011862,5,2,3
4217586,5063572,1,3,-2
5365810,6502971,1,3,-2
5066375,8721862,5,7,-2
6862989,8740828,2,1,1
5184828,6120393,2,1,1
5184828,6120393,3,2,1
5184828,6120393,5,7,-2
5184828,6120393,11,9,2
6617207,7078312,9,9,0
6617207,7078312,10,1,9
6665791,7991977,6,3,3
5019941,7443229,8,9,-1
6343450,7584580,6,2,4
5301666,7344734,1,7,-6
5301666,7344734,2,3,-1
5301666,7344734,6,9,-3
5301666,7344734,10,4,6
6903536,8207723,5,3,2
6903536,8207723,6,5,1
6903536,8207723,7,1,6
7804532,7956909,1,1,0
7804532,7956909,2,2,0
7804532,7956909,3,3,0
7804532,7956909,4,4,0
7804532,7956909,5,5,0
7804532,7956909,6,6,0
7804532,7956909,7,7,0
7804532,7956909,8,8,0
7804532,7956909,9,9,0
7804532,7956909,10,10,0
7804532,7956909,11,11,0
7804532,7956909,12,12,0
7804532,7956909,13,13,0
3967328,8356368,1,7,-6
3967328,8356368,4,12,-8
7314151,8534512,3,3,0
7314151,8534512,6,1,5
4567740,7883128,6,12,-6
4567740,7883128,10,3,7
5330536,6228092,2,11,-9
5330536,6228092,5,8,-3
5330536,6228092,8,3,5
6341708,7849780,1,2,-1
6341708,7849780,2,3,-1
4703997,5335408,3,3,0
4703997,5335408,5,2,3
4703997,5335408,9,1,8
6740059,8747348,7,13,-6
6740059,8747348,11,7,4
4786004,5127594,1,2,-1
4786004,5127594,2,1,1
4786004,5127594,4,7,-3
4786004,5127594,9,3,6
3958108,5058427,1,1,0
3958108,5058427,5,5,0
5642264,6894907,1,1,0
5642264,6894907,4,4,0
5155051,5242855,1,5,-4
5155051,5242855,8,13,-5
5630023,8473439,1,1,0
5630023,8473439,8,9,-1
4494230,5278892,5,1,4
6393042,8530788,7,6,1
6393042,8530788,10,1,9
6129172,7109856,3,7,-4
5592349,8390953,1,6,-5
5111764,6540441,3,7,-4
5111764,6540441,6,1,5
6535684,8493651,1,1,0
6535684,8493651,2,2,0
6025280,7655511,5,1,4
4632509,8098142,7,4,3
4932885,5334038,7,4,3
4932885,5334038,11,10,1
6282522,7650313,10,5,5
6282522,7650313,13,9,4
5634310,8733049,1,2,-1
5634310,8733049,2,3,-1
5634310,8733049,5,13,-8
5634310,8733049,7,7,0
4271049,4774277,8,3,5
4271049,4774277,9,10,-1
4271049,4774277,10,12,-2
4271049,4774277,11,4,7
5286679,6248613,3,1,2
5286679,6248613,8,2,6
5286679,6248613,11,4,7
4396053,6962181,1,1,0
4396053,6962181,4,5,-1
5262882,7907247,1,1,0
5262882,7907247,3,2,1
5262882,7907247,4,7,-3
5262882,7907247,5,8,-3
5262882,7907247,13,9,4
6985901,7948910,1,7,-6
6985901,7948910,5,2,3
5458598,7156846,1,1,0
5458598,7156846,3,2,1
5275542,7459811,1,4,-3
5275542,7459811,2,1,1
6233506,7502672,6,2,4
6404226,8166439,4,1,3
6404226,8166439,7,8,-1
6404226,8166439,13,13,0
5237418,6477705,2,8,-6
5103377,6506119,11,11,0
7954515,8113546,4,1,3
7954515,8113546,5,4,1
5305551,7043877,5,1,4
4184218,5599045,6,7,-1
5011247,5278929,3,1,2
5011247,5278929,4,2,2
4517763,8035009,2,2,0
6856363,7077554,1,7,-6
6856363,7077554,2,8,-6
6856363,7077554,3,1,2
6856363,7077554,4,6,-2
6856363,7077554,8,3,5
6243071,7499940,10,9,1
6232950,8068272,3,8,-5
7453087,8416622,8,4,4
7453087,8416622,11,5,6
7398726,8003146,2,1,1
7398726,8003146,5,12,-7
7398726,8003146,10,13,-3
7073254,7325304,7,5,2
7073254,7325304,11,1,10
7016492,8356400,1,2,-1
7016492,8356400,11,3,8
7277118,7773121,3,1,2
7277118,7773121,12,6,6
4328801,4533350,2,8,-6
4328801,4533350,4,6,-2
4328801,4533350,7,5,2
6944539,8614628,5,7,-2
6944539,8614628,6,2,4
7809977,8341327,1,5,-4
7809977,8341327,7,13,-6
7809977,8341327,12,7,5
5432675,8633584,2,6,-4
5432675,8633584,3,3,0
5432675,8633584,4,2,2
3971083,4676687,1,5,-4
3971083,4676687,2,2,0
3971083,4676687,3,13,-10
3971083,4676687,6,12,-6
3971083,4676687,7,7,0
5005562,8282673,1,11,-10
5005562,8282673,10,7,3
5568555,7510125,7,6,1
5568555,7510125,10,8,2
4077235,5407387,3,9,-6
4077235,5407387,7,7,0
4077235,5407387,8,11,-3
4027338,5311376,7,2,5
4027338,5311376,12,4,8
6539656,8092034,1,5,-4
6539656,8092034,8,8,0
4690564,7077064,2,11,-9
4690564,7077064,3,3,0
4690564,7077064,5,6,-1
4690564,7077064,8,1,7
4006582,4214432,1,3,-2
4006582,4214432,4,8,-4
4503284,6646363,10,12,-2
7009747,7173748,1,1,0
7009747,7173748,2,2,0
7009747,7173748,3,3,0
7009747,7173748,4,4,0
7009747,7173748,5,5,0
7009747,7173748,6,6,0
7009747,7173748,7,7,0
7009747,7173748,8,8,0
7009747,7173748,9,9,0
7009747,7173748,10,10,0
7009747,7173748,11,11,0
7009747,7173748,12,12,0
7009747,7173748,13,13,0
4621137,6132726,9,13,-4
4621137,6132726,11,9,2
4791610,8659948,5,5,0
5131662,7105610,1,1,0
5131662,7105610,2,2,0
6559905,7407839,1,3,-2
6559905,7407839,2,4,-2
6559905,7407839,3,13,-10
6559905,7407839,4,10,-6
6559905,7407839,6,5,1
4785814,7226734,10,1,9
5030220,7682375,3,1,2
5030220,7682375,8,7,1
4850978,7128726,3,8,-5
4786541,5344687,1,10,-9
4786541,5344687,2,1,1
4867140,7883198,7,1,6
5527658,7279261,2,2,0
5527658,7279261,3,1,2
6629536,7150282,1,1,0
6629536,7150282,2,3,-1
6629536,7150282,4,2,2
6629536,7150282,7,10,-3
4714095,6942426,1,3,-2
4714095,6942426,3,6,-3
4714095,6942426,9,10,-1
7164916,8737308,2,3,-1
7164916,8737308,4,12,-8
7164916,8737308,5,1,4
7164916,8737308,7,6,1
6089436,7484649,2,4,-2
6089436,7484649,5,1,4
6089436,7484649,11,9,2
6314710,6945024,1,2,-1
6314710,6945024,4,3,1
6314710,6945024,9,1,8
6314710,6945024,13,5,8
6219842,8652570,5,2,3
6936524,7824945,1,4,-3
6466877,7761172,8,2,6
6466877,7761172,9,7,2
5374574,6077747,2,1,1
5374574,6077747,3,13,-10
5374574,6077747,4,6,-2
5374574,6077747,5,12,-7
5374574,6077747,8,3,5
5374574,6077747,11,9,2
5566072,6516267,2,6,-4
6360589,7776220,2,4,-2
6360589,7776220,12,12,0
4872944,5284547,2,1,1
4872944,5284547,9,3,6
7138968,8698709,2,8,-6
7138968,8698709,9,2,7
7043299,7623913,5,5,0
6370692,8201273,4,3,1
6370692,8201273,5,1,4
6370692,8201273,13,6,7
6351755,7877368,13,9,4
6382263,8720492,3,12,-9
6382263,8720492,4,3,1
6382263,8720492,5,4,1
6382263,8720492,6,7,-1
6382263,8720492,8,10,-2
6259506,7661600,5,1,4
6259506,7661600,12,13,-1
6422001,7685815,1,1,0
6422001,7685815,2,8,-6
6422001,7685815,8,3,5
4754615,6216471,6,2,4
4754615,6216471,11,1,10
4687563,5320721,6,5,1
4687563,5320721,9,4,5
4886735,5607817,1,2,-1
4886735,5607817,6,1,5
4886735,5607817,11,6,5
5376337,7879293,3,1,2
5376337,7879293,9,11,-2
7428268,8559374,3,3,0
7428268,8559374,4,8,-4
4313847,6746988,2,3,-1
4938838,7117718,9,4,5
4549344,6260519,7,7,0
4549344,6260519,11,4,7
4820624,5272052,1,13,-12
4820624,5272052,3,6,-3
4820624,5272052,7,5,2
4820624,5272052,10,3,7
4498097,5177597,3,1,2
4498097,5177597,4,4,0
4251679,7671801,9,7,2
6080431,8197854,1,3,-2
6080431,8197854,2,1,1
6080431,8197854,12,2,10
6288107,7129269,4,6,-2
6934376,8340130,13,8,5
4458026,5518704,11,13,-2
5308815,6268447,3,3,0
6181219,7999192,1,1,0
6181219,7999192,2,9,-7
6181219,7999192,3,3,0
6181219,7999192,5,2,3
6181219,7999192,9,5,4
4168719,4802507,1,3,-2
4168719,4802507,4,5,-1
4168719,4802507,11,12,-1
7832882,8170748,2,8,-6
7832882,8170748,3,1,2
7832882,8170748,4,2,2
7832882,8170748,6,3,3
7832882,8170748,8,11,-3
6951894,8487058,5,5,0
6445245,7215579,5,9,-4
6445245,7215579,11,10,1
6139444,8353781,1,6,-5
6139444,8353781,2,9,-7
6139444,8353781,5,8,-3
6139444,8353781,6,3,3
6139445,8439769,1,2,-1
6139445,8439769,3,1,2
6139445,8439769,4,4,0
4105226,5226682,1,2,-1
4105226,5226682,6,6,0
7165051,8326751,2,2,0
7165051,8326751,6,3,3
7165051,8326751,9,5,4
4178075,6075644,2,12,-10
4178075,6075644,3,3,0
4178075,6075644,6,4,2
4178075,6075644,11,13,-2
4178075,6075644,13,6,7
6482486,7097794,4,4,0
6482486,7097794,6,9,-3
6482486,7097794,7,10,-3
6482486,7097794,10,1,9
7836887,8240302,1,3,-2
6173816,6446761,3,2,1
5622816,6151290,4,8,-4
5622816,6151290,7,6,1
5635776,7092263,1,3,-2
5635776,7092263,4,10,-6
5443628,6271285,2,2,0
5443628,6271285,5,3,2
4619573,6415843,1,1,0
4619573,6415843,10,12,-2
4375335,4542991,1,2,-1
4375335,4542991,2,8,-6
4375335,4542991,3,13,-10
4375335,4542991,7,1,6
5203112,5632120,1,1,0
5203112,5632120,4,9,-5
5203112,5632120,5,6,-1
5203112,5632120,6,2,4
5203112,5632120,8,12,-4
5203112,5632120,9,4,5
4175279,8201955,2,6,-4
4398077,5096723,1,8,-7
4866373,6414476,1,1,0
6039405,8696239,4,9,-5
6039405,8696239,11,11,0
6440135,7537604,3,1,2
6440135,7537604,6,4,2
6440135,7537604,8,2,6
6870460,7075437,1,3,-2
6870460,7075437,2,10,-8
6870460,7075437,4,4,0
7025764,8486061,1,5,-4
6625235,8144415,3,4,-1
5555377,8327026,1,3,-2
5555377,8327026,4,4,0
5555377,8327026,7,2,5
5555377,8327026,12,8,4
6977608,7965225,5,9,-4
6275978,7716641,5,1,4
6668957,8006626,12,8,4
5637414,7977000,1,1,0
5637414,7977000,3,9,-6
5637414,7977000,4,7,-3
4005646,4848217,4,8,-4
4940654,6558885,1,9,-8
4940654,6558885,2,10,-8
5557029,8664144,3,3,0
6325016,7993049,1,1,0
6325016,7993049,12,5,7
4786964,7728802,2,3,-1
4596757,5645963,2,1,1
5243213,8053837,3,3,0
5021537,5288802,4,5,-1
6039344,7766383,1,1,0
6039344,7766383,4,12,-8
6039344,7766383,6,4,2
5493409,7070270,1,5,-4
5493409,7070270,3,8,-5
4029281,5112014,4,2,2
4767390,7461838,5,1,4
4767390,7461838,11,13,-2
5620032,8171965,1,3,-2
5620032,8171965,2,1,1
5620032,8171965,3,6,-3
5620032,8171965,5,13,-8
5620032,8171965,8,11,-3
4865602,8613938,3,8,-5
7004915,8591485,1,5,-4
7004915,8591485,3,6,-3
7004915,8591485,4,4,0
4810084,7635834,1,9,-8
4810084,7635834,7,10,-3
4810084,7635834,11,7,4
4810084,7635834,12,12,0
6120576,7520915,1,1,0
6120576,7520915,3,2,1
5257784,6568677,2,12,-10
5257784,6568677,4,8,-4
5257784,6568677,5,9,-4
5257784,6568677,8,3,5
5257784,6568677,11,13,-2
4953085,6253192,3,1,2
4031520,5274835,1,5,-4
6524316,8361114,2,4,-2
3954028,4774857,1,7,-6
3954028,4774857,5,1,4
4391511,8358401,1,1,0
4391511,8358401,3,6,-3
4666622,6479454,6,5,1
4180870,4896660,4,8,-4
4180870,4896660,7,5,2
4180870,4896660,13,6,7
6628928,7116977,11,5,6
6628928,7116977,12,11,1
8390185,8657470,10,7,3
8390185,8657470,11,13,-2
8390185,8657470,13,12,1
4016005,4085471,1,1,0
4016005,4085471,2,2,0
4016005,4085471,3,3,0
4016005,4085471,6,10,-4
4016005,4085471,7,5,2
4016005,4085471,8,11,-3
4016005,4085471,9,12,-3
4016005,4085471,10,13,-3
6594653,8464295,5,7,-2
6594653,8464295,10,2,8
6582908,8492355,1,6,-5
4984539,7814879,1,3,-2
4984539,7814879,2,1,1
4984539,7814879,4,11,-7
4984539,7814879,6,4,2
4984539,7814879,8,12,-4
4388645,4680629,6,6,0
5320603,7749189,5,1,4
4985825,6941447,3,1,2
4138686,4356500,1,1,0
4138686,4356500,5,11,-6
6534062,7718622,3,5,-2
4143814,7708010,9,5,4
4143814,7708010,10,1,9
7493606,8365149,3,2,1
7493606,8365149,6,8,-2
4246605,4634384,8,11,-3
4246605,4634384,10,5,5
4688945,8496189,1,6,-5
6236480,7209660,8,3,5
6236480,7209660,11,5,6
4993693,5564680,1,1,0
4993693,5564680,2,6,-4
4993693,5564680,3,2,1
4993693,5564680,5,4,1
4993693,5564680,7,3,4
4993693,5564680,13,5,8
7056213,8430737,1,2,-1
7056213,8430737,2,8,-6
7056213,8430737,4,4,0
7056213,8430737,5,1,4
5359618,6534331,5,8,-3
5359618,6534331,12,4,8
5359618,6534331,13,11,2
4373532,8562592,6,10,-4
4466060,7421486,2,1,1
4466060,7421486,7,10,-3
4466060,7421486,8,7,1
4694889,4995446,6,13,-7
4694889,4995446,11,5,6
5403874,7059760,1,4,-3
5403874,7059760,6,2,4
5403874,7059760,7,3,4
6068194,8443958,8,12,-4
5403202,7037114,1,1,0
5403202,7037114,4,7,-3
5403202,7037114,6,3,3
5403202,7037114,10,2,8
5652067,8664850,1,5,-4
5652067,8664850,2,10,-8
5652067,8664850,3,7,-4
4443105,5066123,3,2,1
4443105,5066123,5,7,-2
4773402,4841959,9,3,6
5021344,6461607,2,3,-1
6317531,7715082,1,9,-8
6317531,7715082,13,2,11
6915334,7627670,2,6,-4
6915334,7627670,6,4,2
6915334,7627670,9,9,0
6915334,7627670,13,1,12
3946732,6986346,3,7,-4
3946732,6986346,10,10,0
4641173,6232194,1,5,-4
4641173,6232194,4,2,2
4641173,6232194,5,1,4
4214754,5275399,2,8,-6
5108134,7942456,5,4,1
5108134,7942456,13,3,10
5643280,6527780,3,9,-6
5643280,6527780,9,2,7
5643280,6527780,11,10,1
4453142,7492175,6,3,3
6292895,8051469,1,2,-1
6292895,8051469,2,4,-2
6292895,8051469,8,13,-5
6292895,8051469,11,11,0
6123698,7820102,3,2,1
6123698,7820102,12,7,5
5640299,6947268,2,7,-5
5640299,6947268,4,8,-4
5640299,6947268,6,3,3
6960179,8034161,1,2,-1
6960179,8034161,5,3,2
6150679,6956577,12,1,11
4028483,5296562,8,5,3
7175641,8382683,5,1,4
7393125,8651212,1,5,-4
7393125,8651212,3,10,-7
7393125,8651212,4,2,2
7393125,8651212,7,4,3
7393125,8651212,9,8,1
5351828,6199349,12,3,9
6293966,7980289,1,1,0
6293966,7980289,4,12,-8
4173654,6863211,3,8,-5
4173654,6863211,6,12,-6
4173654,6863211,7,7,0
6056746,6464702,2,2,0
6056746,6464702,6,1,5
7307847,7837400,10,2,8
7307847,7837400,13,13,0
5001867,5317835,1,1,0
5001867,5317835,3,3,0
5001867,5317835,6,4,2
5059953,7430451,8,3,5
5059953,7430451,10,6,4
4636032,4896937,12,2,10
6165119,7621866,1,3,-2
5565893,7538894,3,10,-7
5565893,7538894,4,2,2
5300907,6496347,2,13,-11
6198190,6501204,2,2,0
6198190,6501204,6,4,2
6198190,6501204,8,1,7
6198190,6501204,12,7,5
7081753,7675288,4,10,-6
7081753,7675288,7,8,-1
7081753,7675288,12,4,8
7081753,7675288,13,1,12
4259316,5622689,2,1,1
4259316,5622689,8,10,-2
4259316,5622689,9,12,-3
4259316,5622689,10,2,8
6931501,7251708,1,12,-11
6931501,7251708,5,13,-8
6931501,7251708,12,7,5
6369700,8232912,9,6,3
6078874,7756678,2,6,-4
4795848,7674941,2,2,0
4795848,7674941,3,9,-6
5098311,7326064,2,5,-3
5098311,7326064,3,1,2
5098311,7326064,12,4,8
6994093,7678145,6,2,4
6846516,7732327,1,3,-2
6846516,7732327,3,6,-3
6846516,7732327,5,2,3
5560900,7956006,13,3,10
4191474,4380393,1,4,-3
4913467,5069424,7,1,6
4877539,5296024,2,10,-8
4877539,5296024,12,9,3
8089100,8552508,2,10,-8
8089100,8552508,3,2,1
8089100,8552508,4,3,1
8089100,8552508,5,7,-2
8089100,8552508,11,12,-1
8089100,8552508,12,1,11
8089100,8552508,13,11,2
6301617,6415327,1,1,0
6301617,6415327,12,2,10
4279593,6962598,5,7,-2
6490547,8010339,3,2,1
4387787,4799264,2,4,-2
4334018,6538113,1,1,0
7233979,7912899,3,5,-2
7233979,7912899,4,1,3
7233979,7912899,12,2,10
4017432,4357456,4,4,0
4017432,4357456,6,10,-4
4017432,4357456,7,11,-4
5177806,5588086,2,1,1
5177806,5588086,3,2,1
5177806,5588086,4,11,-7
5177806,5588086,5,3,2
5177806,5588086,6,4,2
5328368,7345320,4,2,2
4484628,5163515,4,2,2
4981218,7079788,1,1,0
4981218,7079788,4,5,-1
4981218,7079788,6,13,-7
4981218,7079788,8,2,6
6536024,7831945,1,1,0
6268648,7075177,1,4,-3
6268648,7075177,3,2,1
6268648,7075177,5,1,4
4685670,4749189,1,5,-4
4685670,4749189,2,2,0
4685670,4749189,4,3,1
7196525,8754365,3,7,-4
7196525,8754365,11,8,3
7195159,7586411,4,9,-5
7195159,7586411,5,11,-6
7195159,7586411,8,3,5
7195159,7586411,9,2,7
7195159,7586411,12,4,8
5644170,7701076,3,2,1
6183499,6878757,3,1,2
6183499,6878757,5,7,-2
6183499,6878757,7,4,3
4669790,4861121,1,2,-1
6246843,7496303,8,7,1
5291205,7205894,10,13,-3
6662036,8491597,10,7,3
4675650,7957370,3,13,-10
4043510,5535951,2,2,0
4824787,8158426,11,1,10
6621614,7012695,13,8,5
6322236,6946188,2,11,-9
6322236,6946188,9,13,-4
6322236,6946188,10,7,3
4749833,5338497,5,1,4
4749833,5338497,9,7,2
7204390,8273443,1,2,-1
7204390,8273443,6,4,2
7204390,8273443,9,5,4
7204390,8273443,13,3,10
6270637,8652831,4,6,-2
6270637,8652831,5,4,1
6270637,8652831,7,1,6
6903642,7276999,1,1,0
6903642,7276999,3,7,-4
6903642,7276999,6,5,1
6903642,7276999,8,4,4
6903642,7276999,9,6,3
6903642,7276999,12,2,10
6338431,7458159,1,1,0
6338431,7458159,2,3,-1
6338431,7458159,4,10,-6
6338431,7458159,5,6,-1
6338431,7458159,6,5,1
6338431,7458159,9,8,1
6338431,7458159,10,9,1
6338431,7458159,12,7,5
5098246,7997387,1,5,-4
5175296,8080662,1,1,0
5175296,8080662,2,2,0
5175296,8080662,4,8,-4
4679321,5323534,1,1,0
4679321,5323534,2,9,-7
4679321,5323534,3,2,1
4679321,5323534,5,12,-7
4679321,5323534,8,3,5
4679321,5323534,11,10,1
4294408,8651397,4,2,2
4294408,8651397,7,1,6
4834886,6878278,2,2,0
4834886,6878278,9,9,0
4558710,8402972,3,4,-1
4558710,8402972,4,8,-4
4817824,5340218,2,1,1
4817824,5340218,9,6,3
5019086,7476196,2,5,-3
4677735,5341012,13,8,5
5005169,5166951,4,13,-9
5184637,7793672,11,2,9
4894941,7441364,3,6,-3
4894941,7441364,4,4,0
5334489,6307085,3,1,2
5334489,6307085,5,5,0
5334489,6307085,10,6,4
5334489,6307085,13,12,1
5601393,8043043,2,5,-3
5601393,8043043,4,6,-2
5601393,8043043,7,3,4
5601393,8043043,9,4,5
4946674,5145677,2,1,1
4946674,5145677,3,12,-9
5523673,8502520,2,10,-8
5523673,8502520,3,12,-9
5523673,8502520,7,3,4
5523673,8502520,8,2,6
5523673,8502520,10,6,4
5302861,6538482,1,5,-4
5302861,6538482,4,10,-6
5302861,6538482,6,1,5
5302861,6538482,8,9,-1
5302861,6538482,13,13,0
4563977,5190588,1,8,-7
4563977,5190588,2,1,1
4563977,5190588,9,3,6
5277807,6497817,12,5,7
5193616,8201832,1,2,-1
6523108,6952711,9,8,1
7379541,8676135,2,2,0
6255826,8148993,1,3,-2
6255826,8148993,4,2,2
6255826,8148993,5,6,-1
6255826,8148993,7,5,2
5057966,6507473,1,1,0
4065938,4938032,2,2,0
4065938,4938032,3,1,2
4065938,4938032,5,13,-8
4065938,4938032,12,8,4
4987891,6071255,1,6,-5
4987891,6071255,2,1,1
6596608,6995095,12,3,9
6596608,6995095,13,1,12
6469505,7123007,9,3,6
4855488,5258544,8,13,-5
6491159,7757893,5,7,-2
3964487,8298223,6,1,5
3964487,8298223,11,7,4
5574831,6924906,1,1,0
5574831,6924906,6,10,-4
5574831,6924906,7,6,1
6062980,7559837,5,11,-6
6062980,7559837,6,9,-3
6062980,7559837,10,3,7
4622982,6425401,1,2,-1
5483831,6553822,1,8,-7
5483831,6553822,9,7,2
3983403,4281696,2,7,-5
3983403,4281696,11,9,2
4994117,8449834,1,1,0
4994117,8449834,3,3,0
4994117,8449834,10,11,-1
4994117,8449834,12,4,8
5233204,7952112,6,2,4
6296615,8091455,7,5,2
7959753,8465613,1,11,-10
5185150,5633241,1,1,0
5185150,5633241,2,4,-2
6130623,7432811,2,3,-1
6130623,7432811,3,6,-3
4000092,4676921,2,1,1
4000092,4676921,7,3,4
7038433,7301390,1,4,-3
5195932,8292765,1,2,-1
5195932,8292765,3,4,-1
5195932,8292765,8,1,7
5195932,8292765,10,10,0
6256475,8358245,3,12,-9
6256475,8358245,7,6,1
7367341,8523927,2,1,1
7367341,8523927,3,2,1
7367341,8523927,9,13,-4
5376690,6380276,9,9,0
4276039,5334107,2,1,1
6205461,6879992,1,1,0
6557930,6976309,5,9,-4
6645091,7101952,1,1,0
6645091,7101952,2,6,-4
6645091,7101952,5,9,-4
6645091,7101952,6,10,-4
4693921,6224364,1,1,0
4693921,6224364,8,3,5
7005637,8704277,1,8,-7
7005637,8704277,3,1,2
7005637,8704277,8,3,5
7005637,8704277,9,5,4
6310483,7068057,1,2,-1
6462306,8415585,2,9,-7
6462306,8415585,7,6,1
6462306,8415585,8,4,4
6462306,8415585,9,5,4
6462306,8415585,10,1,9
6244297,8469053,2,5,-3
6244297,8469053,3,3,0
6244297,8469053,6,13,-7
4393127,7242012,2,10,-8
4393127,7242012,9,4,5
5034947,8209167,10,13,-3
5034947,8209167,13,1,12
5524114,7805651,10,6,4
5456668,7125396,1,1,0
5456668,7125396,5,2,3
5456668,7125396,7,3,4
5456668,7125396,9,10,-1
6087715,8501543,9,7,2
6297534,8034682,3,4,-1
6297534,8034682,4,8,-4
6297534,8034682,11,9,2
5365450,6924750,5,3,2
6274904,7655981,1,1,0
6274904,7655981,3,9,-6
6274904,7655981,9,6,3
6274904,7655981,10,7,3
6511454,8545198,3,1,2
6511454,8545198,5,2,3
6917522,7672129,11,5,6
5303077,5495356,2,4,-2
5303077,5495356,5,2,3
5303077,5495356,6,12,-6
5303077,5495356,9,6,3
5303077,5495356,10,8,2
3969640,4719384,7,1,6
6385454,8660526,1,5,-4
5523520,7622652,4,4,0
5523520,7622652,7,3,4
5523520,7622652,13,5,8
4758579,5312824,6,9,-3
4254169,4839235,1,6,-5
4254169,4839235,6,13,-7
4254169,4839235,7,7,0
4254169,4839235,8,8,0
4567029,4929576,2,12,-10
4567029,4929576,4,9,-5
6065873,7040810,2,4,-2
6065873,7040810,9,12,-3
5039204,7282843,1,3,-2
5039204,7282843,2,6,-4
5039204,7282843,5,5,0
6896049,7789151,8,9,-1
4572926,4707568,1,6,-5
4572926,4707568,3,7,-4
4572926,4707568,7,2,5
4572926,4707568,9,11,-2
7209478,7646767,13,5,8
4493253,5201591,2,1,1
4891934,7426834,1,1,0
4891934,7426834,2,3,-1
4891934,7426834,3,5,-2
4891934,7426834,6,10,-4
4891934,7426834,8,2,6
4891934,7426834,11,13,-2
7680295,8094881,2,5,-3
7680295,8094881,3,9,-6
7680295,8094881,7,11,-4
5257570,7698976,2,3,-1
5257570,7698976,9,11,-2
5257570,7698976,13,6,7
6473070,7148878,10,10,0
5047750,8149112,10,9,1
4520030,5466709,4,1,3
5247528,7545837,1,4,-3
6402375,7967509,1,12,-11
6402375,7967509,3,2,1
6402375,7967509,5,13,-8
5310440,6238428,4,4,0
5161527,8326416,9,7,2
6073206,7526578,4,1,3
6073206,7526578,12,8,4
6609656,7012528,6,10,-4
4156430,5209228,2,1,1
4156430,5209228,5,5,0
5112226,5587284,1,2,-1
5112226,5587284,2,1,1
5112226,5587284,10,8,2
5378883,6223988,1,1,0
5378883,6223988,2,3,-1
5378883,6223988,3,5,-2
5378883,6223988,6,8,-2
5378883,6223988,9,9,0
5378883,6223988,11,10,1
4536949,5229645,4,8,-4
4536949,5229645,8,3,5
4536949,5229645,10,11,-1
4537918,7143828,1,1,0
4537918,7143828,4,10,-6
4158623,7510083,2,2,0
4158623,7510083,3,9,-6
4158623,7510083,10,8,2
6485476,8672908,1,4,-3
5371092,6300343,1,2,-1
5371092,6300343,6,13,-7
5371092,6300343,9,9,0
5523520,8071863,4,3,1
5523520,8071863,12,11,1
5523520,8071863,13,13,0
6961642,8498527,11,13,-2
6363489,7062782,3,8,-5
6363489,7062782,13,3,10
5159493,7009779,1,10,-9
5159493,7009779,2,1,1
5159493,7009779,4,4,0
5159493,7009779,13,13,0
4960055,6640723,1,2,-1
5615929,7270145,6,4,2
5615929,7270145,12,1,11
5356225,6142672,1,5,-4
5356225,6142672,6,8,-2
4889315,5358213,1,4,-3
7349566,8464933,1,3,-2
4941718,6655646,1,10,-9
4941718,6655646,11,9,2
6478734,7288065,1,1,0
6478734,7288065,2,2,0
6478734,7288065,3,3,0
6478734,7288065,4,4,0
6478734,7288065,5,5,0
6478734,7288065,6,6,0
6478734,7288065,7,7,0
6478734,7288065,8,8,0
6478734,7288065,9,9,0
6478734,7288065,10,10,0
6478734,7288065,11,11,0
6478734,7288065,12,12,0
6478734,7288065,13,13,0
4959087,5258051,1,1,0
4959087,5258051,4,5,-1
4959087,5258051,6,4,2
3979701,7100025,3,5,-2
4341532,6866691,3,1,2
6202887,7717281,1,10,-9
6202887,7717281,4,3,1
4582324,7107109,12,8,4
4695392,5625055,2,5,-3
6512840,7121470,12,3,9
6147200,7507810,5,9,-4
5064196,5330183,2,1,1
5064196,5330183,3,10,-7
5064196,5330183,11,13,-2
6965941,7975066,6,4,2
4549848,7195450,3,8,-5
4549848,7195450,11,3,8
7685200,8280892,7,12,-5
7685200,8280892,8,2,6
7685200,8280892,11,1,10
6083255,8257413,11,7,4
4672509,6516954,1,1,0
4672509,6516954,5,10,-5
4672509,6516954,6,4,2
4825400,4999802,2,1,1
4825400,4999802,4,3,1
4825400,4999802,7,9,-2
7055095,7983473,4,9,-5
4335029,4933237,1,3,-2
4335029,4933237,8,4,4
4386116,5010389,6,1,5
4386116,5010389,9,7,2
4386116,5010389,10,2,8
4124678,7004917,8,5,3
4138961,7311053,2,4,-2
4138961,7311053,3,1,2
4138961,7311053,8,13,-5
4138961,7311053,10,7,3
5136474,5549989,2,7,-5
5136474,5549989,4,3,1
5136474,5549989,5,1,4
5136474,5549989,9,4,5
5136474,5549989,10,9,1
4246145,6228281,3,6,-3
4246145,6228281,6,5,1
4246145,6228281,10,11,-1
4246145,6228281,11,4,7
6128736,6856693,5,1,4
6504267,8189355,11,2,9
6504267,8189355,13,8,5
6934251,8189468,9,4,5
6478886,8609755,3,2,1
6478886,8609755,7,7,0
4981153,7597115,2,2,0
4981153,7597115,3,9,-6
6132970,6319714,2,7,-5
4915597,5490765,1,4,-3
4915597,5490765,7,7,0
4303765,4892736,13,5,8
4624768,4773984,2,5,-3
4624768,4773984,5,13,-8
6493637,8204840,2,8,-6
5033112,7130719,13,5,8
6380802,8502600,5,4,1
6852613,7327016,1,1,0
6852613,7327016,2,2,0
6852613,7327016,3,3,0
6852613,7327016,4,4,0
6852613,7327016,5,5,0
6852613,7327016,6,7,-1
6852613,7327016,7,6,1
6852613,7327016,10,9,1
6852613,7327016,13,10,3
6201793,8553684,3,8,-5
6320461,6958647,1,3,-2
6320461,6958647,3,1,2
6320461,6958647,8,4,4
6320461,6958647,10,5,5
6266262,6539455,4,2,2
6266262,6539455,9,7,2
6266262,6539455,11,8,3
5276573,6069771,1,13,-12
5276573,6069771,10,4,6
6089861,7776940,1,9,-8
6089861,7776940,2,7,-5
4397193,7114404,4,2,2
5171311,7074219,9,2,7
5328048,8752727,1,12,-11
5328048,8752727,6,7,-1
5328048,8752727,9,2,7
4784990,6946551,2,1,1
6241244,7854379,1,1,0
6241244,7854379,3,4,-1
6241244,7854379,9,6,3
4706670,8002741,1,1,0
4706670,8002741,3,12,-9
3952115,4156786,1,5,-4
3952115,4156786,5,3,2
3952115,4156786,9,4,5
3952115,4156786,10,1,9
5168905,5477898,1,2,-1
6245224,8377314,1,2,-1
6245224,8377314,2,4,-2
6245224,8377314,6,5,1
4876033,6988305,4,11,-7
6270936,8415078,1,2,-1
6270936,8415078,2,1,1
6270936,8415078,12,13,-1
4010760,5314451,1,3,-2
4010760,5314451,2,6,-4
7619868,8446710,3,4,-1
7619868,8446710,4,3,1
7552235,8060616,3,9,-6
5482116,8141661,5,8,-3
7457111,7701717,1,10,-9
7457111,7701717,2,1,1
7457111,7701717,10,7,3
5626590,7875056,1,3,-2
5394110,6341360,4,9,-5
5394110,6341360,6,4,2
5394110,6341360,9,6,3
5374656,5475106,2,6,-4
5374656,5475106,3,2,1
5374656,5475106,5,4,1
5374656,5475106,7,8,-1
5374656,5475106,8,9,-1
5374656,5475106,9,10,-1
5374656,5475106,10,12,-2
5374656,5475106,11,13,-2
7845536,8257391,9,10,-1
4711246,6506313,1,1,0
4711246,6506313,2,10,-8
4711246,6506313,3,2,1
4711246,6506313,6,8,-2
5651614,7875458,4,10,-6
6383907,8114573,1,13,-12
6383907,8114573,12,5,7
7106505,8197072,2,5,-3
7106505,8197072,3,1,2
4425369,5273763,11,12,-1
4425369,5273763,13,13,0
6494653,7143497,2,3,-1
6494653,7143497,6,11,-5
4099920,6518068,2,2,0
4099920,6518068,9,1,8
4099920,6518068,12,9,3
4562389,5361852,1,1,0
4562389,5361852,2,5,-3
6457645,6991166,1,3,-2
6457645,6991166,3,2,1
6457645,6991166,7,8,-1
6598963,7118204,1,2,-1
6598963,7118204,2,7,-5
6598963,7118204,3,10,-7
4270429,7013784,1,1,0
4270429,7013784,2,4,-2
4270429,7013784,3,13,-10
4270429,7013784,9,9,0
4270429,7013784,12,5,7
4493112,8744384,10,1,9
6065513,7954524,3,1,2
6065513,7954524,8,13,-5
6152905,7931634,6,2,4
6152905,7931634,11,10,1
4717341,7118373,1,4,-3
4717341,7118373,3,5,-2
4717341,7118373,5,6,-1
4750181,7844020,4,2,2
5295090,7323902,3,8,-5
6185468,8498752,1,3,-2
6185468,8498752,4,11,-7
6185468,8498752,10,4,6
5133553,8337319,1,7,-6
5133553,8337319,2,1,1
5133553,8337319,3,8,-5
5133553,8337319,4,4,0
5133553,8337319,5,10,-5
5133553,8337319,6,2,4
5133553,8337319,8,6,2
5567627,6294392,2,6,-4
5567627,6294392,3,4,-1
5567627,6294392,7,12,-5
5412466,8709825,5,5,0
5412466,8709825,6,3,3
5412466,8709825,9,6,3
4819038,7355418,4,4,0
6407021,7767253,10,2,8
6407021,7767253,11,5,6
7200108,7620059,2,12,-10
6196617,7080868,3,5,-2
6196617,7080868,5,9,-4
6196617,7080868,8,10,-2
6196617,7080868,11,7,4
7476063,8475944,8,7,1
7476063,8475944,12,4,8
7010440,7540657,5,12,-7
7010440,7540657,6,8,-2
7010440,7540657,7,4,3
4811516,6460292,1,3,-2
4811516,6460292,3,2,1
4811516,6460292,5,6,-1
4793409,5095992,2,2,0
4707681,5099237,7,10,-3
4348186,7724278,9,2,7
4599472,4943668,1,8,-7
4794629,5351280,12,11,1
4780139,5522914,1,2,-1
4780139,5522914,4,3,1
4780139,5522914,6,11,-5
6436349,8221682,1,12,-11
6436349,8221682,4,6,-2
6436349,8221682,5,10,-5
6436349,8221682,13,4,9
4114913,7318591,2,12,-10
4114913,7318591,4,5,-1
4114913,7318591,6,9,-3
4114913,7318591,9,6,3
4913525,5351262,1,2,-1
4913525,5351262,2,3,-1
4913525,5351262,5,7,-2
4913525,5351262,10,9,1
5245534,5583487,7,13,-6
5245534,5583487,9,5,4
5016978,6633212,5,3,2
5016978,6633212,8,7,1
4872853,7214069,8,12,-4
4872853,7214069,10,2,8
7148846,7936318,1,1,0
7148846,7936318,5,8,-3
7148846,7936318,10,4,6
7148846,7936318,12,12,0
7148846,7936318,13,5,8
7382932,8428375,1,3,-2
7382932,8428375,7,12,-5
7382932,8428375,9,13,-4
5655132,7073039,1,3,-2
5655132,7073039,2,1,1
5655132,7073039,5,2,3
6505195,8082248,2,1,1
6505195,8082248,3,2,1
6182038,7555431,3,1,2
6148330,6453339,5,1,4
6148330,6453339,10,11,-1
5077069,7048875,8,4,4
5077069,7048875,9,13,-4
4771164,5226596,1,1,0
4771164,5226596,2,2,0
4771164,5226596,4,6,-2
4771164,5226596,9,10,-1
5252323,5520906,5,6,-1
5252323,5520906,8,1,7
5252323,5520906,11,7,4
4806272,5288160,3,3,0
4806272,5288160,8,9,-1
5592692,6855029,10,7,3
5150250,7088382,3,8,-5
5150250,7088382,11,4,7
5150250,7088382,13,13,0
3962812,8161677,1,6,-5
3962812,8161677,3,8,-5
3962812,8161677,7,7,0
3962812,8161677,9,11,-2
6916409,7357854,2,12,-10
6916409,7357854,6,4,2
4182643,4941064,1,5,-4
4182643,4941064,2,4,-2
4182643,4941064,3,11,-8
4182643,4941064,5,1,4
4182643,4941064,8,6,2
4182643,4941064,11,12,-1
4846667,6077069,1,2,-1
6454004,7093658,8,13,-5
5006746,5247220,1,4,-3
5006746,5247220,4,11,-7
5006746,5247220,5,8,-3
5006746,5247220,6,2,4
5006746,5247220,7,3,4
5006746,5247220,10,5,5
5006746,5247220,12,7,5
6162715,7709385,1,1,0
6162715,7709385,2,3,-1
6162715,7709385,11,8,3
5640961,8597193,1,3,-2
5640961,8597193,3,9,-6
4681427,5081486,1,1,0
6089980,7530896,2,1,1
6089980,7530896,3,6,-3
6089980,7530896,4,10,-6
6089980,7530896,7,2,5
6089980,7530896,11,9,2
6567505,8155014,9,12,-3
7455208,8029504,3,13,-10
7455208,8029504,10,6,4
6324846,7011080,1,10,-9
6324846,7011080,2,3,-1
6324846,7011080,3,2,1
6324846,7011080,4,4,0
6324846,7011080,5,8,-3
6324846,7011080,9,11,-2
4521659,5486684,5,1,4
4521659,5486684,8,7,1
4604733,7969822,12,13,-1
6411198,7047049,8,11,-3
4147133,7469657,5,1,4
4957730,5264206,1,1,0
4957730,5264206,4,6,-2
4957730,5264206,13,12,1
6838106,8029846,11,1,10
4386234,7844053,3,1,2
4780169,6451157,5,12,-7
7424823,7650777,3,8,-5
5583765,7141793,1,5,-4
5583765,7141793,2,7,-5
5583765,7141793,3,6,-3
5583765,7141793,9,3,6
8430512,8696141,1,1,0
8430512,8696141,2,2,0
8430512,8696141,3,3,0
8430512,8696141,4,4,0
8430512,8696141,5,5,0
8430512,8696141,6,6,0
8430512,8696141,7,7,0
8430512,8696141,9,8,1
8430512,8696141,10,9,1
8430512,8696141,12,10,2
8430512,8696141,13,11,2
5288569,5478678,3,7,-4
5288569,5478678,4,4,0
5288569,5478678,6,3,3
7059623,7213827,1,2,-1
7059623,7213827,2,5,-3
7059623,7213827,3,1,2
7059623,7213827,4,6,-2
7059623,7213827,5,3,2
7059623,7213827,6,4,2
7059623,7213827,7,10,-3
7059623,7213827,8,7,1
7059623,7213827,11,8,3
4411239,4960088,1,1,0
4411239,4960088,2,9,-7
4411239,4960088,3,6,-3
4411239,4960088,5,2,3
4411239,4960088,8,13,-5
5434340,6316692,1,8,-7
5434340,6316692,7,4,3
5617357,6088266,4,5,-1
5617357,6088266,10,2,8
6922485,7724959,1,4,-3
4092288,7091267,1,3,-2
4092288,7091267,3,1,2
4092288,7091267,9,5,4
4555230,5489201,3,11,-8
5019051,5256153,1,1,0
5019051,5256153,2,2,0
5019051,5256153,3,5,-2
5019051,5256153,4,4,0
5019051,5256153,6,10,-4
5019051,5256153,7,6,1
5019051,5256153,11,12,-1
5019051,5256153,12,3,9
5019051,5256153,13,13,0
4333127,7796880,3,4,-1
4333127,7796880,5,3,2
4333127,7796880,7,1,6
6152371,7086595,1,2,-1
6152371,7086595,3,3,0
6152371,7086595,4,4,0
6152371,7086595,5,5,0
6152371,7086595,9,11,-2
4600809,6349134,6,9,-3
6391061,6624133,1,2,-1
6391061,6624133,3,1,2
6391061,6624133,4,3,1
6391061,6624133,6,5,1
6391061,6624133,7,9,-2
6242864,7812534,6,2,4
6242864,7812534,9,5,4
6242864,7812534,10,1,9
6242864,7812534,13,4,9
6549897,7657504,1,13,-12
5192451,6500345,3,3,0
5548601,8026790,8,10,-2
3998988,8460424,7,13,-6
6201769,7589269,2,10,-8
6201769,7589269,8,3,5
4463869,8464886,6,9,-3
4463869,8464886,10,4,6
6292334,8531801,1,4,-3
6292334,8531801,2,2,0
6292334,8531801,3,7,-4
6292334,8531801,7,3,4
6101417,8483842,7,10,-3
4753646,7066921,9,12,-3
5106662,6427380,3,1,2
5098120,6120049,1,3,-2
5098120,6120049,4,6,-2
5388301,7287301,4,1,3
4825374,5258756,11,2,9
7557704,8081951,1,3,-2
7557704,8081951,5,2,3
6261287,7833252,8,9,-1
6261287,7833252,11,6,5
5037766,8043905,7,4,3
4247880,5399942,5,5,0
6615189,8688554,2,4,-2
7465680,8721797,1,8,-7
7465680,8721797,8,11,-3
5387210,6602236,1,1,0
5387210,6602236,2,3,-1
5387210,6602236,3,9,-6
5387210,6602236,4,2,2
5387210,6602236,7,4,3
6354955,7785207,9,5,4
6095363,6997339,3,5,-2
4882801,6952855,3,8,-5
4882801,6952855,4,2,2
4882801,6952855,5,1,4
4882801,6952855,7,13,-6
7136845,8112454,3,12,-9
7136845,8112454,6,8,-2
7136845,8112454,11,9,2
6509513,7772456,1,7,-6
6509513,7772456,3,9,-6
4264378,5520750,3,4,-1
4264378,5520750,5,6,-1
4264378,5520750,8,12,-4
4264378,5520750,13,11,2
6557126,7215616,1,8,-7
5647537,7070125,8,6,2
6082813,6494530,1,3,-2
6082813,6494530,2,4,-2
6082813,6494530,4,10,-6
6082813,6494530,5,7,-2
6082813,6494530,12,1,11
6063114,8657852,1,11,-10
6063114,8657852,7,12,-5
4663932,6179250,10,9,1
4519828,4640261,2,6,-4
4519828,4640261,4,3,1
4222758,8616110,10,11,-1
4222758,8616110,11,13,-2
7099106,7436616,3,3,0
7099106,7436616,9,1,8
6646293,7491587,2,4,-2
6646293,7491587,10,9,1
6080159,6355043,1,4,-3
6080159,6355043,2,1,1
6096497,6952604,2,2,0
6505579,8733330,2,3,-1
6505579,8733330,10,5,5
6505579,8733330,11,9,2
6505579,8733330,12,13,-1
6094674,7065360,4,1,3
6094674,7065360,6,4,2
5066248,8469740,1,6,-5
5066248,8469740,6,13,-7
6149980,6849194,3,3,0
7335663,7727996,2,2,0
7335663,7727996,3,1,2
7335663,7727996,4,3,1
7335663,7727996,5,4,1
7335663,7727996,6,5,1
7335663,7727996,7,6,1
7335663,7727996,8,7,1
7335663,7727996,9,8,1
7335663,7727996,10,9,1
7335663,7727996,11,10,1
7335663,7727996,12,11,1
7335663,7727996,13,12,1
6902264,8205980,1,1,0
6902264,8205980,2,2,0
6902264,8205980,5,3,2
6089857,8490627,2,8,-6
6089857,8490627,3,3,0
6089857,8490627,9,4,5
6606006,8289093,2,4,-2
6606006,8289093,5,2,3
6606006,8289093,6,3,3
3986012,4044846,1,1,0
3986012,4044846,3,5,-2
3986012,4044846,5,7,-2
7117036,8498712,1,10,-9
7117036,8498712,2,9,-7
7117036,8498712,9,8,1
4412217,4949085,2,7,-5
4412217,4949085,8,4,4
4404908,6883427,1,2,-1
4404908,6883427,2,1,1
4404908,6883427,3,7,-4
4404908,6883427,13,4,9
6361067,6568708,4,4,0
6361067,6568708,5,1,4
6361067,6568708,6,12,-6
7149337,7522764,7,1,6
4112624,5111622,2,1,1
4112624,5111622,6,8,-2
4280016,8278556,7,3,4
3985244,8376682,2,2,0
5069569,7966915,5,3,2
5069569,7966915,8,1,7
5069569,7966915,9,10,-1
6166900,7500254,4,3,1
4559786,6519950,5,2,3
6463068,8682162,1,2,-1
7184538,8130933,5,5,0
4891694,5303229,9,3,6
4891694,5303229,11,5,6
5219332,8025629,7,3,4
5193256,5351375,1,2,-1
5193256,5351375,3,4,-1
5193256,5351375,5,12,-7
5193256,5351375,7,9,-2
5193256,5351375,8,11,-3
5550984,6453419,10,2,8
4343456,8070128,1,3,-2
6997908,8636717,7,3,4
6209650,8281864,2,1,1
6209650,8281864,4,9,-5
6209650,8281864,10,6,4
6898467,8649907,1,3,-2
6898467,8649907,2,9,-7
6898467,8649907,5,7,-2
5272639,6493631,4,10,-6
5272639,6493631,5,4,1
5272639,6493631,9,6,3
5316305,8007369,4,2,2
6147090,7094801,12,6,6
5654099,6669591,1,3,-2
5654099,6669591,4,8,-4
5654099,6669591,5,2,3
7787863,8265600,2,9,-7
7787863,8265600,5,5,0
7787863,8265600,7,12,-5
6363348,8396710,1,10,-9
6363348,8396710,4,4,0
6363348,8396710,9,2,7
5570300,6611775,1,8,-7
6381631,7657599,1,13,-12
6381631,7657599,11,7,4
3952750,5549642,7,11,-4
3952750,5549642,9,1,8
4105785,7642263,13,7,6
6206397,7048292,1,5,-4
6206397,7048292,3,3,0
6206397,7048292,4,2,2
6206397,7048292,6,10,-4
6206397,7048292,7,1,6
6206397,7048292,8,4,4
5206036,7350389,4,4,0
5206036,7350389,13,2,11
4605993,4819139,4,4,0
4605993,4819139,8,2,6
3947316,8020342,11,12,-1
7525640,8325322,1,2,-1
7525640,8325322,12,10,2
4156278,4307445,1,9,-8
4156278,4307445,6,6,0
4156278,4307445,9,2,7
4156278,4307445,10,4,6
4156278,4307445,12,10,2
4893335,7088801,8,3,5
4454138,6420374,2,1,1
4454138,6420374,5,11,-6
4454138,6420374,7,13,-6
6636590,8402139,1,6,-5
6636590,8402139,12,7,5
4687326,8233156,13,10,3
5147565,7404440,1,3,-2
5147565,7404440,10,1,9
5190541,7967816,11,5,6
4732146,8592640,1,10,-9
5122264,7296689,1,13,-12
5122264,7296689,2,1,1
5122264,7296689,13,5,8
6315864,7303650,1,1,0
6315864,7303650,3,4,-1
6315864,7303650,4,12,-8
5549935,6576569,2,2,0
4853754,6346770,4,2,2
4853754,6346770,9,10,-1
5027531,5349763,1,1,0
5027531,5349763,2,4,-2
5027531,5349763,7,6,1
5051906,6296317,5,9,-4
5282341,6497075,7,2,5
5282341,6497075,12,4,8
4122507,4301330,1,13,-12
4122507,4301330,3,1,2
4122507,4301330,6,5,1
6303258,7824834,1,1,0
7170849,8107552,2,1,1
7170849,8107552,11,7,4
6554398,7083272,2,12,-10
7308646,8190596,4,5,-1
7308646,8190596,5,3,2
7308646,8190596,10,8,2
5145145,6457697,1,4,-3
5145145,6457697,2,1,1
5145145,6457697,7,3,4
5329802,7191685,2,1,1
6377944,7707254,3,8,-5
5528542,7609538,5,2,3
5528542,7609538,7,1,6
5645081,8147468,1,6,-5
5108404,7520888,11,1,10
4058173,7676963,3,3,0
4058173,7676963,10,1,9
4058173,7676963,12,2,10
5404020,8104863,9,5,4
6394615,8100542,1,6,-5
6394615,8100542,2,3,-1
6394615,8100542,11,7,4
4960145,6536551,5,4,1
4960145,6536551,8,8,0
6565513,8684935,5,7,-2
4926044,5081351,7,2,5
4926044,5081351,9,1,8
4926044,5081351,11,3,8
5132674,8022969,11,6,5
6542927,7131596,7,5,2
6478799,7749229,1,11,-10
6478799,7749229,2,1,1
6478799,7749229,3,7,-4
6478799,7749229,7,10,-3
6478799,7749229,12,3,9
4243743,5310862,1,2,-1
4243743,5310862,4,11,-7
4243743,5310862,13,3,10
5217186,7998030,6,1,5
4143496,8099919,2,6,-4
5345925,5562601,4,12,-8
5015248,6866665,1,5,-4
5015248,6866665,7,6,1
8125055,8629061,5,9,-4
6138271,7032213,1,3,-2
6138271,7032213,4,12,-8
6138271,7032213,11,10,1
7128151,8082993,1,1,0
7128151,8082993,6,2,4
6588944,6982529,2,5,-3
7116640,7457273,3,11,-8
7116640,7457273,6,7,-1
7222171,8086577,1,5,-4
7222171,8086577,10,13,-3
6563042,7724542,11,1,10
4204619,4960234,4,7,-3
4204619,4960234,7,1,6
6960328,8556987,1,1,0
4661178,5074933,1,1,0
4661178,5074933,3,4,-1
4661178,5074933,4,2,2
4661178,5074933,9,11,-2
6909070,8443721,2,3,-1
6909070,8443721,3,6,-3
6909070,8443721,6,1,5
6909070,8443721,12,5,7
4289728,8124132,13,8,5
7167776,8261738,10,1,9
4554558,6288477,1,10,-9
5651174,7947071,1,2,-1
5651174,7947071,6,5,1
5651174,7947071,10,3,7
4449193,4695972,2,1,1
4449193,4695972,8,6,2
4449193,4695972,12,2,10
4463759,7156842,2,1,1
6944150,7941143,8,7,1
6944150,7941143,11,8,3
6283961,7384420,7,5,2
6079132,8356432,1,4,-3
6079132,8356432,4,8,-4
6079132,8356432,6,6,0
4543704,5374135,5,11,-6
4543704,5374135,6,8,-2
4543704,5374135,10,3,7
4543704,5374135,11,1,10
4557517,6598327,9,8,1
4666550,8475611,1,1,0
4953085,7392222,1,9,-8
4953085,7392222,11,8,3
5002359,5253318,2,3,-1
5002359,5253318,5,5,0
5002359,5253318,6,6,0
5002359,5253318,8,4,4
5019699,8636224,3,1,2
5374068,6250640,1,4,-3
7203796,8015194,4,4,0
7203796,8015194,8,2,6
6917724,8429205,8,3,5
6917724,8429205,9,12,-3
6917724,8429205,13,10,3
6489428,8349264,3,1,2
6489428,8349264,5,7,-2
7221327,7714678,1,1,0
7221327,7714678,2,2,0
6076174,8713179,3,2,1
6076174,8713179,4,13,-9
5500645,7564391,1,3,-2
5500645,7564391,3,11,-8
5500645,7564391,9,7,2
5500645,7564391,11,9,2
5500645,7564391,12,2,10
6092183,6205555,1,10,-9
6092183,6205555,3,8,-5
6092183,6205555,13,13,0
5278320,8110564,2,11,-9
5263367,8282623,5,12,-7
5168378,8121787,4,3,1
5227184,6066348,1,3,-2
5227184,6066348,8,12,-4
6895805,8268392,1,1,0
4108303,4372441,1,5,-4
4108303,4372441,3,7,-4
4351580,5322446,2,13,-11
4351580,5322446,5,2,3
4967961,7748646,3,4,-1
7219141,7872423,5,8,-3
4805624,7879213,3,1,2
4805624,7879213,11,11,0
6397235,8396916,6,8,-2
6397235,8396916,11,3,8
5220507,7881863,1,2,-1
5220507,7881863,2,5,-3
5220507,7881863,3,4,-1
4705445,5346051,4,6,-2
4293148,8678446,2,3,-1
4293148,8678446,10,2,8
5308949,5591356,1,1,0
5308949,5591356,3,4,-1
5308949,5591356,6,6,0
3965036,4186085,5,2,3
3965036,4186085,9,12,-3
6534717,7411129,2,5,-3
6534717,7411129,3,7,-4
6534717,7411129,6,6,0
5628931,6946493,3,3,0
5563717,6664034,4,5,-1
5563717,6664034,10,13,-3
6290140,8244383,8,10,-2
6290140,8244383,10,13,-3
7336197,8640958,2,5,-3
6415146,7336638,7,4,3
6415146,7336638,9,11,-2
6415146,7336638,11,13,-2
4987421,7659859,2,3,-1
3949208,7069494,1,7,-6
3949208,7069494,2,6,-4
3949208,7069494,5,10,-5
3949208,7069494,6,13,-7
6125390,6301613,4,5,-1
6125390,6301613,11,3,8
4636924,5077650,4,2,2
4636924,5077650,10,4,6
5258007,8752748,1,1,0
4544493,5152932,2,1,1
4544493,5152932,3,10,-7
4544493,5152932,7,12,-5
4555384,6906164,7,8,-1
4928073,5345237,1,4,-3
4928073,5345237,3,3,0
4928073,5345237,5,12,-7
4928073,5345237,9,1,8
4077405,8430847,6,1,5
4077405,8430847,10,4,6
4696703,6303074,11,10,1
4003178,4814117,3,8,-5
4203951,4698120,4,8,-4
4973234,5318422,4,2,2
4441119,5223741,2,1,1
4441119,5223741,5,7,-2
4441119,5223741,7,4,3
4623846,6118312,1,1,0
4623846,6118312,3,6,-3
4623846,6118312,7,7,0
4623846,6118312,8,13,-5
4371955,7933142,5,6,-1
4371955,7933142,12,4,8
6291911,7058482,7,12,-5
6291911,7058482,10,1,9
5092839,6537294,10,7,3
6336638,6921080,1,1,0
6336638,6921080,2,2,0
4179065,4265218,2,6,-4
4179065,4265218,3,4,-1
4179065,4265218,6,5,1
4897173,8377378,4,13,-9
4897173,8377378,5,1,4
4687167,7679520,12,3,9
4687167,7679520,13,8,5
6977479,7889494,13,9,4
4211951,5572081,4,10,-6
4211951,5572081,10,1,9
4211951,5572081,11,2,9
7137981,8568410,1,3,-2
7137981,8568410,8,6,2
5623628,6493802,3,1,2
5623628,6493802,10,4,6
4621368,5267268,2,12,-10
4621368,5267268,7,11,-4
4422276,7614836,1,9,-8
4422276,7614836,2,3,-1
4422276,7614836,6,4,2
5095342,5557391,12,5,7
8005905,8595629,7,2,5
6655736,7566095,5,7,-2
5491743,6493001,10,5,5
6525952,8169825,3,3,0
6525952,8169825,4,5,-1
6629033,8165057,1,4,-3
6629033,8165057,3,13,-10
6629033,8165057,4,5,-1
6629033,8165057,6,6,0
6629033,8165057,7,3,4
6629033,8165057,11,2,9
6629033,8165057,13,12,1
8201221,8671207,5,4,1
8201221,8671207,9,2,7
8201221,8671207,12,13,-1
5462939,7790713,4,4,0
5462939,7790713,8,12,-4
5462939,7790713,9,7,2
6067186,6584266,1,1,0
6067186,6584266,4,4,0
4141359,8062783,9,12,-3
7070300,7311403,3,2,1
7070300,7311403,5,9,-4
7013461,8527578,1,3,-2
5588147,7505970,3,10,-7
5588147,7505970,5,2,3
5588147,7505970,6,9,-3
4328187,4362700,5,2,3
4328187,4362700,8,9,-1
5448220,6669089,1,11,-10
5448220,6669089,2,7,-5
4961230,7787647,2,1,1
4961230,7787647,3,13,-10
4961230,7787647,5,2,3
4198619,7676681,2,5,-3
4978649,7166237,3,10,-7
5158881,5643773,1,9,-8
5158881,5643773,7,5,2
5158881,5643773,8,4,4
6168555,8118716,2,4,-2
6168555,8118716,4,1,3
7902488,8426560,2,1,1
7902488,8426560,4,2,2
7902488,8426560,6,11,-5
7902488,8426560,7,12,-5
7902488,8426560,8,13,-5
6355571,7723228,2,6,-4
7105365,8685835,1,5,-4
7105365,8685835,2,12,-10
5394534,5559978,2,9,-7
5394534,5559978,12,11,1
4863690,7474398,10,3,7
4863690,7474398,11,4,7
6485468,7731692,1,2,-1
6485468,7731692,2,4,-2
5385467,6196164,1,2,-1
6402751,8608780,1,8,-7
6402751,8608780,8,2,6
5253694,7100665,1,1,0
5253694,7100665,2,2,0
5253694,7100665,7,5,2
4118693,4274090,1,2,-1
4118693,4274090,3,3,0
5485455,7376131,10,7,3
7107106,8353864,2,1,1
6081647,7476035,1,8,-7
6081647,7476035,3,5,-2
6081647,7476035,4,3,1
5626563,6497680,6,5,1
6174809,6869838,3,8,-5
6174809,6869838,6,6,0
6174809,6869838,12,1,11
4425238,7488402,3,4,-1
4425238,7488402,13,3,10
4049140,6575393,9,6,3
7087481,8653573,3,4,-1
7087481,8653573,4,2,2
7087481,8653573,5,10,-5
7087481,8653573,8,7,1
7087481,8653573,10,9,1
7087481,8653573,11,12,-1
4170561,5424366,2,12,-10
4310211,8192233,1,3,-2
4310211,8192233,6,4,2
4310211,8192233,8,1,7
4840578,7066774,12,6,6
8127481,8677667,1,2,-1
8127481,8677667,2,1,1
6944183,8584218,4,11,-7
6134405,7231170,8,13,-5
6134405,7231170,9,1,8
5130335,6610744,1,8,-7
5130335,6610744,3,2,1
5337744,7657296,6,8,-2
6240497,7206930,3,12,-9
5191373,5500711,1,3,-2
5191373,5500711,2,4,-2
4557880,4800048,3,5,-2
4557880,4800048,4,7,-3
4557880,4800048,11,6,5
4900014,5258019,6,13,-7
6706787,8114927,1,1,0
6706787,8114927,2,2,0
6513841,8602464,4,9,-5
6513841,8602464,12,10,2
7747155,8077254,2,4,-2
7747155,8077254,3,1,2
7747155,8077254,5,9,-4
6477435,7672737,2,5,-3
6477435,7672737,6,1,5
5641945,6062874,3,10,-7
5641945,6062874,5,7,-2
4711568,6259510,1,2,-1
4711568,6259510,3,3,0
4711568,6259510,6,12,-6
4711568,6259510,7,10,-3
6506594,7785843,4,11,-7
5027912,8225888,2,2,0
5027912,8225888,5,3,2
4876668,5384481,3,13,-10
4876668,5384481,13,11,2
6205396,7925667,12,4,8
4922909,5161535,3,11,-8
4922909,5161535,8,6,2
6338085,7694215,1,3,-2
6338085,7694215,2,7,-5
6094437,7522580,13,3,10
6165487,8613938,3,13,-10
6165487,8613938,10,1,9
4056090,4381763,1,11,-10
4056090,4381763,2,4,-2
6609787,8020969,2,1,1
5361172,6310737,1,1,0
5559707,6970783,12,11,1
5417742,6991671,2,13,-11
5417742,6991671,10,2,8
5360023,7878963,3,8,-5
5360023,7878963,4,12,-8
4143456,6524654,1,11,-10
4143456,6524654,10,13,-3
4143456,6524654,13,10,3
5086527,7260859,5,8,-3
5086527,7260859,13,10,3
7661720,8042252,5,5,0
6489755,8461813,6,5,1
4485696,6505399,3,1,2
4485696,6505399,13,7,6
5046614,7303080,5,5,0
5046614,7303080,7,3,4
4030174,5419025,5,5,0
4030174,5419025,9,2,7
4864640,8130818,1,6,-5
7929546,8451862,3,8,-5
7929546,8451862,6,3,3
7929546,8451862,9,5,4
7929546,8451862,13,10,3
4360926,7278071,2,9,-7
4360926,7278071,7,3,4
4360926,7278071,9,5,4
4360926,7278071,11,12,-1
4003593,5452927,2,2,0
4003593,5452927,9,5,4
4003593,5452927,12,10,2
4905432,5311711,9,2,7
6055493,7082441,2,3,-1
6055493,7082441,12,10,2
7961089,8749373,1,1,0
7961089,8749373,2,2,0
7961089,8749373,3,3,0
7961089,8749373,5,7,-2
7961089,8749373,6,4,2
7961089,8749373,7,10,-3
7961089,8749373,9,6,3
7961089,8749373,11,8,3
7961089,8749373,13,11,2
4079534,7325352,1,2,-1
6183342,7066785,1,1,0
6183342,7066785,10,2,8
4781682,7166120,1,1,0
7053435,8048757,5,13,-8
5159219,7417343,2,1,1
5088521,7066722,1,1,0
5088521,7066722,2,4,-2
4842148,6938782,1,3,-2
4842148,6938782,2,7,-5
4842148,6938782,10,2,8
4842148,6938782,13,5,8
5530759,6611599,1,2,-1
5530759,6611599,4,5,-1
6490248,7466707,1,4,-3
5453601,7451116,4,4,0
5453601,7451116,6,12,-6
4235653,6286999,2,5,-3
4235653,6286999,12,11,1
4235653,6286999,13,8,5
4569584,5043749,3,7,-4
4569584,5043749,5,2,3
4569584,5043749,7,6,1
5410641,6330067,5,9,-4
5410641,6330067,8,2,6
6540501,8127756,2,3,-1
6540501,8127756,3,10,-7
6540501,8127756,4,7,-3
6540501,8127756,5,1,4
6540501,8127756,6,9,-3
4411574,7763302,1,1,0
7725464,8478751,1,1,0
7725464,8478751,2,3,-1
7725464,8478751,5,5,0
4186606,4746223,1,11,-10
6069960,7187775,9,5,4
5176505,7137788,1,1,0
5176505,7137788,4,2,2
5176505,7137788,11,3,8
5192274,8747437,7,1,6
6777443,7863309,5,1,4
4126137,7513896,2,6,-4
4126137,7513896,9,10,-1
6526313,8442633,2,2,0
6251077,7496157,13,10,3
7998110,8287495,13,2,11
4843300,7937560,8,12,-4
4843300,7937560,9,13,-4
5133732,6059811,1,1,0
5133732,6059811,8,12,-4
6640255,6957436,1,4,-3
6295533,8131741,13,7,6
6253249,7308081,2,1,1
6253249,7308081,3,5,-2
6253249,7308081,4,13,-9
6253249,7308081,5,6,-1
5597494,6971148,1,13,-12
4857067,8088116,1,1,0
4857067,8088116,4,8,-4
5447154,8046052,1,3,-2
5447154,8046052,3,4,-1
5447154,8046052,7,9,-2
4624055,6481110,1,1,0
4624055,6481110,2,10,-8
4624055,6481110,7,4,3
6283926,8360991,7,4,3
4644451,6454435,2,9,-7
4644451,6454435,3,4,-1
4644451,6454435,7,8,-1
4644451,6454435,8,6,2
4866349,7049756,11,1,10
5276860,8635209,10,6,4
5276860,8635209,13,12,1
3960356,7448172,1,4,-3
3960356,7448172,2,1,1
3960356,7448172,5,8,-3
3960356,7448172,9,6,3
3960356,7448172,10,10,0
4550270,6653782,1,2,-1
4550270,6653782,4,4,0
4550270,6653782,5,6,-1
6248656,8334588,4,2,2
6248656,8334588,9,1,8
5454642,6629777,1,2,-1
5454642,6629777,2,8,-6
6612473,7726531,6,12,-6
5020329,5303542,1,4,-3
5020329,5303542,2,8,-6
5020329,5303542,10,9,1
6883290,8215071,1,1,0
6883290,8215071,3,2,1
4993164,8740303,1,10,-9
4993164,8740303,2,11,-9
4993164,8740303,3,9,-6
4765464,8523641,2,1,1
6480753,7651368,1,1,0
5156523,6962341,1,1,0
5156523,6962341,3,3,0
5156523,6962341,4,5,-1
5156523,6962341,5,6,-1
5156523,6962341,12,2,10
7243993,7926879,8,5,3
7243993,7926879,10,9,1
6342919,8159557,1,2,-1
5633435,7714202,5,4,1
4722568,5366270,3,4,-1
4722568,5366270,8,7,1
4926113,6879154,1,3,-2
4926113,6879154,13,1,12
7459671,7728816,2,4,-2
7459671,7728816,3,11,-8
7459671,7728816,11,5,6
5647669,6601382,2,1,1
5647669,6601382,3,2,1
6405166,6957226,2,8,-6
6405166,6957226,8,6,2
5136650,7443987,5,3,2
5136650,7443987,12,1,11
4313431,8002699,1,5,-4
4313431,8002699,2,4,-2
4313431,8002699,4,2,2
4313431,8002699,13,11,2
4903254,7388814,1,10,-9
4903254,7388814,2,4,-2
4903254,7388814,12,5,7
6337899,7778403,2,1,1
7542052,8614666,1,3,-2
5292681,6924194,4,10,-6
4765057,5207588,5,6,-1
6155573,6549001,4,7,-3
6155573,6549001,9,12,-3
4639769,5218433,1,2,-1
4639769,5218433,11,4,7
3942612,4181200,1,1,0
3942612,4181200,2,6,-4
3942612,4181200,3,2,1
3942612,4181200,13,4,9
6339583,7249364,1,4,-3
6339583,7249364,2,2,0
4177331,5616622,1,4,-3
4177331,5616622,2,3,-1
4177331,5616622,4,10,-6
4177331,5616622,5,11,-6
4177331,5616622,8,7,1
5239712,6427279,5,2,3
5265874,8123613,2,3,-1
7159067,8134884,2,1,1
7159067,8134884,5,5,0
7159067,8134884,9,2,7
4914907,8479503,2,1,1
4914907,8479503,6,6,0
4914907,8479503,10,12,-2
5586346,8122545,1,3,-2
5586346,8122545,2,7,-5
5586346,8122545,4,6,-2
5586346,8122545,7,4,3
5586346,8122545,10,2,8
5035328,6159328,1,2,-1
5035328,6159328,10,5,5
5035328,6159328,11,10,1
4133858,8262378,1,1,0
4133858,8262378,2,4,-2
4133858,8262378,4,6,-2
4133858,8262378,12,9,3
5584894,7111591,2,2,0
5584894,7111591,6,3,3
5584894,7111591,9,1,8
6424016,7342842,1,13,-12
6535307,7933054,1,1,0
5228673,6918583,5,1,4
6974385,8342936,1,1,0
6974385,8342936,8,2,6
6312332,8251791,1,2,-1
6312332,8251791,4,8,-4
6312332,8251791,5,12,-7
6312332,8251791,10,11,-1
4067119,8529959,2,2,0
4550450,8277511,4,1,3
4550450,8277511,8,3,5
4250545,5560039,3,7,-4
4250545,5560039,4,3,1
4250545,5560039,12,5,7
6447976,6514659,2,4,-2
6447976,6514659,3,8,-5
6447976,6514659,4,5,-1
6447976,6514659,6,9,-3
6447976,6514659,7,1,6
4118736,4712206,1,1,0
4118736,4712206,12,7,5
4221483,4679937,6,3,3
6497521,7667623,1,2,-1
6232016,6805593,1,11,-10
4278095,7226393,1,1,0
6273897,7900805,3,2,1
6664770,8723366,1,7,-6
4395323,4784739,1,7,-6
7321419,8634057,4,2,2
7321419,8634057,5,9,-4
7321419,8634057,6,4,2
4548154,4714041,1,2,-1
4548154,4714041,4,1,3
4548154,4714041,5,6,-1
4548154,4714041,9,3,6
6268723,7576534,1,13,-12
6268723,7576534,3,4,-1
7097541,8257504,4,11,-7
7097541,8257504,7,1,6
6140187,6548422,4,1,3
6140187,6548422,5,2,3
4035546,6224957,2,12,-10
4035546,6224957,13,11,2
4768122,5262916,1,7,-6
4768122,5262916,2,4,-2
4768122,5262916,10,3,7
6192614,7730820,4,13,-9
6192614,7730820,13,11,2
6175758,7641670,8,13,-5
4384613,8464792,9,13,-4
6078773,8457537,1,2,-1
6078773,8457537,2,4,-2
6078773,8457537,7,1,6
6078773,8457537,10,11,-1
7207821,7425147,1,10,-9
7207821,7425147,3,7,-4
7207821,7425147,4,3,1
7207821,7425147,6,4,2
6422802,7993255,6,3,3
4276516,4682197,1,2,-1
4276516,4682197,4,12,-8
4695476,6512806,2,1,1
4695476,6512806,4,3,1
4984820,5276623,3,9,-6
5331752,6394469,2,3,-1
5331752,6394469,6,13,-7
5331752,6394469,7,1,6
5148042,5635774,1,6,-5
7458665,8025381,1,12,-11
3999864,4888983,2,9,-7
3963990,6332004,5,10,-5
6414646,7103317,4,7,-3
6084953,7680258,8,6,2
6072926,6442321,2,3,-1
4410258,5329109,3,1,2
4410258,5329109,5,2,3
4410258,5329109,9,6,3
7349726,8396524,9,7,2
5208832,7957370,8,5,3
5321241,7500913,3,2,1
5321241,7500913,9,11,-2
7037865,8591677,2,5,-3
7037865,8591677,4,4,0
5578323,6313088,2,10,-8
5578323,6313088,12,7,5
4912210,5258508,4,3,1
4912210,5258508,5,4,1
4912210,5258508,6,11,-5
4912210,5258508,7,12,-5
6425651,7159967,1,3,-2
6425651,7159967,3,1,2
6425651,7159967,6,5,1
6425651,7159967,9,11,-2
4170997,5257935,1,4,-3
4943940,6952711,4,12,-8
5308445,8324030,1,9,-8
5059218,6319307,13,1,12
7363552,7716563,1,1,0
7363552,7716563,2,2,0
6567302,7277355,10,4,6
6137140,7098509,5,2,3
5451722,6125531,2,7,-5
5451722,6125531,3,8,-5
5451722,6125531,5,9,-4
4444909,8591861,4,11,-7
6463109,6988227,4,11,-7
4541375,4635598,3,10,-7
4541375,4635598,4,1,3
4541375,4635598,6,13,-7
4541375,4635598,7,3,4
4541375,4635598,9,6,3
4667190,4760388,1,8,-7
5642398,7280827,1,13,-12
5642398,7280827,3,2,1
4860738,5377869,1,1,0
4860738,5377869,4,9,-5
4860738,5377869,8,13,-5
4860738,5377869,10,3,7
3971944,5011650,8,7,1
5355462,7114023,1,1,0
5355462,7114023,12,4,8
6871815,8496198,1,3,-2
6871815,8496198,2,2,0
6433586,7365596,4,12,-8
6433586,7365596,6,5,1
3978924,4830105,1,1,0
3978924,4830105,7,7,0
4634837,5086210,2,3,-1
4634837,5086210,5,1,4
4634837,5086210,7,5,2
4634837,5086210,12,2,10
4120707,5429959,2,3,-1
4120707,5429959,10,9,1
5344278,8382419,4,12,-8
5140552,8059458,6,10,-4
5140552,8059458,8,6,2
5140552,8059458,9,13,-4
4714469,8251997,1,2,-1
4714469,8251997,3,4,-1
3982590,4495997,2,4,-2
3982590,4495997,6,3,3
3982590,4495997,8,1,7
5366466,8480657,10,7,3
5226388,6851386,2,2,0
5226388,6851386,3,10,-7
5226388,6851386,6,13,-7
5226388,6851386,10,1,9
5243513,5346046,1,1,0
5243513,5346046,2,2,0
5243513,5346046,3,3,0
5243513,5346046,4,4,0
5243513,5346046,5,5,0
5243513,5346046,6,6,0
5243513,5346046,7,7,0
5243513,5346046,8,8,0
5243513,5346046,9,9,0
5243513,5346046,10,10,0
5243513,5346046,11,11,0
5243513,5346046,12,12,0
5243513,5346046,13,13,0
4073140,5228289,1,1,0
4073140,5228289,2,4,-2
4782448,5400246,5,10,-5
5588526,6453300,4,7,-3
6415271,8448254,4,2,2
6205481,7409433,1,1,0
6205481,7409433,4,5,-1
6205481,7409433,5,6,-1
4221025,6474117,2,5,-3
5596367,7573508,10,7,3
5242204,6491333,1,1,0
5242204,6491333,8,5,3
6459484,7190451,2,2,0
4025851,5646675,3,11,-8
4025851,5646675,7,12,-5
4025851,5646675,11,9,2
4025851,5646675,12,8,4
5123070,7119324,8,12,-4
6133909,8156113,2,4,-2
6133909,8156113,3,8,-5
6657269,7126350,1,11,-10
6657269,7126350,9,1,8
5519386,8249503,1,11,-10
4977529,7433852,1,6,-5
4977529,7433852,12,13,-1
6424419,8269972,3,1,2
6424419,8269972,7,6,1
4794356,4884048,1,1,0
4794356,4884048,7,3,4
4794356,4884048,8,6,2
5270051,5518732,10,7,3
5413180,7108072,13,13,0
5307935,5562213,1,1,0
5307935,5562213,8,3,5
5578974,6215375,3,1,2
5578974,6215375,6,4,2
7545308,8537730,4,1,3
5393613,8506862,6,4,2
5393613,8506862,11,10,1
4498409,4817548,1,1,0
4498409,4817548,3,3,0
4498409,4817548,5,13,-8
4498409,4817548,13,5,8
5208319,7674327,1,1,0
5208319,7674327,3,11,-8
5208319,7674327,5,2,3
5208319,7674327,8,7,1
7315609,7520178,1,3,-2
7315609,7520178,11,13,-2
5632771,6331189,1,1,0
7809155,8014633,1,5,-4
7809155,8014633,2,1,1
5525755,8388371,1,6,-5
7238583,8283195,1,7,-6
7238583,8283195,5,3,2
7238583,8283195,8,5,3
7215084,8174482,9,9,0
6262199,7589138,1,12,-11
6262199,7589138,2,5,-3
5062274,6959557,12,4,8
5253531,8459117,3,4,-1
5537581,5603047,1,6,-5
4032729,5032695,3,3,0
4032729,5032695,4,10,-6
4032729,5032695,9,4,5
7554203,8080885,10,9,1
7554203,8080885,12,12,0
7344986,8262894,1,1,0
7344986,8262894,2,5,-3
7344986,8262894,9,6,3
6647329,7586279,7,9,-2
6647329,7586279,8,3,5
7444147,8254836,2,4,-2
5600541,8089775,4,9,-5
6194245,7351608,6,2,4
6233471,8698615,9,6,3
4442213,4568544,1,1,0
7070313,8313207,6,1,5
7070313,8313207,7,8,-1
4226095,8544627,6,10,-4
4745925,5252826,3,3,0
4745925,5252826,13,4,9
5419807,6093643,1,3,-2
5419807,6093643,10,2,8
5627979,6069627,13,6,7
7655026,8100971,1,4,-3
5652438,7345317,11,6,5
5652438,7345317,13,4,9
6233682,8732072,4,4,0
6233682,8732072,5,5,0
7109400,8269075,3,2,1
7109400,8269075,5,4,1
7109400,8269075,6,8,-2
7109400,8269075,7,10,-3
7109400,8269075,11,11,0
7109400,8269075,12,3,9
4630260,5522046,2,9,-7
4630260,5522046,8,2,6
4630260,5522046,11,10,1
5339413,6421692,13,1,12
4317444,4747664,4,5,-1
4922730,7062928,2,13,-11
4922730,7062928,3,4,-1
4922730,7062928,6,7,-1
4922730,7062928,7,1,6
4110505,5380576,1,10,-9
4110505,5380576,2,6,-4
4110505,5380576,7,8,-1
5306614,6664041,1,1,0
6937336,8499469,4,11,-7
6334721,6899475,3,11,-8
6334721,6899475,5,8,-3
6297580,6424075,2,3,-1
6297580,6424075,4,5,-1
6297580,6424075,5,2,3
6297580,6424075,13,13,0
4216584,7681325,1,12,-11
4216584,7681325,9,7,2
5355391,6262921,4,6,-2
5001825,7101392,6,8,-2
4610025,5635694,1,1,0
4610025,5635694,7,5,2
6504692,8098465,1,4,-3
6504692,8098465,9,1,8
4304880,4500606,6,5,1
4304880,4500606,11,4,7
4176269,4676425,9,3,6
4416187,7621211,3,6,-3
4416187,7621211,6,8,-2
6611201,7885599,11,3,8
4361705,4620016,1,3,-2
4361705,4620016,5,8,-3
4361705,4620016,6,9,-3
4361705,4620016,7,11,-4
4361705,4620016,9,13,-4
6131667,7607916,1,3,-2
7370120,7733910,4,10,-6
6042582,8480745,1,11,-10
6042582,8480745,2,9,-7
6042582,8480745,11,3,8
6042582,8480745,12,1,11
6332002,7680186,2,1,1
6332002,7680186,3,4,-1
6332002,7680186,5,11,-6
6332002,7680186,9,10,-1
5560666,8430286,1,1,0
5560666,8430286,3,5,-2
5560666,8430286,8,11,-3
5560666,8430286,9,13,-4
6925771,8099925,1,3,-2
6925771,8099925,2,8,-6
6925771,8099925,3,2,1
6925771,8099925,6,9,-3
6925771,8099925,11,6,5
6925771,8099925,13,4,9
6593754,7591075,1,4,-3
6298426,7730338,1,2,-1
5397444,6670726,6,4,2
5397444,6670726,8,2,6
5397444,6670726,10,9,1
6556169,7122891,1,4,-3
6906518,7746074,1,1,0
6906518,7746074,2,11,-9
6906518,7746074,3,10,-7
4352883,4774093,4,1,3
4058836,4882627,1,10,-9
4058836,4882627,4,2,2
4058836,4882627,8,3,5
7028024,8209724,4,1,3
7028024,8209724,6,7,-1
4597734,6302683,5,4,1
4597734,6302683,7,13,-6
4500475,4754742,4,1,3
5158572,5619289,1,4,-3
5158572,5619289,3,5,-2
5158572,5619289,5,9,-4
5488369,7556206,7,2,5
4272371,6457563,2,2,0
4272371,6457563,5,1,4
7336698,8280336,1,2,-1
7336698,8280336,5,11,-6
7336698,8280336,11,4,7
5546463,8151334,2,6,-4
5546463,8151334,4,8,-4
5546463,8151334,5,1,4
5546463,8151334,6,10,-4
5546463,8151334,7,5,2
4339507,4485217,3,2,1
4339507,4485217,5,13,-8
4339507,4485217,9,4,5
4339507,4485217,10,6,4
4921557,6357439,10,12,-2
7910973,8358539,1,8,-7
7910973,8358539,3,4,-1
7910973,8358539,8,2,6
7910973,8358539,9,5,4
7910973,8358539,10,1,9
5507288,8260558,11,3,8
6366891,7921052,1,1,0
6074391,8282673,10,11,-1
4112754,7331115,1,1,0
4112754,7331115,4,12,-8
4112754,7331115,13,8,5
4330363,7183229,7,7,0
4330363,7183229,12,3,9
4330363,7183229,13,9,4
4930674,8016178,2,7,-5
4930674,8016178,6,2,4
4930674,8016178,12,5,7
7117065,7827838,7,2,5
4195425,5343206,11,9,2
4166746,8410008,2,1,1
4166746,8410008,3,5,-2
4166746,8410008,8,4,4
4166746,8410008,10,8,2
4166746,8410008,11,9,2
4166746,8410008,13,13,0
5479447,7616711,1,10,-9
5479447,7616711,3,1,2
6084325,7119520,6,2,4
6623397,7727102,1,1,0
6623397,7727102,2,2,0
6623397,7727102,4,3,1
6623397,7727102,5,6,-1
6623397,7727102,6,10,-4
6623397,7727102,7,4,3
6623397,7727102,8,5,3
6623397,7727102,10,7,3
6623397,7727102,13,11,2
6160066,6841506,6,4,2
6160066,6841506,7,6,1
6160066,6841506,11,10,1
5143563,5584947,2,6,-4
5143563,5584947,3,1,2
5143563,5584947,11,4,7
5143563,5584947,13,7,6
6148348,7356733,2,7,-5
6148348,7356733,10,9,1
7506084,8364879,2,2,0
7506084,8364879,3,10,-7
5256444,7407996,1,1,0
6659911,6942530,2,2,0
6659911,6942530,7,4,3
6988251,7783942,8,1,7
6988251,7783942,9,12,-3
4875594,8251236,2,9,-7
4875594,8251236,3,1,2
6579301,8454503,2,3,-1
5226323,5620392,3,1,2
4884050,5324214,1,3,-2
4884050,5324214,2,1,1
4884050,5324214,4,2,2
4884050,5324214,5,9,-4
4884050,5324214,7,10,-3
4884050,5324214,11,6,5
6341236,8046085,1,2,-1
6341236,8046085,2,13,-11
6341236,8046085,7,1,6
6358250,7927341,4,3,1
6358250,7927341,5,7,-2
6358250,7927341,7,5,2
6358250,7927341,8,10,-2
5419414,7357226,2,2,0
5419414,7357226,3,1,2
5419414,7357226,6,11,-5
5187763,5384880,2,4,-2
5187763,5384880,3,6,-3
5187763,5384880,5,5,0
7069698,8413388,1,4,-3
6467473,8091541,1,10,-9
6467473,8091541,2,5,-3
6467473,8091541,8,7,1
5381087,6476627,7,2,5
7642351,8211889,1,2,-1
7642351,8211889,6,3,3
7642351,8211889,12,4,8
7603056,8750757,1,5,-4
6668065,7292695,4,8,-4
6668065,7292695,5,12,-7
6668065,7292695,10,5,5
6668065,7292695,11,1,10
6448987,8407622,2,3,-1
6448987,8407622,5,1,4
6893984,7374964,2,1,1
6893984,7374964,4,9,-5
6920875,8485184,2,4,-2
6377214,7026990,1,7,-6
6377214,7026990,6,6,0
6377214,7026990,9,5,4
6313014,7956416,12,6,6
6505101,7631950,2,1,1
3940198,4206334,4,3,1
6287940,7198982,1,2,-1
6287940,7198982,3,8,-5
4977337,5254885,1,3,-2
4977337,5254885,2,2,0
4977337,5254885,8,10,-2
4977337,5254885,9,7,2
4977337,5254885,11,12,-1
5640415,7082171,5,4,1
5640415,7082171,12,9,3
5560532,8608043,1,10,-9
6643614,8041663,12,12,0
4633861,5452837,3,9,-6
4633861,5452837,4,12,-8
4633861,5452837,13,1,12
4451245,7481755,2,10,-8
4451245,7481755,5,11,-6
6420483,6657010,2,3,-1
4533036,6315105,1,1,0
4533036,6315105,3,5,-2
4533036,6315105,4,7,-3
4533036,6315105,8,8,0
4908851,5255311,6,10,-4
4908851,5255311,8,3,5
4908851,5255311,9,1,8
4804875,5326726,9,4,5
5060973,6237940,1,1,0
5060973,6237940,3,9,-6
6198090,7755831,1,1,0
6198090,7755831,3,6,-3
6198090,7755831,6,4,2
6198090,7755831,7,9,-2
6611958,7886325,7,12,-5
4669466,6261220,8,6,2
5329667,7653969,7,7,0
5329667,7653969,8,11,-3
5329667,7653969,10,2,8
6203540,8002768,10,2,8
5643826,7750347,5,5,0
5232312,7048471,2,3,-1
5232312,7048471,3,13,-10
5263267,8469081,7,6,1
5263267,8469081,10,1,9
5263267,8469081,13,13,0
4897727,7113230,3,2,1
4897727,7113230,5,1,4
5548178,7037755,13,3,10
7588708,8684719,9,11,-2
4567886,7837690,3,9,-6
4567886,7837690,6,5,1
6533941,7985335,5,2,3
6533941,7985335,10,1,9
6533941,7985335,13,3,10
4490845,5406082,1,10,-9
4490845,5406082,13,8,5
5273511,8448413,8,7,1
5273511,8448413,10,6,4
6154816,7003635,4,6,-2
7628326,8559694,9,1,8
7628326,8559694,12,2,10
6210218,7081014,3,12,-9
6210218,7081014,4,1,3
6651251,8291049,13,1,12
6400391,7593029,7,8,-1
6400391,7593029,10,7,3
4083181,8727267,5,6,-1
4083181,8727267,6,12,-6
4488653,4775058,1,2,-1
4488653,4775058,2,1,1
4488653,4775058,4,8,-4
6906539,7609077,1,2,-1
4900641,6989412,1,2,-1
4900641,6989412,5,5,0
4900641,6989412,11,1,10
6157655,8311208,1,1,0
6157655,8311208,5,2,3
6157655,8311208,7,3,4
6694047,7085430,1,7,-6
6282734,6662388,1,1,0
6282734,6662388,2,4,-2
5559423,7391192,1,2,-1
5559423,7391192,9,11,-2
4554208,5133757,1,5,-4
4554208,5133757,4,10,-6
4554208,5133757,6,1,5
4554208,5133757,7,3,4
4554208,5133757,13,11,2
8065898,8297094,1,3,-2
8065898,8297094,2,1,1
8065898,8297094,3,4,-1
8065898,8297094,4,5,-1
8065898,8297094,5,6,-1
8065898,8297094,6,2,4
8065898,8297094,7,7,0
8065898,8297094,8,8,0
8065898,8297094,9,9,0
8065898,8297094,11,11,0
8065898,8297094,13,13,0
7343132,7693475,1,1,0
7343132,7693475,2,5,-3
7343132,7693475,8,9,-1
5568331,7608193,1,4,-3
5568331,7608193,3,5,-2
5568331,7608193,6,3,3
6193500,6478576,1,1,0
6193500,6478576,3,3,0
6193500,6478576,4,4,0
6193500,6478576,5,5,0
6193500,6478576,6,6,0
6193500,6478576,7,7,0
6193500,6478576,8,8,0
6193500,6478576,9,9,0
6193500,6478576,10,10,0
6193500,6478576,11,11,0
6193500,6478576,12,12,0
6193500,6478576,13,13,0
5254441,6210870,6,10,-4
5633521,6492691,1,11,-10
5633521,6492691,3,3,0
6911915,8193702,3,1,2
6911915,8193702,6,3,3
6911915,8193702,13,2,11
6282406,7570954,13,9,4
5155708,6438070,2,12,-10
5155708,6438070,3,1,2
5155708,6438070,4,9,-5
6366884,8719006,4,2,2
6366884,8719006,5,4,1
6366884,8719006,11,10,1
6606657,8701014,7,11,-4
6072402,7880584,2,1,1
6072402,7880584,3,9,-6
4909113,5252785,1,10,-9
4909113,5252785,8,11,-3
7627723,8732496,2,3,-1
6512200,6984806,1,10,-9
6512200,6984806,4,2,2
6512200,6984806,7,5,2
5238640,6250910,3,1,2
5238640,6250910,8,3,5
5238640,6250910,9,11,-2
7878746,8261422,1,5,-4
7878746,8261422,4,6,-2
7878746,8261422,5,4,1
4011858,4240406,1,7,-6
4011858,4240406,5,1,4
4011858,4240406,8,6,2
6982094,8673190,1,1,0
6982094,8673190,2,2,0
6982094,8673190,3,3,0
6982094,8673190,4,4,0
6982094,8673190,5,5,0
6982094,8673190,6,6,0
6982094,8673190,7,9,-2
6982094,8673190,8,7,1
6982094,8673190,9,13,-4
6982094,8673190,10,8,2
6982094,8673190,11,10,1
6982094,8673190,12,11,1
6982094,8673190,13,12,1
6366771,7177403,6,2,4
6882636,8094747,1,13,-12
5640201,6070013,1,3,-2
4190949,5061644,1,3,-2
4190949,5061644,10,7,3
4190949,5061644,13,10,3
4447854,8395879,1,11,-10
4447854,8395879,4,1,3
4447854,8395879,8,12,-4
4447854,8395879,9,4,5
6892237,7821844,2,4,-2
6892237,7821844,7,1,6
6270019,8662352,1,1,0
6270019,8662352,10,11,-1
4358118,8062129,5,2,3
5080822,5393448,12,5,7
5112408,8468754,2,4,-2
5112408,8468754,3,12,-9
6081900,8181111,1,5,-4
5122976,6920799,6,13,-7
6630597,7342112,1,11,-10
6630597,7342112,3,1,2
6630597,7342112,6,5,1
5297262,7002926,4,2,2
5297262,7002926,5,12,-7
4399651,6163078,11,7,4
6938039,8245013,3,12,-9
4495318,6201042,1,1,0
4495318,6201042,2,8,-6
4495318,6201042,12,12,0
6347294,7133874,13,7,6
5172338,6483742,2,3,-1
5172338,6483742,3,7,-4
5172338,6483742,4,2,2
5172338,6483742,5,11,-6
5449997,6586941,2,1,1
5580756,7153669,2,8,-6
4696044,8229136,1,3,-2
4696044,8229136,4,1,3
4696044,8229136,8,5,3
7233971,7912790,3,6,-3
5000542,7394550,2,2,0
5000542,7394550,3,1,2
5000542,7394550,4,6,-2
5000542,7394550,5,3,2
6154171,8428000,1,4,-3
4557041,6933640,1,7,-6
4557041,6933640,13,4,9
4421368,6438830,2,2,0
4421368,6438830,3,1,2
4348399,7683202,12,10,2
6354549,7178775,2,2,0
6354549,7178775,10,7,3
6288815,7150532,1,2,-1
6288815,7150532,7,5,2
6934274,8611309,4,8,-4
6934274,8611309,7,2,5
6934274,8611309,12,5,7
5397345,8262690,5,11,-6
5397345,8262690,8,4,4
5397345,8262690,13,13,0
5030206,6099505,2,3,-1
5288349,7338698,1,2,-1
5288349,7338698,2,1,1
5288349,7338698,6,4,2
7552854,8602287,5,4,1
7141451,7533455,1,5,-4
7141451,7533455,3,13,-10
6572653,8172881,1,4,-3
6572653,8172881,5,2,3
6247523,6595274,1,2,-1
6247523,6595274,3,5,-2
6247523,6595274,4,6,-2
6247523,6595274,5,8,-3
6247523,6595274,11,11,0
6247523,6595274,12,7,5
5120310,6096006,2,1,1
5120310,6096006,7,5,2
5301580,8327745,2,1,1
5301580,8327745,6,4,2
5301580,8327745,9,5,4
5301580,8327745,12,9,3
6351143,8050185,7,4,3
6351143,8050185,9,3,6
4097006,5075811,2,2,0
4097006,5075811,6,4,2
6182729,8259901,1,6,-5
5231534,6252729,1,3,-2
5231534,6252729,7,5,2
5231534,6252729,8,4,4
5231534,6252729,10,13,-3
5614824,7703810,3,10,-7
5614824,7703810,9,1,8
6301854,7703253,1,3,-2
4856088,7911445,1,1,0
4856088,7911445,6,9,-3
4707796,8600915,6,9,-3
4633867,7060045,1,5,-4
5000991,6342173,1,4,-3
5000991,6342173,3,13,-10
5000991,6342173,12,1,11
6893562,7824623,9,2,7
6439340,8602156,3,1,2
6439340,8602156,4,3,1
6439340,8602156,5,11,-6
6439340,8602156,8,13,-5
4838180,5323713,1,4,-3
4838180,5323713,2,7,-5
4838180,5323713,3,10,-7
4838180,5323713,5,3,2
4843256,5172013,2,5,-3
4843256,5172013,6,6,0
4843256,5172013,12,2,10
6343255,7953825,1,1,0
6343255,7953825,5,10,-5
6343255,7953825,6,12,-6
6343255,7953825,11,5,6
5336396,7578281,1,7,-6
6080488,7381048,8,7,1
6080488,7381048,13,1,12
4802658,5273262,1,9,-8
4802658,5273262,4,10,-6
7520741,8714956,1,1,0
7520741,8714956,3,4,-1
7520741,8714956,6,2,4
7520741,8714956,13,3,10
6903945,7401237,2,2,0
6903945,7401237,4,5,-1
6903945,7401237,7,1,6
6903945,7401237,13,8,5
3931617,5365477,5,5,0
4953240,6092246,3,1,2
5380863,7625841,2,6,-4
7033364,7175632,2,2,0
7033364,7175632,10,3,7
7033364,7175632,13,5,8
6145763,7051961,4,4,0
6145763,7051961,5,3,2
6145763,7051961,6,5,1
5351310,8576908,10,10,0
4913345,7060189,1,8,-7
4073722,8663023,1,3,-2
4535782,4922909,6,3,3
6623527,7711550,2,10,-8
6623527,7711550,3,4,-1
5007710,6196688,2,7,-5
5007710,6196688,4,3,1
5007710,6196688,5,11,-6
5007710,6196688,7,2,5
5007710,6196688,11,13,-2
7214624,7670529,1,7,-6
7214624,7670529,9,1,8
7354454,8360069,3,9,-6
7354454,8360069,5,1,4
6940866,7843934,3,12,-9
6149522,8015595,2,2,0
6149522,8015595,8,6,2
3994753,4178990,9,4,5
4379664,7806061,10,5,5
6693208,7151191,6,7,-1
6693208,7151191,8,1,7
6693208,7151191,9,9,0
6693208,7151191,11,2,9
6693208,7151191,12,3,9
6693208,7151191,13,5,8
7403392,7911793,1,2,-1
7403392,7911793,2,3,-1
7403392,7911793,3,7,-4
7403392,7911793,4,6,-2
7403392,7911793,5,12,-7
7403392,7911793,6,4,2
7403392,7911793,8,13,-5
7403392,7911793,9,10,-1
7403392,7911793,10,11,-1
7403392,7911793,13,9,4
4919282,6457595,2,3,-1
6425683,6997590,9,8,1
6425683,6997590,13,2,11
4459735,6473957,2,4,-2
4297571,4952966,2,4,-2
4297571,4952966,6,3,3
4174104,4850583,13,6,7
5340102,7335118,1,2,-1
5340102,7335118,2,1,1
5340102,7335118,7,3,4
5558638,7689441,1,11,-10
5558638,7689441,4,5,-1
5572578,8548438,1,1,0
5572578,8548438,3,2,1
5572578,8548438,5,10,-5
4621775,5201469,2,1,1
4621775,5201469,3,6,-3
4621775,5201469,6,4,2
5428212,6131813,6,11,-5
4384918,5600530,1,1,0
4384918,5600530,4,2,2
4384918,5600530,10,11,-1
5637411,7108926,2,2,0
5637411,7108926,4,3,1
5637411,7108926,8,4,4
5272538,7712666,1,12,-11
5272538,7712666,7,3,4
5272538,7712666,8,5,3
6197758,8492124,12,10,2
6960192,7704228,11,7,4
5050607,5307814,1,3,-2
5050607,5307814,2,1,1
6161157,6311235,4,4,0
4946640,5151277,2,4,-2
7087298,8263201,1,6,-5
7087298,8263201,6,4,2
7087298,8263201,13,13,0
5527711,7314763,1,3,-2
5527711,7314763,9,9,0
6501284,8743082,2,4,-2
6501284,8743082,5,2,3
4268497,5407685,2,12,-10
4284683,4386983,1,1,0
4284683,4386983,2,2,0
4284683,4386983,3,3,0
4284683,4386983,4,4,0
4284683,4386983,5,5,0
4284683,4386983,7,9,-2
4284683,4386983,8,6,2
4284683,4386983,9,10,-1
4284683,4386983,10,11,-1
4284683,4386983,11,12,-1
4284683,4386983,12,7,5
4284683,4386983,13,13,0
6428096,7293831,2,1,1
6428096,7293831,4,2,2
4250432,4668876,1,1,0
4250432,4668876,2,6,-4
4250432,4668876,11,4,7
4105466,6615987,2,1,1
8109892,8506508,1,1,0
8109892,8506508,2,3,-1
8109892,8506508,3,2,1
8109892,8506508,4,4,0
8109892,8506508,12,5,7
5450070,6967564,4,1,3
5450070,6967564,11,8,3
5059379,7982298,2,2,0
4450989,6409029,1,2,-1
4450989,6409029,11,6,5
5504090,7202252,2,1,1
5504090,7202252,5,5,0
5504090,7202252,8,11,-3
5504090,7202252,9,6,3
6190255,7713124,1,1,0
6190255,7713124,2,2,0
6190255,7713124,4,12,-8
4249885,6132203,2,5,-3
4249885,6132203,6,1,5
4249885,6132203,9,3,6
6134048,7277224,1,1,0
6134048,7277224,4,8,-4
6134048,7277224,5,10,-5
7329905,8476668,4,8,-4
7329905,8476668,9,12,-3
5314430,7103409,1,4,-3
5314430,7103409,2,2,0
5314430,7103409,7,3,4
5314430,7103409,13,11,2
6516337,7783689,1,3,-2
6516337,7783689,2,2,0
6516337,7783689,7,1,6
6516337,7783689,9,11,-2
4151096,7645723,10,2,8
3972272,4425839,10,5,5
4829524,7688476,1,2,-1
4760364,5281937,1,5,-4
4760364,5281937,3,11,-8
4760364,5281937,7,2,5
4760364,5281937,11,4,7
5236248,6074014,2,3,-1
5236248,6074014,3,11,-8
4296287,4853504,1,13,-12
4296287,4853504,3,7,-4
4296287,4853504,6,3,3
4296287,4853504,7,2,5
4113173,4459169,2,8,-6
4113173,4459169,5,6,-1
4113173,4459169,6,11,-5
4842729,6517727,2,4,-2
4347565,8195914,2,7,-5
4347565,8195914,3,12,-9
4347565,8195914,5,4,1
6238687,7939611,1,4,-3
4716377,5291159,2,2,0
4462048,4692914,1,2,-1
8060982,8458857,1,3,-2
8060982,8458857,2,1,1
6362389,7938813,2,1,1
6362389,7938813,7,7,0
6362389,7938813,8,9,-1
6362389,7938813,9,10,-1
6362389,7938813,11,11,0
6374250,7509420,13,5,8
5138563,7533574,2,1,1
5138563,7533574,4,2,2
5138563,7533574,7,4,3
5138563,7533574,10,5,5
4930140,7873328,2,1,1
4322121,8287310,4,7,-3
4368695,5184953,2,9,-7
4368695,5184953,10,4,6
6641158,8052162,1,2,-1
6641158,8052162,2,4,-2
6641158,8052162,8,9,-1
6641158,8052162,10,1,9
6641158,8052162,12,6,6
6641158,8052162,13,11,2
4624367,5253765,1,1,0
4624367,5253765,11,3,8
4624367,5253765,13,4,9
4259195,7709423,4,10,-6
4259195,7709423,7,1,6
5557963,7942028,11,13,-2
5389279,7659235,5,4,1
5389279,7659235,6,11,-5
6638247,7704222,2,7,-5
6638247,7704222,11,1,10
5278805,8456952,4,2,2
5278805,8456952,6,7,-1
5278805,8456952,13,6,7
6486293,7691931,7,6,1
4983059,8267606,12,4,8
6142460,7726631,1,2,-1
6142460,7726631,3,10,-7
6142460,7726631,9,11,-2
6099592,7323015,2,1,1
6099592,7323015,3,2,1
6099592,7323015,4,12,-8
6099592,7323015,5,5,0
6099592,7323015,9,4,5
5027841,5193561,1,1,0
5027841,5193561,3,10,-7
5478563,6916859,6,4,2
5478563,6916859,7,5,2
5478563,6916859,8,11,-3
5478563,6916859,9,12,-3
6350111,7771178,1,3,-2
6350111,7771178,3,2,1
6350111,7771178,4,9,-5
6350111,7771178,5,5,0
6380774,7236039,1,1,0
6380774,7236039,2,4,-2
6380774,7236039,5,8,-3
6380774,7236039,7,5,2
6380774,7236039,9,13,-4
5111409,6088673,2,3,-1
5111409,6088673,4,12,-8
5319963,7747366,1,5,-4
5319963,7747366,2,1,1
5319963,7747366,6,7,-1
4194140,4706116,1,2,-1
4194140,4706116,2,4,-2
4194140,4706116,3,1,2
4194140,4706116,5,5,0
6532225,8477695,4,9,-5
6532225,8477695,9,4,5
7392956,8672242,1,1,0
7392956,8672242,2,2,0
7392956,8672242,3,3,0
7615772,8202752,2,2,0
7615772,8202752,8,4,4
7615772,8202752,13,1,12
5121225,7151305,1,1,0
5121225,7151305,11,12,-1
6529241,8031260,4,2,2
6529241,8031260,12,9,3
5484314,7093358,2,8,-6
5484314,7093358,6,7,-1
5202437,5608056,1,2,-1
5202437,5608056,11,4,7
5202437,5608056,12,11,1
4058683,4688233,1,11,-10
4058683,4688233,3,5,-2
7476644,7833944,7,4,3
5265065,7805298,10,1,9
5557679,7628322,1,7,-6
5557679,7628322,6,1,5
3932277,8506823,5,10,-5
3932277,8506823,6,9,-3
5289935,7017765,5,11,-6
5106754,6477905,9,2,7
6062257,6932107,3,1,2
6062257,6932107,7,9,-2
6062257,6932107,10,3,7
6062257,6932107,12,4,8
5245585,5583822,1,1,0
5245585,5583822,13,9,4
4746859,8461677,2,3,-1
4746859,8461677,3,1,2
6267296,8351907,4,13,-9
4043121,7134271,2,11,-9
4290501,8172039,2,4,-2
4290501,8172039,4,6,-2
4290501,8172039,5,3,2
4290501,8172039,12,13,-1
7534690,8163622,1,1,0
7534690,8163622,2,9,-7
7534690,8163622,3,10,-7
7534690,8163622,5,4,1
7534690,8163622,9,7,2
7534690,8163622,10,2,8
7534690,8163622,11,3,8
5623147,6469301,3,2,1
5623147,6469301,8,11,-3
5623147,6469301,13,10,3
5132108,6340465,3,6,-3
5132108,6340465,4,1,3
6650905,6944462,11,7,4
5181034,7725079,2,7,-5
5181034,7725079,9,12,-3
5036850,6928320,3,5,-2
5528924,6318180,2,4,-2
5528924,6318180,4,2,2
5528924,6318180,5,1,4
5528924,6318180,13,11,2
5047977,5483637,1,2,-1
5047977,5483637,6,1,5
6144646,8605686,2,2,0
6144646,8605686,4,3,1
6144646,8605686,9,11,-2
6144646,8605686,10,1,9
7764946,8200248,3,1,2
7764946,8200248,7,9,-2
7764946,8200248,9,3,6
4143836,4750403,3,1,2
6308265,6993647,3,2,1
6262925,7184352,1,6,-5
6262925,7184352,2,3,-1
6262925,7184352,5,10,-5
6262925,7184352,7,5,2
4566732,5295452,2,11,-9
4566732,5295452,4,10,-6
4566732,5295452,10,12,-2
4313969,6282013,4,2,2
4313969,6282013,11,8,3
7926798,8544242,3,1,2
7926798,8544242,4,2,2
7926798,8544242,6,10,-4
6187000,6884235,1,7,-6
4438228,7619026,9,2,7
6203366,6416025,4,6,-2
6203366,6416025,6,12,-6
4902880,8103520,3,9,-6
4401576,7981302,12,10,2
5102056,7490787,1,2,-1
5102056,7490787,5,4,1
4062758,8147675,2,6,-4
4062758,8147675,5,5,0
4062758,8147675,6,8,-2
5197322,8362904,3,2,1
4750639,4967900,1,1,0
4750639,4967900,2,2,0
4750639,4967900,3,4,-1
4750639,4967900,4,12,-8
4750639,4967900,8,5,3
4750639,4967900,9,6,3
4704172,6432236,10,6,4
4704172,6432236,12,13,-1
6411899,7456784,7,4,3
4313526,7337881,1,6,-5
4313526,7337881,2,2,0
4313526,7337881,4,5,-1
4313526,7337881,6,10,-4
4313526,7337881,7,3,4
4313526,7337881,10,9,1
4313526,7337881,11,1,10
4313526,7337881,13,7,6
5626539,7645214,1,11,-10
5626539,7645214,2,4,-2
6238458,7105038,3,10,-7
6238458,7105038,5,1,4
6238458,7105038,9,4,5
6238458,7105038,10,2,8
5324035,8128491,1,3,-2
5324035,8128491,13,8,5
5020543,6465206,1,2,-1
5020543,6465206,2,1,1
6150269,6313028,6,5,1
8232176,8530329,7,6,1
8232176,8530329,10,5,5
6553506,7007157,8,6,2
4856999,8465310,1,2,-1
5627830,7085294,2,6,-4
5627830,7085294,3,12,-9
5627830,7085294,5,7,-2
4128803,7148692,7,2,5
5568552,7111176,12,6,6
5484446,7744600,4,2,2
5484446,7744600,7,3,4
4878906,8231670,9,8,1
7868115,8592543,1,2,-1
7868115,8592543,2,5,-3
7868115,8592543,4,7,-3
7868115,8592543,10,4,6
6413238,8298184,1,9,-8
6413238,8298184,5,7,-2
6522507,8256095,9,1,8
5015331,7134941,2,5,-3
4776633,5102196,1,2,-1
4389722,5101418,9,2,7
7497827,8211016,2,1,1
7497827,8211016,11,8,3
6862353,7593394,12,1,11
4410899,5455612,1,10,-9
4864618,7278566,9,2,7
4864618,7278566,10,11,-1
4781183,8016865,8,7,1
7451148,8010391,4,9,-5
6350369,7359802,3,5,-2
6350369,7359802,4,3,1
4984977,6149419,5,13,-8
4984977,6149419,7,10,-3
4984977,6149419,8,11,-3
4984977,6149419,9,7,2
6083382,7329099,5,6,-1
6083382,7329099,10,3,7
6133913,8566874,9,8,1
6328533,8186962,3,8,-5
5027359,7440483,1,1,0
5027359,7440483,6,9,-3
5027359,7440483,11,10,1
6853721,7072966,4,8,-4
6853721,7072966,6,7,-1
6873476,8289619,1,6,-5
6873476,8289619,2,2,0
6873476,8289619,4,1,3
6873476,8289619,9,4,5
5483512,6940797,1,2,-1
5483512,6940797,5,10,-5
5483512,6940797,10,6,4
5483512,6940797,11,3,8
6661459,7586487,10,11,-1
7199500,7466058,3,2,1
7199500,7466058,5,1,4
7199500,7466058,8,8,0
7199500,7466058,13,12,1
5269653,6217280,2,1,1
4119884,4377767,1,12,-11
4119884,4377767,3,2,1
4119884,4377767,5,1,4
5561044,8728767,2,7,-5
4142198,4198646,1,1,0
4142198,4198646,2,4,-2
4142198,4198646,4,9,-5
4142198,4198646,5,5,0
4142198,4198646,10,11,-1
6190330,8382908,4,10,-6
6190330,8382908,8,7,1
4351468,6945447,2,4,-2
4351468,6945447,6,2,4
4351468,6945447,7,12,-5
5060811,6526966,2,6,-4
5060811,6526966,7,8,-1
4339798,8221218,2,1,1
4339798,8221218,4,3,1
4339798,8221218,6,4,2
4339798,8221218,8,6,2
4339798,8221218,9,5,4
6457533,6976541,5,7,-2
6457533,6976541,6,1,5
6457533,6976541,7,2,5
6457533,6976541,12,8,4
4417527,4866833,2,3,-1
7762154,8075437,13,5,8
6532047,7894029,1,1,0
6532047,7894029,2,2,0
6532047,7894029,5,5,0
6532047,7894029,8,4,4
6599348,7753976,4,9,-5
6167255,6862499,1,11,-10
6167255,6862499,6,10,-4
5225336,8282935,8,1,7
6313947,8114797,1,1,0
6313947,8114797,3,9,-6
6313947,8114797,6,2,4
6948562,7717171,5,4,1
6948562,7717171,8,1,7
6948562,7717171,9,10,-1
4502208,6531391,2,12,-10
5400216,6385677,2,2,0
5400216,6385677,11,6,5
6157820,7689239,10,5,5
6157820,7689239,11,7,4
4320496,4827467,9,5,4
4060314,4373404,1,12,-11
4060314,4373404,3,5,-2
4060314,4373404,12,1,11
6942300,8272693,2,13,-11
6942300,8272693,5,1,4
6942300,8272693,6,4,2
7121277,8485185,5,6,-1
7121277,8485185,11,7,4
4891816,5012478,1,1,0
4891816,5012478,2,4,-2
7468485,8207444,2,8,-6
7468485,8207444,3,7,-4
7468485,8207444,5,1,4
7468485,8207444,12,3,9
6502845,7077417,2,1,1
6502845,7077417,3,13,-10
6502845,7077417,6,6,0
6502845,7077417,11,9,2
5573496,7033378,5,8,-3
3978854,8746250,6,4,2
7203346,8238618,1,9,-8
7203346,8238618,3,5,-2
7203346,8238618,5,4,1
5098305,6913468,5,4,1
5098305,6913468,8,11,-3
5066111,7159756,7,11,-4
5066111,7159756,13,12,1
5646217,7781539,1,4,-3
5646217,7781539,8,10,-2
4007135,4094889,2,1,1
4007135,4094889,3,12,-9
4007135,4094889,4,4,0
4007135,4094889,5,5,0
4007135,4094889,6,8,-2
4316286,6961958,3,13,-10
4316286,6961958,8,8,0
4935265,7718221,2,1,1
4935265,7718221,5,2,3
4935265,7718221,6,4,2
4935265,7718221,7,5,2
4696280,5183024,2,1,1
4696280,5183024,3,11,-8
7372966,8019088,1,2,-1
7372966,8019088,6,9,-3
7372966,8019088,8,12,-4
7372966,8019088,10,3,7
5314767,7367759,1,2,-1
5314767,7367759,4,3,1
5314767,7367759,13,10,3
4315505,8172805,1,1,0
4015366,7751046,6,2,4
4178206,5407536,1,2,-1
4178206,5407536,2,1,1
4178206,5407536,3,3,0
4178206,5407536,5,4,1
4178206,5407536,7,11,-4
4178206,5407536,8,10,-2
4178206,5407536,9,12,-3
4178206,5407536,11,13,-2
5069679,8740809,4,9,-5
5069679,8740809,11,7,4
6332839,8162734,1,1,0
6332839,8162734,2,7,-5
6332839,8162734,4,3,1
6332839,8162734,9,6,3
7596078,8265889,6,1,5
7596078,8265889,13,3,10
3981215,7000520,4,2,2
3981215,7000520,5,4,1
3981215,7000520,7,10,-3
3981215,7000520,8,13,-5
5098386,5297980,3,3,0
5034011,7988707,7,1,6
5483531,6597921,3,6,-3
5483531,6597921,11,2,9
6545097,7045142,4,4,0
5212343,5339624,1,11,-10
5212343,5339624,10,4,6
5212343,5339624,11,6,5
4141016,8558741,3,1,2
5498199,6458015,1,1,0
5498199,6458015,2,6,-4
5498199,6458015,3,10,-7
4665192,5140048,3,3,0
4665192,5140048,5,1,4
4050671,4978132,2,4,-2
5644268,6972621,1,2,-1
5644268,6972621,5,1,4
5644268,6972621,6,4,2
6615944,8712645,2,3,-1
6615944,8712645,3,4,-1
6118300,6489830,2,1,1
6118300,6489830,4,2,2
6118300,6489830,6,7,-1
6118300,6489830,7,8,-1
7316022,8495180,9,7,2
6426928,7990825,6,3,3
6426928,7990825,7,10,-3
7120149,7945661,1,1,0
7120149,7945661,2,4,-2
7120149,7945661,7,6,1
7120149,7945661,9,13,-4
7315916,8566510,2,6,-4
7315916,8566510,13,3,10
6538209,6846701,4,6,-2
6538209,6846701,7,3,4
6538209,6846701,9,9,0
6291271,7902660,2,6,-4
6291271,7902660,5,2,3
4877329,8727608,3,11,-8
4196141,4267125,5,4,1
4196141,4267125,6,3,3
4074469,6325509,1,9,-8
4074469,6325509,5,8,-3
7410426,8496541,1,1,0
7410426,8496541,3,13,-10
7410426,8496541,9,5,4
6317815,7017024,2,7,-5
7460960,7855057,2,3,-1
7460960,7855057,7,13,-6
8034364,8389044,3,4,-1
8034364,8389044,4,8,-4
8034364,8389044,5,2,3
8034364,8389044,8,5,3
6534668,6998452,6,13,-7
4453097,8264112,1,7,-6
4453097,8264112,4,1,3
4883367,6851861,2,6,-4
4883367,6851861,4,1,3
5304329,6073518,1,10,-9
5304329,6073518,5,5,0
3955621,7334967,1,3,-2
3955621,7334967,9,12,-3
3955621,7334967,10,1,9
5572354,8749367,1,1,0
5572354,8749367,2,4,-2
5572354,8749367,7,10,-3
5572354,8749367,10,5,5
5023300,5298561,9,1,8
4275335,8002768,6,3,3
5273149,6547055,1,12,-11
5273149,6547055,2,5,-3
5273149,6547055,4,8,-4
5273149,6547055,7,11,-4
4078309,4624054,1,2,-1
4078309,4624054,4,9,-5
4188163,8644619,2,1,1
4188163,8644619,3,7,-4
4178707,4568301,1,3,-2
6896618,8221226,1,1,0
6896618,8221226,3,3,0
6896618,8221226,4,4,0
6896618,8221226,7,8,-1
5620263,8202007,3,4,-1
5620263,8202007,9,7,2
5620263,8202007,10,13,-3
7499315,8379439,1,1,0
7499315,8379439,3,2,1
7499315,8379439,4,4,0
7499315,8379439,5,7,-2
7499315,8379439,6,9,-3
7499315,8379439,7,10,-3
7499315,8379439,12,13,-1
5162691,7791435,1,3,-2
4313166,4809182,1,1,0
4313166,4809182,4,2,2
4313166,4809182,10,5,5
4313166,4809182,13,4,9
5273286,7534384,2,12,-10
5273286,7534384,3,5,-2
5273286,7534384,4,6,-2
5318597,8265736,3,4,-1
6512980,7123543,2,3,-1
6512980,7123543,3,11,-8
5341181,8218002,3,1,2
5399346,6463933,6,7,-1
4816567,8071349,4,7,-3
4915421,6454314,7,2,5
6070912,8033579,12,11,1
5295483,6535756,11,8,3
6083267,8055738,5,6,-1
4196836,4664305,1,1,0
4196836,4664305,6,5,1
4196836,4664305,8,4,4
4196836,4664305,9,12,-3
7864775,8064377,1,1,0
5632485,8573595,6,5,1
5275884,6624100,1,6,-5
5275884,6624100,2,4,-2
4068749,4679679,1,1,0
4068749,4679679,4,10,-6
4068749,4679679,5,5,0
4068749,4679679,6,9,-3
4068749,4679679,8,2,6
5226126,5574928,6,12,-6
5226126,5574928,9,10,-1
6620083,7115083,1,7,-6
5499381,6598178,2,2,0
5499381,6598178,4,4,0
5499381,6598178,9,9,0
4890303,5638379,3,10,-7
4890303,5638379,5,3,2
5259844,6996951,3,2,1
5259844,6996951,4,7,-3
5259844,6996951,9,8,1
6093029,6608371,6,12,-6
6093029,6608371,10,10,0
4133250,6439512,3,2,1
4133250,6439512,12,8,4
4408914,5098208,1,4,-3
4408914,5098208,3,1,2
7029479,7713305,2,1,1
7029479,7713305,4,5,-1
6028537,7349722,1,10,-9
6028537,7349722,10,1,9
7481886,8349403,2,1,1
7481886,8349403,9,3,6
5287215,7675669,12,8,4
4300893,4959044,2,1,1
4300893,4959044,4,2,2
5386556,8082264,6,2,4
3996326,4534536,3,5,-2
4613415,8512529,2,1,1
4613415,8512529,5,11,-6
4239344,8378280,3,1,2
4239344,8378280,5,13,-8
4335419,4957060,1,1,0
4335419,4957060,12,10,2
6193552,8597044,6,5,1
5396828,7723602,4,1,3
7065040,7558194,10,2,8
6246534,6580585,1,1,0
4996631,7130199,2,1,1
5507035,7574213,13,5,8
5301394,6402375,1,12,-11
5301394,6402375,12,4,8
4991923,8528406,4,6,-2
4428775,8209927,1,6,-5
4428775,8209927,7,5,2
5528263,6642918,2,11,-9
4394674,7928474,4,8,-4
4394674,7928474,13,9,4
4892819,6180361,4,2,2
4892819,6180361,5,8,-3
4892819,6180361,6,11,-5
4892819,6180361,8,7,1
4892819,6180361,9,4,5
4892819,6180361,10,12,-2
4892819,6180361,13,1,12
5411520,7207990,13,9,4
5002536,5558649,3,1,2
5002536,5558649,5,4,1
5002536,5558649,8,2,6
5002536,5558649,10,5,5
6134548,7330850,1,6,-5
5153062,6391449,9,11,-2
4367604,7752793,1,3,-2
4367604,7752793,3,9,-6
4367604,7752793,6,6,0
5515908,7503377,1,5,-4
5515908,7503377,2,9,-7
5515908,7503377,5,8,-3
5515908,7503377,8,12,-4
5515908,7503377,11,13,-2
4144578,4254469,6,3,3
6626887,8142365,2,4,-2
6626887,8142365,9,5,4
6626887,8142365,10,2,8
6669732,7585325,11,10,1
6157743,7519788,5,11,-6
6157743,7519788,7,4,3
6157743,7519788,11,2,9
6159662,8148055,2,2,0
6159662,8148055,6,1,5
6240593,8652264,1,4,-3
5336993,6392414,10,8,2
7346439,8531280,13,9,4
4084473,7692089,4,6,-2
4084473,7692089,10,3,7
5600834,8069204,13,7,6
4376034,8268133,3,1,2
4376034,8268133,4,3,1
4376034,8268133,9,7,2
7607016,8006092,2,2,0
7607016,8006092,4,10,-6
7607016,8006092,5,4,1
7607016,8006092,6,3,3
4598111,6843654,2,10,-8
4574228,8381760,1,1,0
4574228,8381760,2,5,-3
7331395,7686087,1,1,0
7331395,7686087,7,11,-4
7331395,7686087,8,7,1
5572804,6962008,1,6,-5
5572804,6962008,4,3,1
5572804,6962008,11,2,9
5572804,6962008,12,5,7
6472904,7061269,1,5,-4
6472904,7061269,2,1,1
4383661,5067674,3,8,-5
4441180,4763326,2,5,-3
4441180,4763326,13,1,12
6373112,7092233,4,2,2
6373112,7092233,11,5,6
5134311,7064576,2,4,-2
4721111,5311658,2,13,-11
5043033,5648137,1,5,-4
6507786,7747365,5,4,1
6507786,7747365,10,8,2
6867862,7700915,3,9,-6
6867862,7700915,12,11,1
6071795,6911107,5,2,3
5576635,6150844,1,8,-7
5576635,6150844,6,2,4
5576635,6150844,7,7,0
5576635,6150844,8,11,-3
5576635,6150844,10,4,6
6413518,7431934,1,1,0
6413518,7431934,2,2,0
6413518,7431934,3,4,-1
6413518,7431934,4,8,-4
6413518,7431934,5,5,0
6413518,7431934,6,7,-1
6413518,7431934,8,13,-5
7714427,8110929,3,2,1
7714427,8110929,7,12,-5
6199215,7950070,1,8,-7
6439755,7527403,3,3,0
6439755,7527403,4,10,-6
6439755,7527403,10,12,-2
6582075,7682018,4,10,-6
5192327,7410501,1,1,0
6127692,7053457,13,3,10
7678879,8039663,1,4,-3
7678879,8039663,3,12,-9
7678879,8039663,5,7,-2
7678879,8039663,9,9,0
5320088,5448987,3,12,-9
5320088,5448987,5,2,3
5320088,5448987,9,11,-2
4599716,5103437,1,2,-1
4599716,5103437,2,6,-4
4599716,5103437,5,1,4
4599716,5103437,6,7,-1
4599716,5103437,8,12,-4
4599716,5103437,13,3,10
7516737,7942138,3,2,1
7516737,7942138,6,7,-1
7516737,7942138,7,1,6
7516737,7942138,8,3,5
7516737,7942138,13,4,9
4626989,4985826,1,2,-1
4626989,4985826,3,3,0
4626989,4985826,13,11,2
4568056,7652874,1,1,0
4020411,6617913,1,1,0
4020411,6617913,2,2,0
4747618,4930812,4,8,-4
4747618,4930812,5,2,3
4747618,4930812,8,4,4
4747618,4930812,10,5,5
4747618,4930812,11,9,2
7677488,7857250,3,13,-10
7677488,7857250,4,1,3
7677488,7857250,6,10,-4
7677488,7857250,7,7,0
7677488,7857250,10,9,1
5253344,7941799,6,5,1
7285739,7633028,4,5,-1
7285739,7633028,5,1,4
7490013,8649912,1,1,0
7490013,8649912,5,4,1
7490013,8649912,6,5,1
6543448,7571722,12,4,8
4753065,5099641,3,5,-2
4753065,5099641,6,6,0
4753065,5099641,7,11,-4
4753065,5099641,9,12,-3
4753065,5099641,11,1,10
4753065,5099641,13,3,10
5293875,6443908,3,5,-2
5293875,6443908,4,9,-5
5293875,6443908,5,3,2
5293875,6443908,8,7,1
4924125,7098561,1,2,-1
4924125,7098561,5,10,-5
4924125,7098561,6,1,5
5243997,8721667,10,9,1
4856590,7789139,1,5,-4
4062634,5033847,5,2,3
4062634,5033847,8,7,1
6338790,8255034,2,6,-4
6338790,8255034,7,4,3
4018473,7070060,1,1,0
4018473,7070060,5,10,-5
4018473,7070060,8,6,2
4407938,5006451,10,6,4
4407938,5006451,12,4,8
7009356,8569985,2,2,0
4154347,5271709,5,1,4
4598370,4914595,2,1,1
4598370,4914595,3,6,-3
4598370,4914595,6,4,2
4598370,4914595,7,5,2
4598370,4914595,9,3,6
6070067,8533111,1,8,-7
6070067,8533111,3,10,-7
4373991,4869779,2,1,1
4373991,4869779,10,6,4
6141699,8296441,6,12,-6
6141699,8296441,9,7,2
6529618,7335905,2,4,-2
6529618,7335905,3,2,1
6529618,7335905,4,3,1
6529618,7335905,7,13,-6
6529618,7335905,9,1,8
6401104,8291101,6,13,-7
6401104,8291101,8,7,1
7007861,8359785,1,3,-2
5590101,6876608,2,1,1
5590101,6876608,6,5,1
5590101,6876608,8,4,4
7993181,8337272,6,2,4
5380678,6355554,2,3,-1
5380678,6355554,4,9,-5
5380678,6355554,10,5,5
7808866,8054724,1,2,-1
7808866,8054724,2,9,-7
7808866,8054724,6,7,-1
7808866,8054724,8,6,2
7808866,8054724,12,8,4
4316465,5358505,1,2,-1
5048687,6415546,3,6,-3
3967534,4253640,1,1,0
3967534,4253640,5,4,1
3967534,4253640,13,10,3
4197911,7114566,5,7,-2
6310513,8391384,3,2,1
6310513,8391384,8,6,2
5173441,8598588,5,3,2
5173441,8598588,10,1,9
5590122,7050437,1,4,-3
5590122,7050437,5,5,0
5590122,7050437,6,6,0
5590122,7050437,7,11,-4
6562052,8328866,1,4,-3
6562052,8328866,3,10,-7
6562052,8328866,8,11,-3
6562052,8328866,9,6,3
5478292,7156768,1,13,-12
5478292,7156768,11,4,7
5327727,6526756,3,3,0
5327727,6526756,8,1,7
5327727,6526756,9,11,-2
5327727,6526756,13,12,1
6442606,7676473,6,10,-4
6602794,6905949,6,4,2
5627886,7765557,6,1,5
5627886,7765557,9,9,0
4561621,4836609,1,1,0
4561621,4836609,4,9,-5
4561621,4836609,5,3,2
4561621,4836609,11,4,7
4258494,4327514,1,1,0
4258494,4327514,2,2,0
4258494,4327514,3,6,-3
4258494,4327514,4,3,1
4258494,4327514,5,4,1
4258494,4327514,6,5,1
4258494,4327514,7,8,-1
4258494,4327514,8,9,-1
4258494,4327514,9,10,-1
4258494,4327514,10,11,-1
4258494,4327514,11,12,-1
4258494,4327514,12,13,-1
4258494,4327514,13,7,6
4295956,6168709,1,1,0
7588593,8137386,1,8,-7
7588593,8137386,3,5,-2
7588593,8137386,11,13,-2
8556907,8735773,7,2,5
5203108,8272143,3,5,-2
4523111,7268378,1,2,-1
4523111,7268378,2,1,1
4523111,7268378,7,3,4
7746170,7906753,1,1,0
6653394,8362357,8,1,7
5126851,8046801,4,1,3
3987756,4746952,1,1,0
3987756,4746952,4,8,-4
3987756,4746952,10,12,-2
4856899,7174058,3,11,-8
4856899,7174058,13,10,3
5179517,8087996,1,1,0
5179517,8087996,7,3,4
6508839,7951141,2,6,-4
6508839,7951141,7,11,-4
5124203,6930291,3,1,2
5124203,6930291,4,4,0
6916729,7341950,4,1,3
6916729,7341950,10,6,4
6562997,8153840,3,2,1
6562997,8153840,5,5,0
6964662,8647341,6,2,4
6964662,8647341,7,1,6
6559508,7755587,7,9,-2
4089616,4201493,8,3,5
4688028,5023806,5,1,4
4205093,7556836,7,3,4
5588903,8714282,6,10,-4
5588903,8714282,7,2,5
5588903,8714282,8,1,7
5588903,8714282,12,6,6
5582667,7732357,2,3,-1
5582667,7732357,9,1,8
5111428,5291435,1,1,0
5111428,5291435,12,5,7
5111428,5291435,13,12,1
5282869,7780736,1,6,-5
5282869,7780736,3,3,0
5282869,7780736,5,4,1
5282869,7780736,6,13,-7
5282869,7780736,7,8,-1
5056026,7047128,4,11,-7
5056026,7047128,12,7,5
7692295,7944049,5,6,-1
7692295,7944049,9,4,5
6296643,8337528,6,3,3
5420572,7471066,4,12,-8
5420572,7471066,8,11,-3
5604315,6606905,1,1,0
5604315,6606905,5,3,2
5604315,6606905,13,4,9
4322020,8622255,4,6,-2
4322020,8622255,5,3,2
5624411,7604818,1,6,-5
5624411,7604818,4,2,2
6210410,7815634,3,1,2
4765753,5625876,2,4,-2
4765753,5625876,10,7,3
6973783,7845170,6,3,3
6973783,7845170,12,4,8
5325096,6611202,5,1,4
5270921,7401029,11,1,10
6129449,7720944,11,4,7
6934873,7634799,2,8,-6
3959565,4707383,2,11,-9
3959565,4707383,10,2,8
4465516,4981648,6,4,2
4465516,4981648,11,11,0
4465516,4981648,12,8,4
5271215,6336317,4,9,-5
5271215,6336317,13,2,11
6249708,8332050,2,5,-3
6249708,8332050,5,13,-8
6249708,8332050,11,9,2
5246441,7160333,2,13,-11
4909547,7690693,3,9,-6
7150660,8668531,1,2,-1
7150660,8668531,2,1,1
7150660,8668531,5,7,-2
7502873,7984198,1,1,0
7502873,7984198,2,2,0
7502873,7984198,3,3,0
7502873,7984198,4,4,0
7502873,7984198,5,5,0
7502873,7984198,6,6,0
7502873,7984198,7,7,0
7502873,7984198,8,8,0
7502873,7984198,9,9,0
7502873,7984198,10,10,0
7502873,7984198,11,11,0
7502873,7984198,12,12,0
7502873,7984198,13,13,0
5293267,6211916,1,5,-4
5293267,6211916,2,13,-11
5293267,6211916,4,11,-7
5293267,6211916,10,1,9
5293267,6211916,13,9,4
4184731,4438675,4,12,-8
4184731,4438675,7,11,-4
4173592,5059665,7,7,0
6878611,7888197,2,1,1
7233843,8538593,2,11,-9
5336989,7176705,3,10,-7
4494268,8281447,2,6,-4
4494268,8281447,3,2,1
4494268,8281447,4,1,3
4494268,8281447,6,12,-6
5548659,6031934,1,2,-1
5512658,7314625,1,2,-1
5512658,7314625,3,9,-6
5512658,7314625,11,6,5
4699045,6875102,13,2,11
6963301,8237606,11,9,2
4511800,7078727,3,1,2
4511800,7078727,6,3,3
6080579,8226715,11,2,9
6620518,7247513,7,13,-6
6620518,7247513,12,8,4
5015958,8234910,11,9,2
5015958,8234910,13,11,2
4904487,8729437,2,1,1
4904487,8729437,3,8,-5
4904487,8729437,5,6,-1
4904487,8729437,6,5,1
6493364,7616884,3,13,-10
5269794,6358263,3,2,1
5269794,6358263,13,9,4
6885107,7638813,1,1,0
6885107,7638813,2,2,0
6885107,7638813,3,3,0
6885107,7638813,4,4,0
6885107,7638813,5,5,0
6885107,7638813,6,6,0
6885107,7638813,7,7,0
6885107,7638813,8,8,0
6885107,7638813,9,9,0
6885107,7638813,10,10,0
6885107,7638813,11,11,0
6885107,7638813,12,12,0
6885107,7638813,13,13,0
6375439,7878006,1,2,-1
6375439,7878006,2,7,-5
6375439,7878006,5,9,-4
5583494,8625956,2,1,1
5583494,8625956,8,10,-2
5550549,6314055,3,10,-7
5550549,6314055,8,11,-3
5550549,6314055,12,9,3
4910349,6518474,1,3,-2
4910349,6518474,2,7,-5
4910349,6518474,5,12,-7
5290078,6485072,2,3,-1
5290078,6485072,3,4,-1
5290078,6485072,4,1,3
5290078,6485072,6,8,-2
5290078,6485072,7,6,1
5467773,8438038,1,9,-8
5467773,8438038,6,2,4
6123264,7546954,2,1,1
6123264,7546954,4,2,2
6123264,7546954,10,5,5
3986440,6405913,2,7,-5
3986440,6405913,3,8,-5
3986440,6405913,13,9,4
5287504,6625641,4,2,2
5287504,6625641,5,1,4
5287504,6625641,7,13,-6
4158875,4956746,1,8,-7
4158875,4956746,10,3,7
4007751,8353474,2,2,0
7347787,8287393,1,12,-11
7347787,8287393,2,10,-8
7347787,8287393,7,7,0
5505372,8123072,1,1,0
4864438,6490648,2,1,1
5514539,7115400,4,4,0
5514539,7115400,11,6,5
5514539,7115400,12,2,10
5428368,6545667,4,4,0
6474402,6612362,2,1,1
6474402,6612362,5,2,3
6358248,7998140,1,3,-2
6358248,7998140,3,1,2
6358248,7998140,4,4,0
6358248,7998140,5,2,3
6358248,7998140,8,5,3
6238286,8585475,1,2,-1
6238286,8585475,2,4,-2
6238286,8585475,3,10,-7
6238286,8585475,4,5,-1
6238286,8585475,5,9,-4
4819443,5642858,1,5,-4
4819443,5642858,3,2,1
4819443,5642858,4,10,-6
4819443,5642858,6,7,-1
5085484,7784858,4,6,-2
5085484,7784858,6,9,-3
5085484,7784858,9,7,2
4414426,7075012,1,7,-6
4363744,6492032,1,1,0
4363744,6492032,2,11,-9
4363744,6492032,3,2,1
4363744,6492032,4,5,-1
4363744,6492032,6,6,0
4363744,6492032,11,4,7
7608059,8277196,1,5,-4
7608059,8277196,10,4,6
6990428,7406320,4,1,3
6990428,7406320,10,8,2
6990428,7406320,12,10,2
5239720,5377382,1,1,0
4412375,6146972,4,1,3
4412375,6146972,6,2,4
4353090,4638376,2,10,-8
4353090,4638376,3,2,1
4353090,4638376,6,1,5
4353090,4638376,7,13,-6
6598397,7428816,1,12,-11
6598397,7428816,3,7,-4
6598397,7428816,5,1,4
6598397,7428816,8,2,6
6598397,7428816,10,5,5
6326884,7054696,5,11,-6
5656272,8153131,2,1,1
6634759,7988309,11,6,5
5377671,8151790,1,13,-12
5377671,8151790,2,2,0
5377671,8151790,5,1,4
5377671,8151790,13,6,7
4186784,4527605,6,2,4
4186784,4527605,12,6,6
6095266,7571779,2,4,-2
6095266,7571779,3,3,0
6095266,7571779,5,1,4
6095266,7571779,8,8,0
6095266,7571779,12,6,6
6429437,7696482,5,2,3
4957574,6521071,1,1,0
4957574,6521071,3,2,1
4957574,6521071,4,5,-1
6573907,7614016,1,1,0
4276760,8347667,1,5,-4
4276760,8347667,3,1,2
4276760,8347667,8,10,-2
4276760,8347667,9,2,7
7372574,7933020,1,1,0
7372574,7933020,3,5,-2
7372574,7933020,6,4,2
7372574,7933020,10,8,2
7372574,7933020,11,9,2
7372574,7933020,12,11,1
7017146,7441238,5,6,-1
7017146,7441238,8,4,4
8006186,8357847,12,11,1
6539432,7830869,3,1,2
6539432,7830869,8,6,2
6539432,7830869,9,9,0
4371752,4864301,2,7,-5
6350241,6520915,1,7,-6
6350241,6520915,12,4,8
4936862,7931470,13,13,0
5124519,7074918,6,3,3
5124519,7074918,7,6,1
5118503,7700123,2,2,0
5118503,7700123,8,1,7
5118503,7700123,12,3,9
4773156,8229586,6,4,2
7070112,8016191,7,3,4
6481392,7086355,1,10,-9
6481392,7086355,3,5,-2
6481392,7086355,5,1,4
6481392,7086355,10,4,6
6481392,7086355,13,6,7
7009289,7651938,8,2,6
7009289,7651938,9,4,5
6872323,7887637,1,3,-2
6872323,7887637,3,8,-5
6872323,7887637,8,12,-4
6872323,7887637,11,2,9
5652409,6230628,3,6,-3
5019090,7604700,1,1,0
6026091,7106748,2,1,1
6026091,7106748,9,5,4
4637855,4722763,7,10,-3
6514788,8363463,7,11,-4
6978809,7373957,1,1,0
6978809,7373957,2,5,-3
6978809,7373957,3,2,1
6978809,7373957,8,3,5
6978809,7373957,9,4,5
6978809,7373957,10,6,4
7138606,8273670,1,2,-1
7566776,8568735,1,4,-3
7566776,8568735,6,7,-1
6516627,6868695,2,3,-1
6516627,6868695,4,4,0
6516627,6868695,6,8,-2
6516627,6868695,13,6,7
4961696,6494701,5,4,1
4961696,6494701,11,10,1
7605549,8279564,1,1,0
7605549,8279564,3,7,-4
7605549,8279564,10,13,-3
4289934,6064973,11,6,5
7241219,8376845,4,3,1
5387013,6066594,6,3,3
4865038,5217013,6,13,-7
4865038,5217013,12,3,9
6961134,7394568,1,1,0
6961134,7394568,2,2,0
6961134,7394568,3,3,0
6961134,7394568,4,7,-3
6961134,7394568,5,4,1
6961134,7394568,6,6,0
6961134,7394568,8,8,0
6961134,7394568,9,5,4
6961134,7394568,10,10,0
6961134,7394568,13,9,4
5528256,7098884,2,8,-6
5528256,7098884,6,1,5
6612895,7451667,9,11,-2
5224922,7276020,1,4,-3
5224922,7276020,2,12,-10
5224922,7276020,4,3,1
4843009,5629170,6,2,4
7845993,8668531,1,1,0
7845993,8668531,4,12,-8
7845993,8668531,9,7,2
5074392,6861765,1,2,-1
5074392,6861765,13,8,5
3941526,4717319,1,1,0
3941526,4717319,2,4,-2
3941526,4717319,8,10,-2
4595730,7156755,8,2,6
4053231,4311390,2,5,-3
7161978,7987340,5,4,1
7504074,8691154,1,10,-9
6068446,8197218,2,1,1
6068446,8197218,9,11,-2
4093539,5326459,2,3,-1
4093539,5326459,3,2,1
4093539,5326459,6,4,2
4093539,5326459,8,10,-2
4093539,5326459,9,1,8
4093539,5326459,11,7,4
6244401,8387764,7,2,5
4550697,5199388,1,2,-1
4819267,5163097,2,5,-3
4819267,5163097,4,7,-3
4819267,5163097,6,1,5
4758952,5555813,1,12,-11
4758952,5555813,2,1,1
4758952,5555813,3,6,-3
4150984,4300952,1,8,-7
4150984,4300952,2,1,1
4150984,4300952,5,10,-5
4150984,4300952,10,5,5
6360743,8303991,1,2,-1
6360743,8303991,2,5,-3
6360743,8303991,6,6,0
4571734,5278868,13,3,10
4072859,5187355,1,11,-10
5292584,6641769,2,2,0
5292584,6641769,3,7,-4
5292584,6641769,5,1,4
5292584,6641769,12,6,6
5562724,6663651,9,8,1
6131149,7702057,9,4,5
6477233,7734012,3,4,-1
6292575,7693311,8,2,6
4758221,7704245,1,4,-3
4758221,7704245,8,3,5
7180705,7477483,2,2,0
7180705,7477483,3,1,2
7180705,7477483,4,6,-2
7180705,7477483,7,3,4
7180705,7477483,8,8,0
5559860,6075984,4,1,3
5559860,6075984,7,5,2
5452325,8165260,1,11,-10
6918722,7713009,1,3,-2
3989066,4661719,6,2,4
3989066,4661719,8,8,0
6886479,7686392,3,5,-2
6886479,7686392,9,1,8
4487695,5378364,1,1,0
4487695,5378364,2,3,-1
4487695,5378364,6,4,2
3994423,6371331,4,2,2
3994423,6371331,6,6,0
4718756,7888629,1,4,-3
4718756,7888629,5,2,3
4718756,7888629,8,3,5
4724765,6540176,1,1,0
4724765,6540176,6,9,-3
5293849,8136503,1,9,-8
5293849,8136503,3,3,0
5293849,8136503,8,1,7
6166729,7640567,2,1,1
6166729,7640567,6,3,3
4427421,7267529,3,1,2
4427421,7267529,8,11,-3
4427421,7267529,11,10,1
5327337,5548502,1,13,-12
5327337,5548502,3,9,-6
4459600,6536864,10,10,0
4459600,6536864,12,1,11
4459600,6536864,13,7,6
4969896,6210380,9,4,5
4839641,5241305,1,1,0
4839641,5241305,2,3,-1
5573116,6494329,4,2,2
5573116,6494329,7,1,6
4905176,7145933,1,1,0
4899112,5144245,1,10,-9
4899112,5144245,5,1,4
4899112,5144245,8,6,2
4899112,5144245,9,7,2
5520161,6295815,1,7,-6
5520161,6295815,2,1,1
5520161,6295815,3,6,-3
4035453,4957667,1,1,0
4035453,4957667,2,12,-10
4035453,4957667,3,6,-3
4035453,4957667,4,9,-5
6847892,8489132,5,7,-2
4449787,4698857,4,6,-2
4449787,4698857,7,5,2
4449787,4698857,9,7,2
6377573,7567509,3,2,1
4392534,7730965,9,7,2
4690508,8325986,3,3,0
5085660,7090676,6,2,4
5085660,7090676,13,1,12
6142771,6599123,4,7,-3
6142771,6599123,5,6,-1
6142771,6599123,6,1,5
6142771,6599123,13,4,9
6466047,7952169,12,12,0
5174291,6251260,13,6,7
4921910,6204354,6,11,-5
5042531,7806145,2,4,-2
5042531,7806145,5,2,3
5269397,6550565,4,3,1
5269397,6550565,6,8,-2
5262868,5365221,4,2,2
5262868,5365221,5,9,-4
5283513,8125324,2,3,-1
5283513,8125324,3,7,-4
5283513,8125324,5,13,-8
5283513,8125324,7,1,6
3937812,4571386,1,1,0
3937812,4571386,4,5,-1
3937812,4571386,8,6,2
3937812,4571386,9,10,-1
3937812,4571386,11,12,-1
7665670,8437941,9,6,3
6887069,7721553,2,2,0
6887069,7721553,3,8,-5
6887069,7721553,6,10,-4
6887069,7721553,11,3,8
4699251,4977980,5,3,2
4699251,4977980,13,5,8
4282871,4634425,1,1,0
4282871,4634425,3,5,-2
4282871,4634425,5,4,1
4282871,4634425,8,2,6
7107551,8264009,1,9,-8
5065008,5241364,1,2,-1
5065008,5241364,2,1,1
5065008,5241364,4,11,-7
5065008,5241364,8,8,0
5065008,5241364,9,3,6
5065008,5241364,11,13,-2
5396959,8336920,1,1,0
5396959,8336920,11,5,6
6608892,8281326,2,4,-2
6608892,8281326,6,1,5
6608892,8281326,9,13,-4
7318406,8752520,1,2,-1
7318406,8752520,5,5,0
7318406,8752520,6,8,-2
7318406,8752520,11,11,0
5266901,7088107,8,11,-3
5046032,7062861,1,2,-1
5046032,7062861,4,6,-2
5046032,7062861,12,7,5
7265404,8273666,2,9,-7
7265404,8273666,4,4,0
7265404,8273666,6,6,0
7265404,8273666,7,2,5
6413576,7294217,1,7,-6
6413576,7294217,2,3,-1
5372600,6981964,1,3,-2
4838993,8361872,1,2,-1
4838993,8361872,4,11,-7
4838993,8361872,5,3,2
4838993,8361872,10,8,2
3993963,4269635,2,1,1
3993963,4269635,3,6,-3
3993963,4269635,10,9,1
3993963,4269635,11,2,9
5312647,5395662,1,3,-2
5312647,5395662,2,1,1
5312647,5395662,3,4,-1
5312647,5395662,4,6,-2
5312647,5395662,6,7,-1
5312647,5395662,7,8,-1
5312647,5395662,8,9,-1
5312647,5395662,9,10,-1
5097099,5384430,3,4,-1
5097099,5384430,4,5,-1
6935211,7946203,3,1,2
6614259,7759705,1,3,-2
7340540,7540426,1,2,-1
4466699,8670129,1,8,-7
4466699,8670129,2,9,-7
4466699,8670129,5,3,2
4466699,8670129,6,1,5
6412070,7487548,2,4,-2
6412070,7487548,4,2,2
5146221,8417833,2,4,-2
5146221,8417833,13,1,12
4875055,6242266,3,11,-8
4875055,6242266,10,6,4
4875055,6242266,11,12,-1
5343916,8061398,2,1,1
5343916,8061398,8,7,1
6275419,7900102,3,2,1
6275419,7900102,6,13,-7
7222380,8262568,2,9,-7
7222380,8262568,3,2,1
4139182,4796515,1,4,-3
4139182,4796515,3,1,2
4139182,4796515,4,8,-4
4139182,4796515,10,10,0
6169391,6448749,5,3,2
6169391,6448749,11,6,5
5307325,7716008,1,4,-3
4359561,6310163,2,11,-9
4359561,6310163,4,6,-2
5243503,6190030,6,4,2
6549830,7055473,4,13,-9
4353430,6581491,1,1,0
4353430,6581491,13,7,6
6434042,7471567,2,8,-6
6434042,7471567,3,11,-8
4047757,6357827,1,1,0
4047757,6357827,13,6,7
6351552,8433126,1,1,0
6351552,8433126,11,9,2
6351552,8433126,13,10,3
4813234,5168703,1,7,-6
4813234,5168703,3,10,-7
4813234,5168703,5,5,0
6156573,7927598,2,1,1
6156573,7927598,3,2,1
6156573,7927598,4,11,-7
6156573,7927598,5,3,2
6156573,7927598,6,4,2
6156573,7927598,7,5,2
6156573,7927598,8,6,2
6156573,7927598,9,7,2
6156573,7927598,10,8,2
6156573,7927598,12,10,2
6156573,7927598,13,12,1
6195844,7690086,3,5,-2
6195844,7690086,5,4,1
6195844,7690086,10,7,3
6195844,7690086,11,2,9
6590082,7758268,4,6,-2
6590082,7758268,7,12,-5
4170742,8189851,2,7,-5
4170742,8189851,3,8,-5
4170742,8189851,5,1,4
4170742,8189851,7,4,3
6422224,8096290,2,5,-3
6422224,8096290,4,9,-5
6606575,7456646,1,4,-3
5354298,7074203,2,5,-3
5354298,7074203,10,9,1
4854386,6408945,1,3,-2
4854386,6408945,3,7,-4
4915986,5201955,1,1,0
4915986,5201955,3,2,1
4915986,5201955,4,8,-4
4915986,5201955,5,4,1
4915986,5201955,12,5,7
4704664,7757369,5,2,3
5261889,5405376,3,2,1
5261889,5405376,4,3,1
5261889,5405376,6,6,0
5261889,5405376,13,5,8
4492337,7582843,4,1,3
4492337,7582843,13,11,2
7813171,8291271,1,4,-3
7813171,8291271,2,10,-8
7813171,8291271,10,8,2
5272165,7244765,12,6,6
6855979,7704830,1,12,-11
6855979,7704830,2,11,-9
6855979,7704830,4,5,-1
6855979,7704830,10,7,3
4712900,6466746,1,7,-6
4712900,6466746,4,4,0
4928387,5081520,3,11,-8
6494589,6648488,3,8,-5
6494589,6648488,5,1,4
6611141,8623030,7,9,-2
6611141,8623030,10,10,0
5106449,6523304,6,4,2
5106449,6523304,9,1,8
7605762,7733274,1,10,-9
7605762,7733274,3,11,-8
3969853,7140319,2,2,0
3969853,7140319,12,11,1
7905833,8461985,2,1,1
7905833,8461985,11,3,8
6663647,7682400,9,8,1
6663647,7682400,13,9,4
4070182,6251163,7,3,4
4070182,6251163,12,2,10
6088171,8289619,3,9,-6
5488514,7113263,2,4,-2
5488514,7113263,5,2,3
6944814,7500138,1,11,-10
6944814,7500138,2,5,-3
6944814,7500138,7,12,-5
6133912,7500258,11,9,2
7430957,7938574,7,3,4
5652622,7692706,2,3,-1
5652622,7692706,5,1,4
7605789,8338835,1,2,-1
7605789,8338835,5,3,2
7605789,8338835,8,7,1
7605789,8338835,9,11,-2
6910962,8282472,4,2,2
5511752,8028850,8,8,0
3946989,4437546,9,2,7
5626906,7118959,3,4,-1
5626906,7118959,4,3,1
5251651,6895977,1,1,0
5251651,6895977,2,5,-3
6670064,6966327,2,12,-10
6670064,6966327,10,4,6
6670064,6966327,11,8,3
7468401,7955411,2,2,0
7468401,7955411,10,1,9
5593782,7029763,2,2,0
5593782,7029763,3,4,-1
5593782,7029763,5,7,-2
6270572,7871470,10,7,3
4775276,8272824,1,2,-1
4955516,6182464,2,8,-6
6663683,7553465,1,1,0
6663683,7553465,2,12,-10
6663683,7553465,5,4,1
6656189,8439917,7,5,2
4452450,6068558,1,2,-1
4452450,6068558,3,7,-4
4452450,6068558,4,11,-7
4452450,6068558,8,3,5
5325096,6243024,5,2,3
5156885,6193908,2,4,-2
5156885,6193908,3,1,2
5156885,6193908,5,3,2
6548494,7732491,4,4,0
6631837,6945444,1,2,-1
6631837,6945444,4,1,3
6631837,6945444,11,7,4
5488010,6461918,2,4,-2
5283141,6913938,3,6,-3
7508668,8125781,2,1,1
4353064,5157389,2,12,-10
4353064,5157389,4,2,2
4353064,5157389,5,8,-3
4353064,5157389,9,9,0
5001559,7873225,5,1,4
5001559,7873225,13,6,7
7007337,8458848,1,2,-1
7007337,8458848,2,5,-3
7007337,8458848,3,1,2
7007337,8458848,4,8,-4
7007337,8458848,6,6,0
7007337,8458848,11,7,4
6619550,8678286,3,1,2
4090951,4816138,13,10,3
3974347,7960648,5,5,0
3974347,7960648,8,9,-1
4886316,5588703,1,1,0
4886316,5588703,2,7,-5
4886316,5588703,4,3,1
4886316,5588703,6,9,-3
6961859,8095815,11,13,-2
5210542,6396442,3,2,1
5210542,6396442,4,6,-2
6402465,7956481,5,2,3
6917652,7911537,1,5,-4
6917652,7911537,3,3,0
6917652,7911537,9,6,3
6917652,7911537,10,1,9
4762463,5189412,7,10,-3
4762463,5189412,8,1,7
5025870,8061438,2,4,-2
5025870,8061438,5,11,-6
5025870,8061438,6,2,4
5025870,8061438,9,9,0
5025870,8061438,13,5,8
5526480,8522155,8,10,-2
5526480,8522155,13,12,1
4803984,8574244,1,1,0
4803984,8574244,5,3,2
4803984,8574244,10,7,3
4670337,5456977,1,1,0
4670337,5456977,4,13,-9
4670337,5456977,7,7,0
4670337,5456977,8,9,-1
4670337,5456977,9,10,-1
4670337,5456977,11,8,3
7125422,8034106,4,8,-4
7125422,8034106,6,6,0
7125422,8034106,7,12,-5
7125422,8034106,9,7,2
4858157,5566246,8,4,4
5643253,8109981,6,6,0
4769159,8058224,2,3,-1
4769159,8058224,3,6,-3
6243177,6600913,10,2,8
4083245,8360060,2,4,-2
4724396,6064259,1,2,-1
4724396,6064259,10,1,9
5644355,7730512,1,4,-3
5644355,7730512,4,8,-4
5644355,7730512,5,2,3
5644355,7730512,6,1,5
4077220,8651240,7,7,0
4077220,8651240,10,1,9
6353390,8742922,5,2,3
6353390,8742922,12,4,8
5644736,6985914,4,1,3
7286174,7800667,2,1,1
7286174,7800667,4,5,-1
4769292,8339386,2,5,-3
6566667,8265110,3,3,0
6237061,7889727,1,4,-3
6237061,7889727,5,7,-2
6237061,7889727,12,2,10
5259626,6497618,1,8,-7
7048703,7441294,1,3,-2
4529689,6528244,1,13,-12
4529689,6528244,7,4,3
4529689,6528244,10,1,9
6369460,7908101,1,12,-11
6369460,7908101,4,2,2
4017070,8500609,2,9,-7
5526822,8328732,5,6,-1
5281388,8043453,1,3,-2
5281388,8043453,12,5,7
5177437,7746088,6,1,5
5330226,7543848,2,4,-2
5330226,7543848,7,6,1
5330226,7543848,12,3,9
5170637,6427484,1,3,-2
5170637,6427484,3,8,-5
5170637,6427484,7,2,5
6561900,7601062,2,4,-2
6561900,7601062,5,2,3
4910874,5072716,1,2,-1
4910874,5072716,2,8,-6
4910874,5072716,3,5,-2
4910874,5072716,7,1,6
4910874,5072716,11,3,8
4910874,5072716,12,7,5
4190493,5288561,7,9,-2
4190493,5288561,12,2,10
6930707,7761453,2,2,0
6930707,7761453,9,9,0
6253109,7620455,2,6,-4
6253109,7620455,7,11,-4
6401462,7111465,1,1,0
6428019,7290772,1,4,-3
6428019,7290772,2,2,0
6428019,7290772,5,8,-3
6428019,7290772,7,13,-6
6428019,7290772,13,6,7
6641629,7854984,1,10,-9
6641629,7854984,2,11,-9
6641629,7854984,5,13,-8
6641629,7854984,10,2,8
4639697,6400062,2,3,-1
4639697,6400062,12,2,10
6380798,6483375,2,12,-10
6380798,6483375,3,1,2
7668806,8521768,4,13,-9
7668806,8521768,7,5,2
7668806,8521768,9,9,0
7302675,8327280,1,1,0
7302675,8327280,3,3,0
6486589,6870303,7,13,-6
6486589,6870303,10,1,9
7123152,7289815,5,2,3
7123152,7289815,7,10,-3
4194830,4628860,1,1,0
4194830,4628860,13,12,1
4440750,8202539,3,2,1
4440750,8202539,7,4,3
7227183,8587034,3,7,-4
7227183,8587034,13,8,5
6284988,7086768,5,2,3
5294931,5602538,1,1,0
5294931,5602538,2,2,0
5294931,5602538,8,6,2
4495149,6991713,2,9,-7
5364398,8740905,3,13,-10
5364398,8740905,7,1,6
6483663,7073250,1,4,-3
6148414,8074003,9,12,-3
5282651,5430277,11,4,7
5282651,5430277,12,3,9
6567860,7174549,4,8,-4
6903900,7718218,1,1,0
6903900,7718218,2,2,0
6903900,7718218,3,10,-7
6903900,7718218,5,5,0
6903900,7718218,6,11,-5
6903900,7718218,8,8,0
4987065,6225625,7,8,-1
4987065,6225625,13,4,9
5508273,8546358,3,4,-1
5508273,8546358,13,9,4
4543162,5133836,1,1,0
4543162,5133836,2,2,0
4543162,5133836,3,9,-6
6196348,6904985,7,10,-3
4620141,7388182,1,5,-4
4620141,7388182,10,8,2
6953375,8520285,3,2,1
6953375,8520285,8,5,3
6280327,8479240,4,3,1
5482202,7204950,4,11,-7
6309351,7885699,1,2,-1
6309351,7885699,8,5,3
6428127,8237052,1,4,-3
5375064,6521470,13,4,9
4051477,4684952,2,3,-1
6495090,8486102,1,4,-3
6495090,8486102,2,2,0
7171286,8160747,1,1,0
7171286,8160747,3,13,-10
6293606,7000971,1,1,0
6293606,7000971,4,12,-8
5328609,7258781,2,1,1
5328609,7258781,3,7,-4
5266967,6509919,1,1,0
5266967,6509919,7,3,4
6343341,7050455,9,7,2
6276693,7293780,3,1,2
6276693,7293780,4,9,-5
6276693,7293780,6,8,-2
6276693,7293780,7,12,-5
6276693,7293780,8,2,6
6276693,7293780,9,4,5
6276693,7293780,11,5,6
7873344,8635335,4,4,0
7873344,8635335,5,1,4
5407293,8608045,9,7,2
3957459,4276062,2,1,1
3957459,4276062,3,5,-2
3957459,4276062,6,3,3
3967941,7108737,2,1,1
5330442,8579918,3,2,1
6401526,7094386,1,1,0
6401526,7094386,13,3,10
4076147,8720769,4,7,-3
6175860,8289991,1,5,-4
6175860,8289991,7,1,6
6099593,7578856,2,2,0
6099593,7578856,3,10,-7
6099593,7578856,11,11,0
4009406,4823038,5,8,-3
7181740,7996498,11,8,3
6217576,7651494,12,12,0
6199886,6595538,2,4,-2
6199886,6595538,4,9,-5
6199886,6595538,5,1,4
4275834,4982903,4,8,-4
4275834,4982903,8,6,2
5089865,5545581,8,13,-5
6195051,7123209,3,1,2
4055737,6379196,4,5,-1
7540484,8342634,6,1,5
7540484,8342634,11,5,6
5327575,8200155,5,10,-5
5327575,8200155,11,4,7
6528853,7148543,3,1,2
6528853,7148543,4,12,-8
6528853,7148543,5,2,3
6528853,7148543,7,5,2
6528853,7148543,10,11,-1
6212171,7073011,9,7,2
5572648,7779343,4,7,-3
5572648,7779343,11,3,8
7030749,7509494,3,10,-7
4333613,4720049,2,12,-10
4333613,4720049,4,4,0
4333613,4720049,5,8,-3
7396728,8647941,1,10,-9
7396728,8647941,2,12,-10
7396728,8647941,5,1,4
7396728,8647941,10,3,7
7396728,8647941,11,11,0
4366624,4782599,1,1,0
4366624,4782599,8,2,6
7408135,8391568,3,3,0
6321211,7346591,3,1,2
4766365,6525265,2,12,-10
6912568,7792931,5,1,4
6512395,8402313,1,3,-2
6512395,8402313,4,9,-5
6512395,8402313,5,5,0
6297674,8735944,5,5,0
6297674,8735944,13,6,7
4682724,7690549,2,8,-6
4682724,7690549,7,4,3
4321122,6842023,1,2,-1
4321122,6842023,4,12,-8
4321122,6842023,11,4,7
4321122,6842023,12,11,1
5040684,7299926,5,5,0
5023012,8673142,1,1,0
4278089,8025650,2,1,1
4835839,7323799,5,1,4
6171729,6844106,1,7,-6
6171729,6844106,3,10,-7
7076453,7756816,7,9,-2
5024837,6063756,4,5,-1
5024837,6063756,5,10,-5
6219339,6993030,3,1,2
6219339,6993030,12,12,0
6262564,8477514,4,9,-5
6262564,8477514,10,2,8
6262564,8477514,11,12,-1
6262564,8477514,13,1,12
7413981,8551823,3,13,-10
7413981,8551823,9,2,7
7413981,8551823,13,9,4
4981957,6281201,8,4,4
4981957,6281201,10,1,9
4934928,5277108,3,2,1
4934928,5277108,6,9,-3
4934928,5277108,7,7,0
4112326,4777403,1,1,0
4755426,7264850,1,7,-6
4755426,7264850,5,13,-8
4755426,7264850,8,12,-4
6599308,8663273,7,4,3
6599308,8663273,11,1,10
7602378,8434003,3,5,-2
8073117,8638915,1,1,0
8073117,8638915,2,2,0
8073117,8638915,3,3,0
8073117,8638915,4,4,0
8073117,8638915,5,5,0
8073117,8638915,6,6,0
8073117,8638915,7,7,0
8073117,8638915,8,8,0
8073117,8638915,9,9,0
8073117,8638915,10,10,0
8073117,8638915,11,11,0
8073117,8638915,12,12,0
8073117,8638915,13,13,0
4973632,8598405,2,7,-5
4973632,8598405,4,10,-6
4973632,8598405,5,11,-6
4973632,8598405,6,13,-7
4973632,8598405,9,6,3
5358096,6471048,1,5,-4
5358096,6471048,3,3,0
5358096,6471048,5,1,4
6666515,7578556,2,1,1
5384598,7949043,1,1,0
5384598,7949043,2,2,0
5384598,7949043,3,5,-2
5384598,7949043,4,8,-4
5384598,7949043,8,7,1
6204711,7924061,1,1,0
6204711,7924061,3,9,-6
6435375,6650962,1,2,-1
6435375,6650962,6,5,1
6435375,6650962,8,3,5
6435375,6650962,11,8,3
6262630,7697903,2,2,0
6262630,7697903,13,10,3
5015231,8690905,4,13,-9
5015231,8690905,8,5,3
6344057,8057515,12,2,10
5489270,6210362,1,12,-11
5489270,6210362,5,8,-3
5489270,6210362,6,1,5
5489270,6210362,9,7,2
5489270,6210362,10,4,6
4486714,4669299,1,1,0
4486714,4669299,2,7,-5
4486714,4669299,4,2,2
4486714,4669299,7,3,4
4486714,4669299,9,11,-2
4486714,4669299,13,9,4
6339811,8756361,12,13,-1
6339811,8756361,13,6,7
4001067,6085820,6,9,-3
6249056,6995470,4,7,-3
6249056,6995470,10,6,4
4410294,7913472,1,2,-1
4009260,7833147,1,1,0
4009260,7833147,5,8,-3
5523201,6074812,1,5,-4
5523201,6074812,2,11,-9
5523201,6074812,5,2,3
5523201,6074812,13,12,1
7304403,7982342,1,2,-1
7304403,7982342,4,10,-6
7304403,7982342,5,13,-8
7304403,7982342,8,12,-4
7304403,7982342,11,5,6
7304403,7982342,13,9,4
5186695,7299321,4,12,-8
6094058,7033920,1,12,-11
6094058,7033920,10,9,1
5531782,8406886,2,2,0
5531782,8406886,5,12,-7
5531782,8406886,10,4,6
4211387,7150299,2,10,-8
4211387,7150299,5,1,4
6944433,7379749,1,7,-6
6944433,7379749,6,13,-7
6944433,7379749,9,1,8
6944433,7379749,13,2,11
6988649,7967178,1,5,-4
6988649,7967178,9,11,-2
5097553,5245719,8,2,6
4338061,6925814,2,4,-2
4338061,6925814,9,9,0
4338061,6925814,13,1,12
5275623,7150759,2,1,1
5275623,7150759,5,2,3
5275623,7150759,9,10,-1
6847845,8200335,2,4,-2
6847845,8200335,6,1,5
6847845,8200335,9,9,0
6847845,8200335,11,12,-1
6847845,8200335,12,13,-1
7143430,8457475,2,4,-2
7143430,8457475,11,2,9
6650917,8505821,4,5,-1
6432526,7972691,1,1,0
6432526,7972691,2,10,-8
6432526,7972691,9,2,7
5395493,5503720,10,8,2
5492192,8676461,5,8,-3
5492192,8676461,9,4,5
5067579,5335744,1,1,0
5067579,5335744,3,6,-3
5067579,5335744,5,11,-6
5067579,5335744,6,7,-1
5067579,5335744,9,2,7
4379632,4459018,10,11,-1
4114225,6081959,2,1,1
4114225,6081959,7,3,4
6875339,8282810,7,7,0
4557375,5098144,6,6,0
6466932,8095970,4,10,-6
6466932,8095970,7,3,4
6466932,8095970,10,7,3
7199359,7720374,5,4,1
7199359,7720374,12,2,10
4640830,4855119,3,1,2
4640830,4855119,4,2,2
4640830,4855119,6,7,-1
4640830,4855119,9,9,0
6435132,8464656,1,8,-7
6435132,8464656,4,3,1
6435132,8464656,8,9,-1
6435132,8464656,10,1,9
5278585,6485132,3,9,-6
5278585,6485132,11,5,6
5278585,6485132,13,11,2
7397459,8149025,3,2,1
7397459,8149025,4,3,1
7397459,8149025,13,7,6
4179832,6626559,1,4,-3
4179832,6626559,9,2,7
4698730,7230280,1,9,-8
4698730,7230280,2,3,-1
4698730,7230280,3,6,-3
4698730,7230280,5,10,-5
4698730,7230280,11,4,7
6908151,8282165,2,12,-10
6908151,8282165,3,5,-2
4502641,7150421,1,1,0
4502641,7150421,11,4,7
5585479,6306829,2,2,0
5585479,6306829,12,8,4
5197468,8571661,11,2,9
7342577,8436749,5,5,0
4313124,5471230,1,3,-2
4313124,5471230,3,1,2
4313124,5471230,6,10,-4
7752122,7849000,6,1,5
7809570,8296383,2,13,-11
7809570,8296383,3,3,0
7809570,8296383,11,8,3
4826441,5360352,8,2,6
4629921,7148596,2,1,1
4629921,7148596,10,2,8
6078904,8055563,2,5,-3
6514250,7250047,4,1,3
5249800,7758417,2,2,0
6200078,7959381,2,4,-2
6200078,7959381,5,3,2
5656480,7348423,3,1,2
5610821,8014937,4,11,-7
5610821,8014937,6,1,5
5610821,8014937,12,6,6
8116189,8270282,1,1,0
8116189,8270282,2,3,-1
8116189,8270282,3,4,-1
8116189,8270282,4,5,-1
8116189,8270282,5,6,-1
8116189,8270282,6,8,-2
8116189,8270282,7,9,-2
8116189,8270282,8,10,-2
8116189,8270282,9,11,-2
8116189,8270282,10,12,-2
8116189,8270282,11,13,-2
7434354,7805887,3,4,-1
6456643,6987790,2,7,-5
6456643,6987790,5,5,0
4595951,7774809,8,7,1
4898666,5375720,3,1,2
6363279,6957105,1,9,-8
4550197,5114601,2,1,1
4550197,5114601,8,9,-1
4316460,4637817,2,9,-7
4316460,4637817,8,7,1
4316460,4637817,9,4,5
7690324,8307779,7,3,4
7504304,8134199,1,10,-9
7504304,8134199,2,1,1
7504304,8134199,4,2,2
4324444,5352047,3,1,2
4324444,5352047,6,6,0
4324444,5352047,11,3,8
6070241,8489401,4,5,-1
6626089,8122818,6,3,3
6626089,8122818,7,11,-4
6626089,8122818,9,13,-4
6626089,8122818,10,4,6
4887595,8092504,1,13,-12
4887595,8092504,6,6,0
5524997,8002488,11,1,10
4016870,8682425,8,6,2
4016870,8682425,9,8,1
4016870,8682425,11,13,-2
4958470,5333435,1,5,-4
4958470,5333435,4,2,2
4958470,5333435,7,9,-2
4919963,5424082,3,1,2
4919963,5424082,6,3,3
4919963,5424082,9,4,5
4784508,6071030,2,1,1
4784508,6071030,3,6,-3
6374589,8549831,1,1,0
6374589,8549831,8,13,-5
5170439,7424089,5,13,-8
5170439,7424089,8,5,3
4146658,4452932,2,1,1
6380644,6882212,3,9,-6
6380644,6882212,4,8,-4
7460543,8254413,4,3,1
5649105,6915528,4,3,1
4071653,7622524,1,8,-7
6181004,6822876,13,3,10
7614567,8727611,1,2,-1
7614567,8727611,5,6,-1
6199564,6910487,3,2,1
6199564,6910487,5,10,-5
5490289,6128780,1,1,0
5490289,6128780,2,3,-1
5490289,6128780,12,2,10
5366523,6454822,1,1,0
5366523,6454822,2,8,-6
4366366,4745260,1,1,0
4366366,4745260,8,13,-5
4366366,4745260,13,8,5
6324263,8160226,1,6,-5
6324263,8160226,6,2,4
6324263,8160226,7,1,6
7065252,8218645,3,4,-1
7065252,8218645,8,1,7
6539531,7761983,13,5,8
4560860,6486448,1,1,0
4560860,6486448,3,3,0
4560860,6486448,5,6,-1
5311040,8546225,3,1,2
5311040,8546225,7,6,1
6479504,7723022,3,6,-3
6479504,7723022,4,8,-4
4536638,5589709,13,2,11
4084748,6538578,2,10,-8
4520752,4695480,1,4,-3
4520752,4695480,8,3,5
4520752,4695480,12,11,1
5234457,7323209,1,1,0
5402707,6966251,6,9,-3
4279522,5067833,1,1,0
4279522,5067833,2,11,-9
4279522,5067833,6,12,-6
5365051,8599488,2,5,-3
5365051,8599488,5,6,-1
5365051,8599488,8,3,5
6164267,8220437,1,1,0
6164267,8220437,2,2,0
5068874,5287387,6,2,4
5615749,7011339,1,1,0
5615749,7011339,8,4,4
7338168,7978894,2,2,0
6407301,8283511,1,3,-2
6407301,8283511,2,1,1
6407301,8283511,3,6,-3
6407301,8283511,4,4,0
6407301,8283511,5,7,-2
6407301,8283511,6,12,-6
6407301,8283511,7,2,5
6407301,8283511,8,11,-3
6407301,8283511,9,13,-4
6407301,8283511,10,5,5
4085427,5257149,2,4,-2
4500968,5393378,4,5,-1
4500968,5393378,11,11,0
6285002,6555781,1,1,0
6285002,6555781,2,2,0
6285002,6555781,4,5,-1
4924522,6466624,9,5,4
4924522,6466624,10,12,-2
5178834,5374395,12,7,5
6476363,7222527,4,7,-3
6476363,7222527,5,5,0
6476363,7222527,6,8,-2
6476363,7222527,11,4,7
6476363,7222527,12,1,11
6298563,7574808,9,6,3
6298563,7574808,13,2,11
6905080,7407116,2,2,0
4313124,5270738,1,4,-3
4313124,5270738,3,1,2
4313124,5270738,4,5,-1
4313124,5270738,6,8,-2
6523898,7273253,6,6,0
6523898,7273253,8,4,4
6523898,7273253,11,7,4
6523898,7273253,12,2,10
4476666,4720964,7,1,6
6515842,7974072,1,4,-3
6515842,7974072,2,6,-4
6515842,7974072,8,3,5
4000525,4280231,5,10,-5
4666961,5290827,1,1,0
4666961,5290827,4,10,-6
5167348,7244073,2,7,-5
5167348,7244073,6,1,5
4941481,5071279,3,2,1
5115978,5642860,1,7,-6
5115978,5642860,10,1,9
6150211,8354317,13,1,12
6908008,7717863,10,10,0
6895965,8596274,7,4,3
6085222,8291010,6,10,-4
4344929,5023088,1,2,-1
4344929,5023088,3,7,-4
7243295,7978793,13,13,0
4934993,5292299,11,6,5
6624458,8236643,2,1,1
6624458,8236643,3,6,-3
6624458,8236643,5,2,3
6624458,8236643,6,4,2
6624458,8236643,7,5,2
6624458,8236643,8,11,-3
6624458,8236643,9,3,6
6624458,8236643,12,8,4
4062132,6966130,2,9,-7
7157570,8008474,11,9,2
4211334,5005722,1,2,-1
4211334,5005722,2,1,1
4179827,5329706,1,7,-6
4179827,5329706,4,2,2
4495386,4841562,1,4,-3
7094684,7902670,9,3,6
5266203,8101083,2,6,-4
5266203,8101083,3,5,-2
3938287,5408787,2,1,1
4096863,5282791,8,7,1
4655746,5338301,1,3,-2
4655746,5338301,2,2,0
5523972,6091631,1,1,0
5523972,6091631,2,7,-5
5523972,6091631,3,6,-3
6157921,7890445,1,4,-3
6385428,7003253,10,5,5
6661498,7148957,1,7,-6
4806410,5328568,3,1,2
4806410,5328568,7,4,3
5603041,7484028,3,7,-4
5603041,7484028,6,3,3
5603041,7484028,13,1,12
4330812,4849858,9,5,4
4330812,4849858,11,10,1
7376038,8325511,9,12,-3
4891810,7272813,1,3,-2
4891810,7272813,3,9,-6
6949888,7999494,1,7,-6
6949888,7999494,2,3,-1
6949888,7999494,4,9,-5
6949888,7999494,9,12,-3
6949888,7999494,10,13,-3
5112162,6499917,4,6,-2
5240812,7335456,11,4,7
5240812,7335456,13,2,11
7136070,7755634,1,6,-5
7136070,7755634,6,5,1
7136070,7755634,8,7,1
7136070,7755634,9,10,-1
7136070,7755634,10,11,-1
6340366,6511505,3,1,2
6849920,7659629,4,13,-9
6849920,7659629,7,11,-4
6992864,7355818,4,11,-7
7091733,7667474,8,3,5
6373869,6452723,2,5,-3
6373869,6452723,6,3,3
5368261,7753321,2,2,0
5368261,7753321,6,5,1
6652508,8551021,2,11,-9
5392833,7222655,3,8,-5
5392833,7222655,5,7,-2
5309303,5581021,1,5,-4
5397328,7771428,1,1,0
5397328,7771428,6,3,3
4383422,7510098,5,2,3
4383422,7510098,6,5,1
5198402,6906112,12,3,9
4676670,6147619,1,3,-2
4676670,6147619,8,12,-4
7399643,8524450,3,8,-5
6370128,8255234,2,10,-8
4354922,5124027,9,8,1
4354922,5124027,13,13,0
4631099,5167913,2,7,-5
4631099,5167913,3,2,1
4241326,4394777,12,7,5
3970068,4640264,3,3,0
4858810,6916293,2,1,1
4359638,7049596,4,12,-8
4340903,8621547,7,9,-2
4503502,8276506,1,1,0
4503502,8276506,13,10,3
3999507,8359998,10,9,1
4026414,5072107,1,8,-7
4026414,5072107,3,5,-2
4026414,5072107,7,6,1
6347187,7536081,1,8,-7
4850741,7066683,1,4,-3
4850741,7066683,6,2,4
4850741,7066683,9,7,2
5042299,6938478,5,10,-5
5042299,6938478,13,4,9
6075743,6538949,2,1,1
5285238,8248702,2,3,-1
5285238,8248702,5,13,-8
5285238,8248702,8,8,0
5285238,8248702,9,1,8
5185159,6528091,1,7,-6
5638135,7068327,2,7,-5
5638135,7068327,5,8,-3
6914487,8461924,1,6,-5
6914487,8461924,2,4,-2
7174381,7930410,1,1,0
4980013,5615469,1,2,-1
4980013,5615469,10,13,-3
7707635,8065664,13,9,4
4309694,5481555,5,10,-5
7001451,7993437,7,6,1
7090663,8439893,2,5,-3
4880850,7649039,7,11,-4
7212663,8582866,4,3,1
7212663,8582866,8,13,-5
4005844,4289244,1,1,0
4005844,4289244,3,2,1
4005844,4289244,5,13,-8
6430741,7363614,1,1,0
6430741,7363614,4,2,2
5081667,7626951,4,11,-7
6122639,7099947,3,12,-9
4410343,4662918,1,2,-1
4410343,4662918,6,11,-5
4410343,4662918,7,5,2
4372846,5211849,1,2,-1
4372846,5211849,6,4,2
4372846,5211849,13,13,0
4390320,6224336,1,3,-2
4390320,6224336,7,4,3
4390320,6224336,11,1,10
6157662,6493370,2,1,1
6157662,6493370,3,4,-1
6157662,6493370,7,5,2
6157662,6493370,12,8,4
6527754,8075536,1,11,-10
6527754,8075536,2,3,-1
6527754,8075536,4,7,-3
5097129,6433957,2,3,-1
5097129,6433957,10,4,6
6509171,8044192,12,2,10
5169186,7070212,11,6,5
6370566,7844639,2,12,-10
6370566,7844639,11,9,2
4075755,4561799,1,5,-4
4075755,4561799,5,4,1
6884833,7695804,1,10,-9
4945412,7958527,3,11,-8
4945412,7958527,5,4,1
4945412,7958527,12,8,4
8170295,8559704,2,7,-5
8170295,8559704,4,9,-5
6901518,7457956,2,6,-4
6901518,7457956,4,2,2
6901518,7457956,5,4,1
6901518,7457956,7,5,2
6977911,8553851,1,2,-1
6977911,8553851,4,4,0
4831362,5179346,6,6,0
4831362,5179346,7,13,-6
4831362,5179346,8,9,-1
6434036,6567291,1,2,-1
6434036,6567291,2,1,1
6434036,6567291,3,3,0
6434036,6567291,4,5,-1
6434036,6567291,5,4,1
6434036,6567291,6,6,0
6434036,6567291,7,7,0
6434036,6567291,8,9,-1
6434036,6567291,9,10,-1
6434036,6567291,10,11,-1
6434036,6567291,11,12,-1
6434036,6567291,12,8,4
6434036,6567291,13,13,0
5630540,7997469,1,1,0
5630540,7997469,8,8,0
6536672,7694887,2,7,-5
6536672,7694887,6,11,-5
5634237,7024280,6,1,5
7096494,7725427,1,3,-2
6130098,7147441,5,2,3
4559449,4864130,1,11,-10
4559449,4864130,2,7,-5
5076595,5272808,1,3,-2
5076595,5272808,2,6,-4
5076595,5272808,3,1,2
5076595,5272808,5,5,0
5076595,5272808,6,8,-2
5076595,5272808,8,11,-3
5076595,5272808,13,12,1
4167564,5061815,1,2,-1
4167564,5061815,7,3,4
6081746,7209785,1,6,-5
6081746,7209785,2,7,-5
6081746,7209785,9,8,1
6571373,7824184,8,3,5
5624491,6251178,1,1,0
5624491,6251178,2,2,0
5624491,6251178,3,8,-5
5191451,8633886,8,4,4
4702033,4856224,1,8,-7
4702033,4856224,4,1,3
4702033,4856224,5,9,-4
4702033,4856224,12,4,8
4702033,4856224,13,7,6
5285332,5638231,2,1,1
5285332,5638231,8,10,-2
5285332,5638231,13,2,11
7010971,8161811,13,4,9
6273852,8348967,4,7,-3
6273852,8348967,7,11,-4
6273852,8348967,8,4,4
6273852,8348967,13,9,4
4361055,7451667,1,1,0
4361055,7451667,5,6,-1
6637205,6966183,3,13,-10
6637205,6966183,5,2,3
6637205,6966183,7,5,2
6637205,6966183,11,3,8
4621050,7094400,4,2,2
5024034,7788875,1,1,0
4939352,5475740,2,2,0
4939352,5475740,5,6,-1
4939352,5475740,6,10,-4
4939352,5475740,7,9,-2
4944527,6467805,8,2,6
5416890,8607167,9,7,2
5284399,7900490,2,9,-7
5284399,7900490,9,5,4
6840250,7237564,1,13,-12
6840250,7237564,3,5,-2
6066272,7790234,1,1,0
6066272,7790234,5,6,-1
5525310,7662348,1,5,-4
5525310,7662348,3,4,-1
6633573,6920105,3,3,0
6633573,6920105,5,12,-7
6633573,6920105,8,6,2
6633573,6920105,12,4,8
5563690,7376279,10,2,8
5515842,6644304,6,9,-3
5515842,6644304,12,6,6
4349987,7836983,5,6,-1
6214216,7070691,3,5,-2
6214216,7070691,11,8,3
6214216,7070691,12,1,11
4828323,5292118,2,2,0
4828323,5292118,4,3,1
6476444,7825462,1,12,-11
6476444,7825462,4,1,3
6476444,7825462,5,3,2
6476444,7825462,8,10,-2
6476444,7825462,11,2,9
6476444,7825462,13,13,0
7057921,8440330,2,4,-2
7057921,8440330,4,10,-6
7057921,8440330,5,1,4
4847961,5419037,8,2,6
4390876,5081402,11,3,8
4390876,5081402,13,1,12
6989149,8524264,4,13,-9
6989149,8524264,8,10,-2
5446676,8738335,11,2,9
4330260,7934926,1,6,-5
4330260,7934926,3,4,-1
4330260,7934926,7,1,6
4330260,7934926,12,5,7
6484055,6636764,2,13,-11
6484055,6636764,7,8,-1
6484055,6636764,10,4,6
6119135,6338075,2,7,-5
6368197,6962520,7,5,2
6368197,6962520,12,7,5
5154107,6210121,10,4,6
4883736,6194116,1,1,0
4883736,6194116,3,5,-2
5419559,8206242,2,1,1
5419559,8206242,5,2,3
5347229,7660562,1,4,-3
5347229,7660562,7,13,-6
5347229,7660562,12,7,5
5527713,6489309,6,6,0
5527713,6489309,7,5,2
5527713,6489309,13,11,2
7670016,8577549,5,5,0
7670016,8577549,6,9,-3
7670016,8577549,10,1,9
4636784,7499208,8,8,0
3993556,4388176,1,1,0
3993556,4388176,8,7,1
3993556,4388176,11,3,8
7009859,8378656,3,8,-5
7604666,7850737,1,7,-6
7604666,7850737,5,5,0
6208266,7142106,1,6,-5
6208266,7142106,13,8,5
4979137,5200901,1,1,0
4979137,5200901,2,3,-1
4979137,5200901,3,4,-1
4979137,5200901,4,5,-1
4979137,5200901,5,8,-3
4979137,5200901,6,9,-3
4979137,5200901,7,11,-4
4979137,5200901,8,12,-4
4979137,5200901,10,13,-3
4979137,5200901,12,6,6
5291941,6311505,1,11,-10
5291941,6311505,2,4,-2
5291941,6311505,8,6,2
5291941,6311505,11,7,4
5291941,6311505,12,3,9
4133838,8173851,5,5,0
4133838,8173851,10,12,-2
5373100,5416874,1,4,-3
4686777,4809445,10,1,9
4723835,7339563,3,4,-1
4723835,7339563,10,6,4
7836209,8665084,4,8,-4
7140560,7669421,3,1,2
7140560,7669421,9,10,-1
7293666,7957139,2,2,0
7293666,7957139,8,1,7
7293666,7957139,10,4,6
6535244,7660478,1,3,-2
6230912,7051890,4,2,2
7025692,8197358,1,3,-2
7025692,8197358,12,5,7
4377203,6427766,5,1,4
4377203,6427766,12,8,4
6170902,8480156,1,1,0
6170902,8480156,2,5,-3
6170902,8480156,10,3,7
4710193,7670371,1,4,-3
4710193,7670371,2,13,-11
7277317,7696506,3,1,2
7277317,7696506,9,7,2
7277317,7696506,11,5,6
6864946,7692756,1,1,0
6864946,7692756,2,2,0
6864946,7692756,3,3,0
6864946,7692756,4,4,0
6864946,7692756,5,5,0
6864946,7692756,6,6,0
6864946,7692756,7,7,0
6864946,7692756,8,8,0
6864946,7692756,9,9,0
6864946,7692756,10,10,0
6864946,7692756,11,11,0
6864946,7692756,12,12,0
6864946,7692756,13,13,0
5400767,7981092,8,2,6
6532960,8220456,11,5,6
6532960,8220456,13,7,6
6213481,8458962,6,6,0
6213481,8458962,12,12,0
6493646,7810997,4,6,-2
6986098,7779331,4,12,-8
6986098,7779331,9,5,4
6986098,7779331,11,7,4
5218689,7661020,10,10,0
5218689,7661020,13,3,10
7104447,8120513,1,1,0
7104447,8120513,3,11,-8
7104447,8120513,4,6,-2
7104447,8120513,9,2,7
7104447,8120513,13,5,8
4943538,7157314,2,4,-2
5299565,7954487,1,1,0
5299565,7954487,3,9,-6
6149254,8430462,10,10,0
4759766,7585325,2,4,-2
6248124,8532746,2,6,-4
4750766,6257630,1,11,-10
4750766,6257630,6,4,2
4750766,6257630,8,2,6
4750766,6257630,9,9,0
4750766,6257630,11,6,5
6912161,8259506,1,4,-3
6912161,8259506,3,13,-10
4391313,6453597,7,7,0
4391313,6453597,12,10,2
5214308,7564130,1,1,0
7784449,7966996,7,3,4
4030996,4863576,1,12,-11
7013592,8025003,1,1,0
4328068,5223914,1,1,0
5010536,5455810,1,11,-10
4573994,4919596,1,10,-9
4761268,5376550,1,1,0
4270377,4918965,1,10,-9
4270377,4918965,3,1,2
5123043,5311571,2,13,-11
5123043,5311571,4,6,-2
5123043,5311571,11,10,1
4793382,7258168,3,5,-2
4537503,4830486,6,2,4
5544461,8061101,1,1,0
5236039,6991031,3,2,1
4661835,8662468,5,13,-8
6370147,6662135,4,7,-3
6370147,6662135,5,10,-5
6370147,6662135,7,3,4
6370147,6662135,10,8,2
5341171,6525511,5,2,3
5341171,6525511,12,7,5
5114299,6074160,1,3,-2
5114299,6074160,2,5,-3
5114299,6074160,8,2,6
5597688,7282347,6,6,0
6916113,7816411,2,4,-2
6916113,7816411,13,12,1
6522884,7958352,2,5,-3
6522884,7958352,5,12,-7
4978219,5539520,1,5,-4
4892713,7695690,6,9,-3
4892713,7695690,11,10,1
6661571,8715167,4,3,1
4953127,5181187,5,3,2
4953127,5181187,9,1,8
4953127,5181187,12,12,0
5550318,7563943,11,3,8
4352376,4375833,5,10,-5
4352376,4375833,10,1,9
6535502,7664143,1,11,-10
6535502,7664143,2,2,0
6411950,7672932,1,2,-1
6411950,7672932,2,1,1
6411950,7672932,8,7,1
5440985,8161875,1,1,0
5440985,8161875,2,2,0
5440985,8161875,8,7,1
4612077,6120610,2,4,-2
4612077,6120610,3,1,2
4612077,6120610,11,8,3
5385346,7563172,1,5,-4
5385346,7563172,2,4,-2
5385346,7563172,3,1,2
5005577,7131945,1,1,0
5005577,7131945,3,2,1
5005577,7131945,8,4,4
5005577,7131945,12,7,5
4357840,8025603,1,2,-1
4357840,8025603,9,5,4
6840246,7569071,10,2,8
6408799,7757641,1,3,-2
6408799,7757641,2,7,-5
6408799,7757641,4,11,-7
4080233,6228813,4,1,3
5554977,7135957,1,3,-2
6161182,8590008,4,11,-7
6281307,7504165,10,10,0
5432471,6271708,8,1,7
5432471,6271708,9,7,2
4679719,7191927,1,3,-2
4679719,7191927,3,5,-2
5129256,5524478,1,13,-12
5129256,5524478,3,3,0
5129256,5524478,9,5,4
6288447,8581404,3,1,2
6288447,8581404,6,9,-3
6259390,6498578,2,9,-7
6259390,6498578,4,7,-3
6259390,6498578,5,4,1
6259390,6498578,6,13,-7
6259390,6498578,10,6,4
6259390,6498578,11,11,0
6259390,6498578,12,8,4
4796793,7048171,2,1,1
4796793,7048171,4,2,2
4796793,7048171,6,3,3
4796793,7048171,7,5,2
4371094,8721600,1,11,-10
4371094,8721600,5,13,-8
6875595,7834250,2,2,0
6875595,7834250,4,3,1
6875595,7834250,10,6,4
6686872,8698508,7,1,6
6295284,8718007,1,3,-2
6295284,8718007,11,6,5
6218173,8507253,1,4,-3
6128627,7558913,3,2,1
6128627,7558913,4,1,3
6128627,7558913,7,4,3
4098855,5055272,1,6,-5
4098855,5055272,2,4,-2
4098855,5055272,3,7,-4
4098855,5055272,8,2,6
4098855,5055272,11,3,8
6189029,7613590,4,1,3
7928438,8456459,1,6,-5
6332677,7944580,1,5,-4
5065877,8695830,1,3,-2
5065877,8695830,3,6,-3
5065877,8695830,4,7,-3
5065877,8695830,5,2,3
4917328,5481418,1,1,0
4917328,5481418,2,6,-4
4917328,5481418,9,9,0
4917328,5481418,11,12,-1
4911471,5348343,1,2,-1
4911471,5348343,2,3,-1
4911471,5348343,9,5,4
4420504,7075832,5,13,-8
4420504,7075832,13,6,7
5080844,7815864,2,1,1
5080844,7815864,6,7,-1
5575374,7382229,7,3,4
5575374,7382229,10,5,5
6945968,8585671,3,9,-6
6945968,8585671,8,11,-3
6945968,8585671,13,12,1
6853225,7277357,1,11,-10
6853225,7277357,3,6,-3
6853225,7277357,8,12,-4
6853225,7277357,11,3,8
5560811,7833719,2,8,-6
5560811,7833719,6,3,3
5560811,7833719,10,12,-2
3999674,6293479,6,6,0
6314565,8468245,11,2,9
4023808,4852873,3,4,-1
4023808,4852873,4,3,1
4407943,4868108,1,5,-4
4407943,4868108,2,1,1
4407943,4868108,3,2,1
5587273,8229534,10,2,8
4351071,7434275,1,1,0
4351071,7434275,2,5,-3
4351071,7434275,3,3,0
4351071,7434275,4,8,-4
4351071,7434275,5,11,-6
4351071,7434275,10,2,8
7207143,8528285,1,7,-6
7207143,8528285,4,8,-4
7207143,8528285,6,1,5
7207143,8528285,8,3,5
4496698,8088867,3,4,-1
6343495,7270188,5,12,-7
4169012,4806343,9,12,-3
4169012,4806343,12,3,9
5260345,6932800,1,1,0
5260345,6932800,8,5,3
5260345,6932800,10,6,4
4033881,4663041,1,5,-4
7725214,8556803,12,5,7
4749214,7611170,3,6,-3
4323080,4827496,1,1,0
4323080,4827496,2,3,-1
4323080,4827496,8,12,-4
6983175,7539526,2,5,-3
6983175,7539526,12,1,11
4001734,8031129,11,4,7
6507098,7202554,6,1,5
6507098,7202554,12,7,5
4106956,6120625,13,5,8
4694838,5336205,2,2,0
6487136,8359517,1,1,0
5303589,8143906,1,1,0
5303589,8143906,5,9,-4
3986352,4143623,2,3,-1
3986352,4143623,3,1,2
3986352,4143623,4,5,-1
6864645,7557523,2,6,-4
6864645,7557523,4,7,-3
6864645,7557523,7,13,-6
4816765,5302901,1,1,0
4816765,5302901,3,11,-8
4816765,5302901,4,4,0
4816765,5302901,7,10,-3
4697584,8574233,1,3,-2
5295802,6991208,2,5,-3
5417693,6482209,2,10,-8
4893073,6271744,2,2,0
4893073,6271744,5,5,0
4677955,5305727,3,5,-2
4677955,5305727,5,7,-2
4677955,5305727,6,4,2
4803146,5030545,2,1,1
4803146,5030545,3,9,-6
4803146,5030545,4,6,-2
4803146,5030545,5,4,1
4803146,5030545,6,3,3
4803146,5030545,7,2,5
7247184,8246710,3,1,2
6287520,6536477,1,1,0
5303751,6582415,10,5,5
5305836,7085696,1,1,0
4928229,8249928,1,2,-1
4242182,5066367,1,2,-1
4242182,5066367,2,1,1
4242182,5066367,3,3,0
6200311,8668688,4,4,0
4866528,5495289,1,6,-5
4866528,5495289,3,9,-6
4386021,4724416,2,2,0
4386021,4724416,3,3,0
4386021,4724416,5,1,4
4302472,5610296,9,13,-4
7411209,8605477,2,9,-7
7411209,8605477,4,10,-6
7411209,8605477,5,1,4
7411209,8605477,8,13,-5
5632239,7347045,9,7,2
4069819,6932082,4,8,-4
4069819,6932082,6,2,4
4696028,7864942,1,1,0
4696028,7864942,5,2,3
4696028,7864942,12,11,1
6251638,8383335,1,2,-1
6251638,8383335,2,4,-2
6251638,8383335,3,5,-2
7206276,7813252,2,7,-5
7206276,7813252,3,1,2
7206276,7813252,6,4,2
7206276,7813252,7,5,2
7206276,7813252,8,10,-2
7206276,7813252,9,12,-3
7206276,7813252,11,13,-2
5530751,8238553,8,4,4
6224624,6641602,5,4,1
6224624,6641602,6,2,4
5576952,6462656,7,10,-3
4228151,7101537,4,13,-9
4492385,5437466,1,5,-4
4492385,5437466,3,1,2
4492385,5437466,4,8,-4
5573637,6464830,11,5,6
5573637,6464830,13,13,0
4348421,8006839,10,8,2
4348421,8006839,12,13,-1
7058817,7305705,11,8,3
6493048,7176496,1,3,-2
6493048,7176496,4,2,2
6493048,7176496,5,4,1
6493048,7176496,6,7,-1
6493048,7176496,9,5,4
6493048,7176496,10,1,9
4838099,6571652,6,8,-2
8062303,8753345,2,2,0
8062303,8753345,3,11,-8
4957682,6440350,1,6,-5
4957682,6440350,11,8,3
6342731,6979904,9,10,-1
6273133,7220244,4,2,2
3961750,6895420,4,5,-1
3961750,6895420,8,3,5
5561713,7925016,1,3,-2
5561713,7925016,5,1,4
5561713,7925016,6,9,-3
7205587,8242564,5,1,4
7205587,8242564,12,3,9
6662442,7435680,1,1,0
6662442,7435680,4,5,-1
6662442,7435680,9,2,7
6662442,7435680,13,3,10
6967159,7576378,4,10,-6
6967159,7576378,5,7,-2
6967159,7576378,7,4,3
6967159,7576378,11,12,-1
6967159,7576378,13,8,5
6537320,7918876,1,2,-1
6537320,7918876,10,5,5
6183995,8288168,7,1,6
6183995,8288168,10,8,2
4958715,6119936,4,4,0
4958715,6119936,6,2,4
4958715,6119936,8,3,5
4958715,6119936,11,7,4
4958715,6119936,12,13,-1
4828972,5273866,1,1,0
4828972,5273866,4,3,1
4828972,5273866,5,2,3
4336636,7574786,8,10,-2
4336636,7574786,10,1,9
4336636,7574786,13,8,5
5652833,7802079,13,5,8
4790842,6197261,1,1,0
4790842,6197261,2,4,-2
6962419,7871931,5,8,-3
6984867,8652880,1,2,-1
6984867,8652880,4,7,-3
6984867,8652880,12,3,9
5459195,6232371,4,7,-3
6157528,7433168,8,3,5
6345043,7417971,1,3,-2
6345043,7417971,2,4,-2
6345043,7417971,4,1,3
6345043,7417971,13,2,11
4015017,6599908,9,5,4
5431160,8579816,2,3,-1
6907221,7221897,2,11,-9
4115404,5413613,8,8,0
6617763,7684157,2,6,-4
6617763,7684157,3,1,2
4756758,5006172,1,1,0
4756758,5006172,4,2,2
6400859,7209436,2,5,-3
6400859,7209436,6,3,3
6400859,7209436,7,12,-5
5315429,6934070,12,9,3
5323237,5587746,2,2,0
5323237,5587746,4,1,3
5323237,5587746,5,12,-7
5199403,6467442,4,6,-2
4932714,6293610,1,6,-5
4932714,6293610,5,7,-2
4932714,6293610,8,1,7
4932714,6293610,9,8,1
6897838,7336272,7,11,-4
6897838,7336272,11,2,9
6897838,7336272,12,7,5
6437688,8309907,1,6,-5
6437688,8309907,6,9,-3
6385864,7665230,2,1,1
6385864,7665230,8,9,-1
4711265,4932439,1,7,-6
4711265,4932439,2,6,-4
4711265,4932439,4,4,0
4711265,4932439,6,12,-6
4711265,4932439,8,1,7
4711265,4932439,12,3,9
7353546,8099799,1,2,-1
7353546,8099799,2,4,-2
7353546,8099799,5,6,-1
7353546,8099799,8,11,-3
7353546,8099799,9,12,-3
4952113,6082954,4,10,-6
4952113,6082954,5,11,-6
4952113,6082954,11,4,7
7146616,8214503,10,2,8
6241358,6454452,1,7,-6
4884876,6078374,2,2,0
4884876,6078374,4,3,1
4884876,6078374,5,4,1
4183184,5044364,4,3,1
4183184,5044364,6,1,5
4922118,5648820,7,1,6
4922118,5648820,13,2,11
4451535,4746569,1,1,0
4451535,4746569,3,4,-1
4451535,4746569,8,2,6
4351198,4688438,2,1,1
4351198,4688438,5,6,-1
4237399,4456394,12,9,3
6275898,7502905,3,10,-7
6275898,7502905,4,13,-9
6275898,7502905,11,1,10
4534222,7246521,1,8,-7
4534222,7246521,3,4,-1
6175732,7880599,11,10,1
6463352,8340819,4,2,2
6328895,6500342,2,2,0
6328895,6500342,5,6,-1
6328895,6500342,6,8,-2
6328895,6500342,10,12,-2
5076590,6257586,1,5,-4
5076590,6257586,2,2,0
5076590,6257586,4,3,1
4808659,7659005,1,5,-4
4808659,7659005,10,9,1
5307976,8727197,3,1,2
5274083,7132517,5,9,-4
7216046,8330758,1,2,-1
7194596,8341332,3,1,2
7194596,8341332,4,13,-9
7194596,8341332,10,5,5
7194596,8341332,11,4,7
7194596,8341332,13,12,1
5388648,7172021,13,12,1
6453450,7444574,13,4,9
5213626,7404598,1,1,0
5213626,7404598,5,2,3
5213626,7404598,9,6,3
4494313,5398420,1,1,0
4494313,5398420,2,6,-4
4494313,5398420,5,5,0
4494313,5398420,9,2,7
4494313,5398420,11,9,2
4494313,5398420,12,7,5
4864276,5602432,1,9,-8
4864276,5602432,2,10,-8
4864276,5602432,5,1,4
4614961,5122845,1,7,-6
4614961,5122845,5,9,-4
4614961,5122845,7,1,6
4614961,5122845,11,2,9
5292530,5372815,6,8,-2
5292530,5372815,7,5,2
5195959,8414578,1,1,0
5195959,8414578,3,11,-8
6631448,7069361,1,1,0
4314004,7981478,6,3,3
4314004,7981478,7,2,5
4314004,7981478,12,4,8
5575459,6380865,3,1,2
7627332,7925276,2,2,0
7627332,7925276,3,5,-2
7627332,7925276,4,8,-4
7627332,7925276,5,3,2
7627332,7925276,7,11,-4
7627332,7925276,8,9,-1
7627332,7925276,9,6,3
7627332,7925276,10,13,-3
3990846,4078885,1,3,-2
3990846,4078885,3,8,-5
3990846,4078885,7,1,6
6120802,8268349,8,6,2
4388238,5233010,10,2,8
6218041,8691430,1,4,-3
7012836,7724582,2,4,-2
7012836,7724582,6,3,3
7012836,7724582,8,1,7
7012836,7724582,10,11,-1
6974129,7708628,2,10,-8
6974129,7708628,5,2,3
6974129,7708628,7,7,0
5483600,7554508,5,10,-5
4851616,8514379,9,13,-4
6981027,7907607,4,12,-8
6981027,7907607,8,2,6
6274440,6548358,4,3,1
6274440,6548358,8,1,7
6321855,7793560,2,5,-3
8046648,8694840,1,5,-4
8046648,8694840,5,10,-5
7161173,8629069,3,2,1
4932343,7392755,3,2,1
5048122,5257956,1,1,0
6980962,8527319,12,1,11
4958373,7555358,6,13,-7
4838493,8628035,1,2,-1
4252358,5354406,2,10,-8
7828624,8556678,1,2,-1
7828624,8556678,2,3,-1
7828624,8556678,3,8,-5
7828624,8556678,4,1,3
7828624,8556678,10,7,3
7828624,8556678,13,5,8
6960046,7575393,4,1,3
4533792,6442256,3,7,-4
4533792,6442256,4,3,1
4720209,4923330,3,10,-7
3997213,5090724,2,5,-3
3997213,5090724,6,6,0
6293713,6981808,4,2,2
6293713,6981808,6,9,-3
7115528,7390535,6,12,-6
7115528,7390535,9,2,7
7115528,7390535,13,8,5
6055035,8113401,1,3,-2
6055035,8113401,2,5,-3
6055035,8113401,3,6,-3
6055035,8113401,5,7,-2
7340533,8209311,1,1,0
7340533,8209311,12,12,0
4065382,6863183,1,6,-5
4065382,6863183,3,9,-6
6894014,7402555,3,3,0
6894014,7402555,4,1,3
5487124,6409397,5,2,3
5487124,6409397,7,4,3
5487124,6409397,8,1,7
6828055,7842434,9,7,2
6828055,7842434,12,12,0
4677448,6371607,2,1,1
4059115,6277122,4,7,-3
4059115,6277122,7,10,-3
4006704,6851633,13,6,7
5078238,5315974,3,7,-4
6909464,7050244,1,6,-5
6909464,7050244,2,2,0
6909464,7050244,3,1,2
6909464,7050244,4,12,-8
6909464,7050244,7,8,-1
4169816,4367168,2,3,-1
4169816,4367168,5,11,-6
3947664,4101761,1,1,0
6925283,8169657,2,1,1
6925283,8169657,10,12,-2
4081336,5435898,1,1,0
4081336,5435898,3,3,0
4081336,5435898,5,10,-5
4081336,5435898,13,5,8
4427069,4669543,3,1,2
4427069,4669543,6,2,4
4427069,4669543,7,4,3
4427069,4669543,8,9,-1
6304210,7139662,2,1,1
6304210,7139662,3,3,0
6304210,7139662,6,10,-4
7786639,8207643,6,7,-1
7786639,8207643,7,4,3
7786639,8207643,9,10,-1
4856475,5035216,5,6,-1
4856475,5035216,8,13,-5
5099075,5248833,1,1,0
5099075,5248833,3,6,-3
5099075,5248833,4,3,1
5099075,5248833,5,5,0
5099075,5248833,6,9,-3
5099075,5248833,9,11,-2
5099075,5248833,11,10,1
6420967,7734391,1,3,-2
6420967,7734391,4,7,-3
6420967,7734391,8,6,2
6420967,7734391,9,12,-3
6336020,7720416,7,3,4
6336020,7720416,8,10,-2
6336020,7720416,9,11,-2
8286771,8505404,1,1,0
8286771,8505404,5,9,-4
8286771,8505404,6,13,-7
8286771,8505404,10,8,2
8286771,8505404,12,10,2
4548993,7408007,13,1,12
4964697,5270868,5,6,-1
4964697,5270868,6,2,4
4964697,5270868,11,9,2
7693866,8601004,3,8,-5
7693866,8601004,5,6,-1
6096584,6555946,1,2,-1
6344660,7399656,2,3,-1
6344660,7399656,3,12,-9
6344660,7399656,7,9,-2
6344660,7399656,12,4,8
6344660,7399656,13,10,3
4795107,6533210,1,1,0
4795107,6533210,2,7,-5
4795107,6533210,3,3,0
4795107,6533210,4,4,0
4795107,6533210,11,8,3
5218195,8332014,6,3,3
5218195,8332014,8,5,3
6655776,7452048,9,3,6
6623265,7401638,4,11,-7
6623265,7401638,7,3,4
6623265,7401638,9,4,5
3983940,8091646,1,1,0
5385015,5617717,1,1,0
5385015,5617717,10,6,4
3975912,4074754,1,2,-1
3975912,4074754,3,4,-1
3975912,4074754,5,9,-4
6964792,8540857,1,12,-11
6964792,8540857,5,5,0
5502893,6085415,2,1,1
5502893,6085415,5,2,3
5502893,6085415,10,8,2
4786099,5251950,1,6,-5
4786099,5251950,2,1,1
4786099,5251950,3,2,1
5278833,6161013,6,5,1
4184476,4279241,2,8,-6
4184476,4279241,3,4,-1
4184476,4279241,4,3,1
4532506,7242383,11,2,9
5350991,7999431,1,8,-7
5350991,7999431,4,5,-1
4568270,7568912,3,3,0
5519731,8472593,12,13,-1
5503119,7455283,3,3,0
5503119,7455283,7,8,-1
5503119,7455283,9,11,-2
5276573,6108175,1,12,-11
5276573,6108175,10,4,6
5276573,6108175,12,6,6
6434187,7564923,12,9,3
7389526,8428559,8,2,6
4785213,7919894,1,2,-1
4785213,7919894,2,9,-7
4785213,7919894,3,1,2
4785213,7919894,6,7,-1
4785213,7919894,13,13,0
6872525,7132241,1,1,0
6872525,7132241,2,2,0
6872525,7132241,3,3,0
6872525,7132241,4,4,0
6872525,7132241,5,5,0
6872525,7132241,6,6,0
6872525,7132241,7,7,0
6872525,7132241,8,8,0
6872525,7132241,9,9,0
6872525,7132241,10,10,0
6872525,7132241,11,11,0
6872525,7132241,12,12,0
6872525,7132241,13,13,0
6908400,7448957,5,3,2
6908400,7448957,7,6,1
6908400,7448957,8,11,-3
6908400,7448957,9,1,8
4434542,4696090,1,7,-6
4434542,4696090,3,5,-2
4434542,4696090,9,11,-2
4280725,6526788,2,6,-4
4280725,6526788,8,2,6
4280725,6526788,11,4,7
7319992,8566111,1,1,0
7319992,8566111,4,7,-3
7319992,8566111,6,12,-6
4292913,4995329,5,2,3
4028883,5251434,1,5,-4
4028883,5251434,2,6,-4
4028883,5251434,3,8,-5
7849423,8490032,2,4,-2
6282713,8285121,11,3,8
4928485,5562885,1,5,-4
4928485,5562885,3,11,-8
4928485,5562885,8,2,6
7344284,8676491,6,2,4
7055708,7621413,10,1,9
4768947,8517718,3,1,2
5265610,6968224,12,6,6
5319322,7671687,3,8,-5
5319322,7671687,6,6,0
6429405,7114881,2,11,-9
6429405,7114881,3,2,1
6429405,7114881,4,1,3
6429405,7114881,12,3,9
5198694,6977192,7,4,3
5287104,7378983,2,2,0
5287104,7378983,11,10,1
4200708,7585516,4,13,-9
3946398,6065825,3,6,-3
6392655,7746351,12,3,9
6621471,7702434,1,5,-4
6621471,7702434,6,4,2
6621471,7702434,7,12,-5
6511867,7772581,6,2,4
6511867,7772581,11,9,2
6511867,7772581,13,12,1
4765260,7263936,1,1,0
4765260,7263936,2,3,-1
4765260,7263936,10,8,2
6104956,8706241,5,6,-1
6287580,7067140,2,1,1
6287580,7067140,7,3,4
4344396,7266891,4,1,3
4344396,7266891,11,2,9
6123662,7621866,1,3,-2
6413641,7002744,1,13,-12
6413641,7002744,3,10,-7
6413641,7002744,4,1,3
6413641,7002744,7,5,2
6413641,7002744,10,6,4
5641993,7211502,1,6,-5
5641993,7211502,6,3,3
5641993,7211502,7,13,-6
5641993,7211502,8,1,7
5641993,7211502,13,8,5
4872262,5073131,1,3,-2
4872262,5073131,10,6,4
7268578,7573298,8,4,4
7268578,7573298,9,7,2
7268578,7573298,10,2,8
7268578,7573298,11,9,2
4908990,7399438,5,13,-8
4171698,8256646,3,5,-2
7074794,7432262,1,3,-2
6236844,7904085,7,4,3
4671421,7686188,1,13,-12
4671421,7686188,3,9,-6
4671421,7686188,11,4,7
4671421,7686188,13,8,5
6156468,7462432,11,11,0
5653777,6251342,2,3,-1
5390299,6510145,1,1,0
5390299,6510145,11,13,-2
5303917,7128670,1,6,-5
5303917,7128670,2,2,0
5303917,7128670,5,1,4
5303917,7128670,9,3,6
7469106,8000604,2,10,-8
7469106,8000604,8,4,4
7469106,8000604,11,5,6
6135882,7758411,1,8,-7
6135882,7758411,2,11,-9
6135882,7758411,3,1,2
6135882,7758411,4,2,2
4308679,6338864,1,2,-1
4758160,5074790,4,1,3
6463552,7185235,5,1,4
6463552,7185235,11,5,6
7690585,8096266,6,9,-3
6872143,8523687,1,2,-1
6872143,8523687,2,4,-2
6872143,8523687,3,1,2
6872143,8523687,5,13,-8
6872143,8523687,6,6,0
6872143,8523687,7,9,-2
6180416,8282549,6,1,5
6097441,7890982,6,7,-1
4756279,8443921,1,4,-3
6098409,7214910,2,1,1
6098409,7214910,6,13,-7
4760703,6142123,6,1,5
5079307,5140098,2,4,-2
5079307,5140098,3,1,2
5079307,5140098,4,7,-3
5079307,5140098,6,8,-2
4401872,6366438,12,2,10
4239976,8102068,1,7,-6
4239976,8102068,2,4,-2
4239976,8102068,8,5,3
4521445,7803308,3,7,-4
7697757,8233671,1,12,-11
6366893,7319855,1,1,0
6366893,7319855,3,2,1
6366893,7319855,12,12,0
4987957,7353882,3,1,2
4987957,7353882,4,8,-4
4987957,7353882,6,2,4
4987957,7353882,12,5,7
5150636,6543312,7,2,5
5150636,6543312,8,1,7
4436581,6133157,1,2,-1
4436581,6133157,2,9,-7
4436581,6133157,3,1,2
4436581,6133157,12,11,1
4859975,5011380,1,6,-5
4859975,5011380,4,3,1
4859975,5011380,5,4,1
4859975,5011380,6,9,-3
7329930,7701155,8,8,0
7329930,7701155,10,10,0
5634951,8496716,1,1,0
4241463,7621957,9,12,-3
5278933,5644671,1,10,-9
5278933,5644671,2,1,1
5314387,7036311,1,2,-1
5314387,7036311,3,9,-6
5314387,7036311,4,6,-2
4016093,4171269,4,2,2
4016093,4171269,10,9,1
3938154,5361074,1,6,-5
3938154,5361074,3,5,-2
3938154,5361074,4,12,-8
3938154,5361074,5,4,1
3938154,5361074,7,11,-4
3938154,5361074,11,7,4
6332270,7940069,2,6,-4
6332270,7940069,7,1,6
4931091,8714914,5,4,1
4931091,8714914,9,1,8
5253837,7150364,1,2,-1
6911700,7551414,2,5,-3
6911700,7551414,3,1,2
6911700,7551414,4,4,0
4889899,5532288,1,1,0
4889899,5532288,2,9,-7
4083172,5228282,1,1,0
4083172,5228282,10,2,8
5141860,8252922,8,1,7
6200539,7017863,2,11,-9
6200539,7017863,5,3,2
6046935,7656735,1,2,-1
6046935,7656735,7,9,-2
4625733,5632279,1,1,0
4625733,5632279,3,7,-4
4625733,5632279,9,9,0
4625733,5632279,10,3,7
4625733,5632279,12,4,8
5184627,6958059,1,9,-8
5184627,6958059,9,7,2
4782468,5021983,1,11,-10
5057538,7202265,12,9,3
5268436,7408012,1,1,0
4138618,6548929,1,1,0
4138618,6548929,4,2,2
6923824,8251998,3,11,-8
6923824,8251998,7,9,-2
6923824,8251998,13,13,0
6315775,7274843,2,3,-1
6315775,7274843,4,6,-2
6483736,7759666,4,11,-7
6483736,7759666,11,10,1
6279048,8506411,8,5,3
6279048,8506411,10,1,9
6931558,8745444,5,9,-4
6931558,8745444,8,1,7
6931558,8745444,9,10,-1
6169543,8161388,8,10,-2
5208944,6539582,2,11,-9
5271751,6401295,1,12,-11
5557656,6016313,13,5,8
7461236,7853755,10,3,7
5208334,8476396,1,1,0
5208334,8476396,3,11,-8
5208334,8476396,7,10,-3
5208334,8476396,13,12,1
6152808,7131889,2,4,-2
6152808,7131889,4,2,2
6152808,7131889,13,13,0
6651671,7753924,2,3,-1
6651671,7753924,5,8,-3
5189287,5523794,1,6,-5
5189287,5523794,8,10,-2
5256862,7412087,3,1,2
5256862,7412087,4,2,2
5256862,7412087,11,7,4
6094436,7551641,1,1,0
6094436,7551641,3,7,-4
4892787,7749580,1,1,0
4892787,7749580,4,2,2
4892787,7749580,5,7,-2
4892787,7749580,10,3,7
4816637,5396043,1,10,-9
4816637,5396043,2,7,-5
4816637,5396043,4,4,0
4816637,5396043,6,6,0
4816637,5396043,7,3,4
5172262,7095546,4,5,-1
5114399,7708749,11,1,10
4239693,5597541,9,1,8
5481377,8437531,1,8,-7
5481377,8437531,11,13,-2
4619866,8119227,1,7,-6
4619866,8119227,4,3,1
6842204,8704442,3,4,-1
4037978,6189868,9,8,1
4361925,6444284,1,1,0
5253906,8434795,2,2,0
5253906,8434795,11,4,7
4750027,6066866,10,2,8
5565072,8003274,2,6,-4
5565072,8003274,4,5,-1
5565072,8003274,8,12,-4
6404043,7626259,3,11,-8
6404043,7626259,13,2,11
6207327,7931987,2,2,0
6207327,7931987,6,9,-3
6207327,7931987,7,10,-3
6207327,7931987,11,7,4
5548800,7831251,6,10,-4
5565151,7188960,2,1,1
3955489,4878426,3,3,0
3955489,4878426,5,1,4
3955489,4878426,6,11,-5
5261044,7725571,1,9,-8
5261044,7725571,6,5,1
6133967,7471347,4,13,-9
6133967,7471347,9,7,2
6133967,7471347,11,10,1
6202759,7380612,5,1,4
6202759,7380612,6,13,-7
7265421,8450804,9,1,8
7265421,8450804,12,3,9
5497996,8066588,1,2,-1
5497996,8066588,2,1,1
4201626,5093296,1,12,-11
4201626,5093296,5,7,-2
4462086,7962777,12,4,8
4462086,7962777,13,1,12
5250439,7721412,1,7,-6
5250439,7721412,5,1,4
5652731,6475845,4,1,3
5652731,6475845,6,11,-5
5652731,6475845,9,4,5
6578094,7350047,4,1,3
6578094,7350047,11,4,7
4993948,5165890,2,6,-4
4993948,5165890,4,3,1
4993948,5165890,11,1,10
6524669,7939174,1,2,-1
6524669,7939174,3,3,0
6524669,7939174,5,9,-4
6524669,7939174,8,12,-4
6084250,8242525,3,1,2
6084250,8242525,4,10,-6
6084250,8242525,9,7,2
7007068,7653631,2,9,-7
7007068,7653631,3,3,0
4549803,5045888,1,8,-7
4549803,5045888,2,7,-5
4549803,5045888,3,1,2
4549803,5045888,6,3,3
4609877,6853241,1,4,-3
4609877,6853241,2,2,0
4609877,6853241,10,6,4
6460036,8645992,5,4,1
5656848,6090724,1,2,-1
5656848,6090724,3,3,0
4718442,7125230,1,1,0
4718442,7125230,10,12,-2
6479258,8383346,7,1,6
3998532,6141145,4,13,-9
4616619,4781163,2,4,-2
4616619,4781163,8,3,5
4616619,4781163,11,11,0
5197154,7661156,2,6,-4
5197154,7661156,7,4,3
5197154,7661156,9,7,2
4448206,7488427,1,9,-8
4448206,7488427,2,1,1
6961448,8271093,6,6,0
3988186,7661423,1,2,-1
3988186,7661423,9,11,-2
5617113,7158127,1,6,-5
7430880,8558408,10,9,1
7430880,8558408,12,7,5
4765753,6324207,2,1,1
5511430,7274309,1,3,-2
5511430,7274309,4,1,3
4664207,6504112,1,1,0
4664207,6504112,3,2,1
4664207,6504112,4,12,-8
4664207,6504112,7,8,-1
4664207,6504112,10,10,0
5236639,5456868,10,13,-3
6852708,8529951,9,6,3
6546369,7617106,1,1,0
6546369,7617106,5,2,3
4457300,4867404,1,11,-10
6338517,7506604,1,3,-2
6338517,7506604,11,2,9
5159572,7417916,7,11,-4
4887204,6182245,4,9,-5
4887204,6182245,5,7,-2
4461756,7116696,1,2,-1
4461756,7116696,2,8,-6
4461756,7116696,4,3,1
6509354,8440838,8,11,-3
6366661,6876632,2,5,-3
6366661,6876632,7,3,4
4487489,5290284,1,2,-1
5015247,8273089,1,9,-8
7188271,7903513,4,1,3
7188271,7903513,5,3,2
7188271,7903513,8,4,4
7188271,7903513,10,13,-3
5019334,5318859,1,3,-2
5019334,5318859,2,1,1
5019334,5318859,5,9,-4
5019334,5318859,8,5,3
5019334,5318859,13,6,7
6909424,8654524,9,1,8
6909424,8654524,13,4,9
6357321,7159559,1,9,-8
6357321,7159559,2,4,-2
6357321,7159559,3,3,0
6357321,7159559,4,8,-4
6357321,7159559,11,12,-1
8285690,8447741,2,2,0
8285690,8447741,5,1,4
4938766,7691046,11,3,8
4093925,4491744,4,7,-3
4093925,4491744,5,2,3
4093925,4491744,6,1,5
4725984,7064983,4,1,3
4725984,7064983,6,6,0
7523843,8020727,6,2,4
6248834,7922861,3,3,0
6248834,7922861,13,13,0
4572284,8238510,1,4,-3
4572284,8238510,3,3,0
6236359,7119687,13,8,5
6992576,7759927,2,4,-2
6992576,7759927,11,6,5
5296891,7292317,4,5,-1
5176224,7240023,1,1,0
5176224,7240023,2,12,-10
5176224,7240023,9,3,6
4544181,7694887,6,9,-3
4544181,7694887,9,12,-3
4758231,6302868,1,4,-3
4758231,6302868,3,10,-7
4758231,6302868,4,2,2
5449101,6334561,2,4,-2
5449101,6334561,5,9,-4
5449101,6334561,13,12,1
6235579,6468858,1,11,-10
6235579,6468858,2,10,-8
6235579,6468858,4,9,-5
6235579,6468858,5,5,0
6235579,6468858,11,6,5
6235579,6468858,12,8,4
7224974,8520603,2,13,-11
7224974,8520603,4,1,3
7224974,8520603,5,6,-1
7224974,8520603,9,11,-2
4295987,6610781,8,6,2
4357616,7157128,2,1,1
4357616,7157128,6,4,2
4357616,7157128,12,12,0
4451328,4961103,1,1,0
4451328,4961103,3,4,-1
4451328,4961103,8,2,6
5284330,6510929,1,1,0
5284330,6510929,4,5,-1
5284330,6510929,6,12,-6
5284330,6510929,10,10,0
5284330,6510929,12,6,6
5284330,6510929,13,7,6
4794132,6476138,4,12,-8
6633553,7069190,1,1,0
6633553,7069190,2,4,-2
6633553,7069190,5,8,-3
6633553,7069190,12,3,9
5568610,7222290,4,11,-7
4092960,4434776,1,1,0
4092960,4434776,12,4,8
4092960,4434776,13,3,10
5324744,6452032,7,6,1
6981975,8100972,3,1,2
6981975,8100972,6,3,3
5398285,5530751,4,3,1
5398285,5530751,6,1,5
4892904,5324769,1,3,-2
4892904,5324769,3,1,2
4892904,5324769,6,2,4
4487308,6513642,3,3,0
4487308,6513642,8,5,3
7392782,7510036,10,6,4
7392782,7510036,13,9,4
4978344,8133206,1,2,-1
4978344,8133206,2,1,1
4978344,8133206,6,3,3
4773897,7786457,11,4,7
5343938,6491757,1,12,-11
4299406,7334657,2,1,1
6658571,7315892,6,8,-2
6658571,7315892,7,2,5
6658571,7315892,9,3,6
6545907,7978500,1,1,0
6545907,7978500,2,3,-1
6545907,7978500,3,9,-6
4276256,6483119,4,1,3
6275522,8488706,8,12,-4
4110772,4395105,1,2,-1
4110772,4395105,11,5,6
4217878,4378208,1,2,-1
4217878,4378208,3,7,-4
4217878,4378208,4,8,-4
4217878,4378208,7,1,6
5410541,6879817,2,7,-5
5226991,7682554,11,6,5
5226991,7682554,13,2,11
5375749,6457616,4,6,-2
6631352,8214220,1,6,-5
6631352,8214220,4,1,3
6631352,8214220,6,2,4
6631352,8214220,10,4,6
5578073,7776926,4,2,2
5578073,7776926,13,7,6
6416107,6932424,1,1,0
6416107,6932424,3,2,1
6416107,6932424,9,11,-2
6416107,6932424,11,12,-1
6455861,7679745,1,1,0
4164430,6219871,1,1,0
5420877,7149234,8,4,4
6559911,7674028,1,1,0
6559911,7674028,5,7,-2
4605030,8453996,10,7,3
4605030,8453996,13,12,1
4072503,7815708,2,3,-1
4072503,7815708,6,2,4
4564283,7623807,2,5,-3
4564283,7623807,8,10,-2
4564283,7623807,11,1,10
4644533,5313454,8,4,4
4279384,6997196,2,3,-1
4279384,6997196,9,1,8
7220018,8421366,1,4,-3
7199661,7492224,1,1,0
7199661,7492224,2,9,-7
7199661,7492224,7,5,2
7199661,7492224,9,7,2
7199661,7492224,10,11,-1
5211491,8395647,3,6,-3
7013363,7710809,1,1,0
7013363,7710809,6,6,0
7013363,7710809,8,3,5
7013363,7710809,13,10,3
6095596,7273249,5,10,-5
5132932,5617363,1,3,-2
5132932,5617363,2,1,1
5132932,5617363,3,2,1
5281849,7351918,2,1,1
5511120,8147270,1,1,0
5511120,8147270,9,3,6
5142640,6916745,1,2,-1
5142640,6916745,3,3,0
5065364,6081447,4,3,1
5065364,6081447,5,9,-4
5065364,6081447,10,2,8
6293942,8287529,1,1,0
6293942,8287529,6,11,-5
6293942,8287529,9,10,-1
5454238,7111480,1,7,-6
5454238,7111480,5,4,1
5454238,7111480,7,11,-4
5454238,7111480,13,1,12
5354973,7824719,1,8,-7
5007207,6374932,12,13,-1
5216577,6523602,5,3,2
5216577,6523602,7,9,-2
5216577,6523602,8,8,0
6359024,8324256,11,8,3
4123279,4536464,1,6,-5
4123279,4536464,5,5,0
4123279,4536464,6,13,-7
4123279,4536464,7,8,-1
4123279,4536464,8,3,5
6083225,8460384,5,6,-1
6083225,8460384,10,2,8
6083225,8460384,13,1,12
5031206,8583440,2,5,-3
5120609,7120380,3,4,-1
4073603,5292233,2,12,-10
4073603,5292233,3,6,-3
6070733,7681813,1,7,-6
6070733,7681813,2,1,1
6070733,7681813,12,2,10
4152873,7905073,1,3,-2
6546221,7008745,5,11,-6
5555404,8266168,4,2,2
6863154,7628238,1,11,-10
6863154,7628238,8,2,6
6863154,7628238,12,4,8
6863154,7628238,13,5,8
7972569,8741800,1,7,-6
5393057,7278915,1,1,0
5393057,7278915,9,8,1
3981275,5577273,1,6,-5
4953085,7062458,3,9,-6
4086529,5397982,1,2,-1
4086529,5397982,3,1,2
4086529,5397982,4,11,-7
6067142,7897003,4,2,2
6067142,7897003,6,6,0
6067142,7897003,7,12,-5
6067142,7897003,8,11,-3
4319994,6095342,1,1,0
4319994,6095342,4,2,2
4319994,6095342,11,13,-2
4319994,6095342,12,7,5
6201809,6870844,3,11,-8
6204610,8035583,4,13,-9
6204610,8035583,11,2,9
6204610,8035583,12,7,5
4133838,7560607,5,2,3
4133838,7560607,12,5,7
5224930,8720065,11,1,10
7264051,7475728,4,1,3
7264051,7475728,10,3,7
7264051,7475728,11,13,-2
4400097,8094301,13,5,8
5584797,7285101,5,1,4
6192149,8005265,3,1,2
6098407,6595000,2,9,-7
6098407,6595000,3,2,1
6098407,6595000,6,7,-1
6098407,6595000,7,4,3
6098407,6595000,10,1,9
6098407,6595000,13,6,7
4207365,4309468,1,1,0
4207365,4309468,2,2,0
4207365,4309468,7,10,-3
4207365,4309468,13,5,8
6313925,8284467,3,1,2
6313925,8284467,5,3,2
6715701,8147293,3,11,-8
6230318,7974714,8,6,2
8215381,8424303,1,2,-1
6425916,8740974,1,2,-1
6425916,8740974,7,5,2
6425916,8740974,9,12,-3
6425916,8740974,13,8,5
6190254,6632141,7,1,6
4762433,7658565,8,2,6
4762433,7658565,9,3,6
7171223,8027315,1,2,-1
6270409,8608551,3,1,2
6270409,8608551,5,2,3
7755347,8659286,2,3,-1
7755347,8659286,3,2,1
7755347,8659286,5,11,-6
7755347,8659286,6,5,1
6160334,7259487,3,1,2
7330434,8549405,2,3,-1
5007586,6439477,1,11,-10
5007586,6439477,3,6,-3
5007586,6439477,6,2,4
6475908,7172955,1,2,-1
4837732,7428481,10,11,-1
5185733,7212480,4,1,3
4336867,6082505,1,1,0
4336867,6082505,2,3,-1
4336867,6082505,3,2,1
4336867,6082505,13,4,9
7049190,8552434,3,7,-4
7049190,8552434,4,2,2
5000460,5048839,4,5,-1
5000460,5048839,10,4,6
4330292,7056498,10,11,-1
5066301,8343216,1,11,-10
5143374,6908401,1,1,0
5143374,6908401,6,2,4
5143374,6908401,7,3,4
5143374,6908401,9,10,-1
7209813,7966112,5,5,0
7177092,7808719,1,1,0
7177092,7808719,2,3,-1
7177092,7808719,4,8,-4
7177092,7808719,9,9,0
4422801,6296421,2,1,1
4422801,6296421,3,2,1
4979552,6397917,11,2,9
4979552,6397917,13,3,10
5149437,6132611,2,6,-4
5149437,6132611,7,9,-2
5149437,6132611,12,3,9
6128623,7415524,1,6,-5
5656239,7104319,10,3,7
5656239,7104319,11,4,7
5295061,6546295,2,1,1
5295061,6546295,4,4,0
4754244,7132890,3,11,-8
4754244,7132890,4,2,2
4754244,7132890,6,3,3
4754244,7132890,10,8,2
5573082,6522946,2,1,1
5019976,8290815,2,3,-1
5019976,8290815,11,8,3
6141756,7779273,3,2,1
6141756,7779273,7,7,0
6141756,7779273,13,12,1
6401061,8260619,5,3,2
4159714,4920583,2,5,-3
4159714,4920583,8,3,5
4496768,5360938,3,13,-10
6840084,8266795,2,9,-7
7426426,8477684,7,7,0
7306620,7819910,4,3,1
6599788,7050878,1,5,-4
6599788,7050878,9,8,1
6119170,7274706,11,1,10
4911958,6468844,1,8,-7
4911958,6468844,10,9,1
5005441,5505100,4,6,-2
5005441,5505100,8,7,1
5269783,7985257,3,2,1
5303789,7980338,1,1,0
5303789,7980338,2,4,-2
5303789,7980338,9,5,4
4097933,7658158,9,3,6
4302204,4563419,3,1,2
4302204,4563419,9,4,5
6292285,7215454,1,12,-11
6292285,7215454,2,2,0
6292285,7215454,3,3,0
6292285,7215454,5,5,0
6292285,7215454,6,9,-3
6631373,7743061,1,6,-5
6631373,7743061,3,2,1
7387577,8262498,1,1,0
7387577,8262498,2,12,-10
7387577,8262498,3,5,-2
7387577,8262498,8,2,6
6853836,7050772,1,2,-1
6853836,7050772,2,11,-9
6853836,7050772,4,8,-4
6853836,7050772,7,6,1
6853836,7050772,8,1,7
4853925,6205116,1,1,0
4853925,6205116,11,8,3
4853925,6205116,13,13,0
4261645,5271960,6,7,-1
4261645,5271960,9,11,-2
6425314,7428862,4,1,3
4863513,8613137,13,11,2
4328998,4440462,1,3,-2
4328998,4440462,3,2,1
4328998,4440462,4,5,-1
4328998,4440462,5,12,-7
4328998,4440462,6,8,-2
4328998,4440462,9,11,-2
4328998,4440462,10,10,0
4328998,4440462,11,1,10
7177211,7451273,1,1,0
7177211,7451273,2,3,-1
7177211,7451273,7,2,5
7177211,7451273,8,5,3
5588313,7275399,1,3,-2
5588313,7275399,3,5,-2
5588313,7275399,10,8,2
5588313,7275399,12,9,3
7550306,7858974,2,3,-1
7550306,7858974,11,6,5
7550306,7858974,13,5,8
5134271,7293715,11,4,7
6096037,7628780,1,2,-1
5271038,6975673,7,7,0
5271038,6975673,8,2,6
4630306,6396949,2,6,-4
5260523,7258196,3,6,-3
4968127,7374283,3,1,2
5163586,6161060,2,2,0
5163586,6161060,4,3,1
3959010,4191590,2,2,0
3959010,4191590,11,3,8
3959010,4191590,12,7,5
4779141,5061962,1,2,-1
4779141,5061962,2,12,-10
4779141,5061962,4,3,1
4779141,5061962,7,10,-3
7398932,8754749,2,1,1
7398932,8754749,13,9,4
4102467,6915553,1,1,0
7217354,8197790,9,9,0
7138922,8339268,1,1,0
7138922,8339268,2,2,0
7138922,8339268,4,4,0
7138922,8339268,9,3,6
7804655,8411535,1,5,-4
7804655,8411535,8,7,1
6415791,7343916,6,1,5
6415791,7343916,11,10,1
4272760,6331830,1,2,-1
4272760,6331830,4,1,3
4272760,6331830,10,10,0
6173399,7444398,1,12,-11
6173399,7444398,5,6,-1
6173399,7444398,12,4,8
4566634,5232163,3,1,2
4566634,5232163,9,5,4
4566634,5232163,11,13,-2
4775580,5346568,7,4,3
5341265,7720619,12,6,6
7762468,8312168,13,6,7
4004146,4180733,3,2,1
4004146,4180733,6,1,5
4004146,4180733,9,5,4
4004146,4180733,10,8,2
4004146,4180733,11,9,2
4441080,7295820,1,2,-1
4441080,7295820,8,8,0
4441080,7295820,9,4,5
4441080,7295820,12,1,11
4086736,4359845,2,3,-1
7496702,8504823,5,9,-4
3966463,4235944,11,1,10
7363106,8596932,1,2,-1
7363106,8596932,4,1,3
7363106,8596932,6,4,2
6256409,8718410,2,4,-2
6370686,8250569,3,1,2
6370686,8250569,11,3,8
4746435,7118672,2,4,-2
5206514,7190649,4,4,0
5206514,7190649,10,7,3
7379969,8600429,2,2,0
7379969,8600429,4,10,-6
7379969,8600429,8,11,-3
5036235,6465923,1,5,-4
5036235,6465923,2,8,-6
6368337,8042273,6,6,0
5649956,7862580,8,8,0
4847808,5068696,1,1,0
4673226,6241326,1,5,-4
4673226,6241326,3,1,2
4673226,6241326,4,3,1
4673226,6241326,7,12,-5
4673226,6241326,10,4,6
6986253,7681398,2,1,1
6986253,7681398,4,3,1
6986253,7681398,7,10,-3
4899597,5526704,1,8,-7
4899597,5526704,2,4,-2
4899597,5526704,3,1,2
4899597,5526704,4,7,-3
4899597,5526704,9,13,-4
4899597,5526704,11,2,9
6239555,8662701,1,1,0
6239555,8662701,3,3,0
6239555,8662701,4,8,-4
6239555,8662701,5,7,-2
6239555,8662701,7,4,3
6959183,8000679,1,2,-1
6959183,8000679,2,3,-1
6959183,8000679,3,4,-1
6959183,8000679,4,5,-1
6959183,8000679,5,6,-1
6959183,8000679,6,7,-1
6959183,8000679,7,8,-1
6959183,8000679,8,9,-1
6959183,8000679,9,10,-1
6959183,8000679,10,11,-1
6959183,8000679,11,12,-1
6959183,8000679,12,13,-1
6959183,8000679,13,1,12
4671049,6550429,1,3,-2
4380103,4694554,2,7,-5
4380103,4694554,3,1,2
4380103,4694554,6,9,-3
4380103,4694554,10,5,5
4551746,5305186,3,11,-8
4551746,5305186,6,12,-6
4376688,4863821,11,12,-1
6097056,6873539,2,8,-6
6097056,6873539,6,7,-1
6097056,6873539,8,12,-4
6097056,6873539,13,5,8
5133077,5500943,6,11,-5
4289757,5208015,3,2,1
4289757,5208015,7,6,1
4289757,5208015,10,1,9
4289757,5208015,12,12,0
5317332,6369809,1,2,-1
5108081,7331572,5,4,1
5108081,7331572,6,1,5
4352964,4670630,1,6,-5
4352964,4670630,6,11,-5
4352964,4670630,10,9,1
6253400,7051389,5,5,0
5027427,5504800,11,6,5
5109886,7036525,2,5,-3
5109886,7036525,3,2,1
7890731,8452942,1,2,-1
7890731,8452942,4,4,0
7890731,8452942,7,9,-2
7890731,8452942,10,1,9
7890731,8452942,11,12,-1
7890731,8452942,12,5,7
7890731,8452942,13,6,7
6440136,8246659,4,9,-5
5396162,7346366,1,2,-1
5129404,8543203,2,9,-7
5640468,8135174,1,1,0
5640468,8135174,5,2,3
7451904,7789283,2,9,-7
7451904,7789283,3,12,-9
7451904,7789283,13,7,6
5305348,7961822,1,1,0
5305348,7961822,2,2,0
6253806,7347911,1,1,0
4497182,5327740,1,4,-3
4497182,5327740,5,1,4
6332871,8262614,7,7,0
6477193,7671349,6,3,3
7028298,8516462,2,3,-1
7028298,8516462,3,12,-9
7028298,8516462,7,5,2
4786549,6484325,3,11,-8
4786549,6484325,10,10,0
6977503,8058872,1,2,-1
6977503,8058872,2,12,-10
6977503,8058872,4,3,1
4285825,5085889,1,4,-3
4285825,5085889,7,1,6
4285825,5085889,11,3,8
4113660,7906132,2,3,-1
4113660,7906132,9,8,1
5160987,6525953,4,7,-3
5160987,6525953,13,6,7
4184370,4841771,1,8,-7
6224486,7568973,2,11,-9
6224486,7568973,5,3,2
4270181,4692859,2,3,-1
7840437,8700495,10,3,7
7840437,8700495,11,1,10
6260953,7373083,1,6,-5
6260953,7373083,11,1,10
6329088,7732269,6,8,-2
6329088,7732269,8,2,6
6900264,8664573,1,6,-5
6900264,8664573,2,12,-10
6900264,8664573,9,3,6
6900264,8664573,10,9,1
5312200,6527468,1,6,-5
5312200,6527468,5,8,-3
7650303,8515848,5,4,1
7650303,8515848,11,8,3
4225850,6961453,1,1,0
4225850,6961453,2,9,-7
4225850,6961453,3,6,-3
4778382,6919541,3,1,2
4778382,6919541,7,6,1
4403248,8358266,2,7,-5
4038058,4235611,1,4,-3
4038058,4235611,2,11,-9
4038058,4235611,6,12,-6
5626630,7149581,5,2,3
5626630,7149581,7,6,1
5626630,7149581,8,3,5
6182063,8650175,2,3,-1
6182063,8650175,4,6,-2
4891016,7854620,11,12,-1
6653991,7050114,6,3,3
5629544,7442967,6,2,4
4543571,6084571,1,8,-7
4543571,6084571,2,7,-5
4543571,6084571,9,2,7
7564369,8027518,6,3,3
7564369,8027518,9,1,8
4702557,5102222,1,1,0
4702557,5102222,2,4,-2
4702557,5102222,4,8,-4
4702557,5102222,5,2,3
5625436,6342943,1,1,0
5625436,6342943,2,13,-11
5625436,6342943,4,10,-6
5625436,6342943,7,6,1
5625436,6342943,8,11,-3
5625436,6342943,9,3,6
5625436,6342943,13,9,4
5433274,8528646,8,2,6
7248559,8165064,5,1,4
7248559,8165064,7,4,3
5630170,8291128,13,6,7
4313009,5233060,7,3,4
6868252,7532849,2,9,-7
6868252,7532849,3,6,-3
6868252,7532849,9,1,8
6868517,7941727,3,1,2
6868517,7941727,4,3,1
6161126,6978418,1,8,-7
6161126,6978418,2,4,-2
6161126,6978418,5,2,3
5463021,7148301,3,12,-9
5463021,7148301,4,5,-1
5463021,7148301,12,11,1
6270177,7293861,1,6,-5
6270177,7293861,4,13,-9
6270177,7293861,10,2,8
5341413,6330327,5,2,3
6271902,7042538,1,1,0
6271902,7042538,2,3,-1
6271902,7042538,6,2,4
6271902,7042538,12,12,0
6442728,7210076,2,1,1
6442728,7210076,12,2,10
4938228,7676262,1,8,-7
4938228,7676262,5,13,-8
4938228,7676262,13,11,2
4195647,4932424,4,1,3
6527293,7614638,2,10,-8
6527293,7614638,7,2,5
6527293,7614638,13,7,6
6942723,8556400,1,1,0
6942723,8556400,7,13,-6
6942723,8556400,13,5,8
4758228,5420038,2,9,-7
6353762,7295875,1,7,-6
6353762,7295875,3,6,-3
6353762,7295875,13,5,8
4922877,5477832,1,1,0
4922877,5477832,5,2,3
6320195,8410457,5,7,-2
6320195,8410457,6,8,-2
6320195,8410457,7,9,-2
6320195,8410457,8,4,4
6320195,8410457,13,13,0
6211439,7897845,1,3,-2
6211439,7897845,2,5,-3
6211439,7897845,7,11,-4
4163370,5267339,2,8,-6
4163370,5267339,11,3,8
5569084,7066811,5,1,4
4450620,6357294,3,11,-8
5392244,7366870,2,9,-7
5392244,7366870,5,11,-6
5392244,7366870,7,13,-6
5392244,7366870,11,12,-1
5392244,7366870,12,3,9
6426943,8594112,2,2,0
6301677,7979741,2,1,1
6301677,7979741,6,9,-3
4605698,6426121,1,6,-5
4605698,6426121,13,1,12
4314071,6355830,1,1,0
4314071,6355830,10,2,8
4314071,6355830,11,3,8
4314071,6355830,13,12,1
6271704,7398342,1,2,-1
4977306,7096974,9,12,-3
4873781,8584396,1,1,0
4873781,8584396,2,8,-6
4873781,8584396,3,5,-2
4873781,8584396,6,2,4
4873781,8584396,10,10,0
6345051,7027432,8,3,5
6345051,7027432,9,2,7
7197488,7962433,1,8,-7
7197488,7962433,2,4,-2
7197488,7962433,6,1,5
7197488,7962433,8,3,5
5276807,6654956,4,4,0
6495436,7719065,3,5,-2
6495436,7719065,6,4,2
6495436,7719065,12,10,2
4915805,6444100,2,9,-7
4915805,6444100,4,7,-3
4915805,6444100,8,1,7
4002871,4398070,4,3,1
4002871,4398070,8,8,0
4002871,4398070,10,9,1
5220570,7380199,9,3,6
5220570,7380199,13,2,11
6552326,8294975,3,11,-8
6552326,8294975,5,1,4
6996628,8583739,5,5,0
6522411,8047828,10,11,-1
5645985,8278425,8,12,-4
6167127,6970712,11,1,10
6424980,7437408,12,10,2
4562663,6193988,2,9,-7
4089494,5459383,1,7,-6
4089494,5459383,2,5,-3
4615005,5587675,1,1,0
4615005,5587675,5,11,-6
4615005,5587675,6,4,2
7194106,7824029,2,1,1
7066575,8534570,3,8,-5
4698788,8154947,3,6,-3
4698788,8154947,4,1,3
5386474,6529787,1,3,-2
5386474,6529787,3,4,-1
5234230,7530183,2,10,-8
5076311,5161617,1,4,-3
5076311,5161617,2,9,-7
5076311,5161617,5,2,3
5076311,5161617,6,12,-6
5076311,5161617,10,10,0
5076311,5161617,11,3,8
6535228,8140506,2,3,-1
6535228,8140506,4,4,0
7298881,8213700,2,6,-4
5643260,6454772,10,1,9
6082253,6347581,1,9,-8
6082253,6347581,2,12,-10
6082253,6347581,3,4,-1
7584868,8678232,1,2,-1
4630172,5241450,1,1,0
4630172,5241450,3,6,-3
5241599,7596704,12,13,-1
6373968,7756303,3,8,-5
6373968,7756303,9,13,-4
5050370,5331792,1,13,-12
5050370,5331792,3,3,0
5050370,5331792,5,2,3
5050370,5331792,10,7,3
4549919,5207848,4,5,-1
4745082,6194748,1,1,0
6263535,7685674,2,4,-2
6263535,7685674,3,10,-7
6263535,7685674,4,12,-8
7721503,8387327,1,1,0
7721503,8387327,3,7,-4
7721503,8387327,7,8,-1
7721503,8387327,8,3,5
7721503,8387327,11,10,1
7721503,8387327,13,2,11
5233546,8315299,1,6,-5
5233546,8315299,4,12,-8
4499444,4689590,1,4,-3
4499444,4689590,2,1,1
4499444,4689590,5,5,0
4499444,4689590,7,9,-2
4499444,4689590,8,13,-5
4499444,4689590,9,8,1
4499444,4689590,13,11,2
6387113,8172124,1,2,-1
6387113,8172124,13,13,0
7655648,8389524,5,2,3
7655648,8389524,13,9,4
4525054,5181062,6,1,5
4525054,5181062,8,2,6
7397360,8649908,1,1,0
6912499,8352245,6,2,4
6912499,8352245,9,3,6
3948181,7216708,2,8,-6
3948181,7216708,3,1,2
3948181,7216708,8,9,-1
4821034,5317310,2,7,-5
4821034,5317310,6,4,2
4853903,7957940,1,2,-1
4853903,7957940,4,1,3
4853903,7957940,6,9,-3
4853903,7957940,8,13,-5
6366791,7715883,2,8,-6
4642714,6364234,6,3,3
5278442,6911735,6,7,-1
5415476,6491436,2,10,-8
4307639,6446901,2,13,-11
4307639,6446901,7,1,6
4307639,6446901,10,4,6
4905419,5354186,7,4,3
4905419,5354186,8,1,7
5423826,8491593,9,12,-3
7008465,8343250,7,12,-5
7008465,8343250,12,3,9
5431651,8080013,1,3,-2
5431651,8080013,4,5,-1
5431651,8080013,5,2,3
5431651,8080013,8,6,2
5431651,8080013,10,7,3
5431651,8080013,12,1,11
8119337,8460914,1,1,0
8119337,8460914,2,2,0
8119337,8460914,3,3,0
8119337,8460914,4,5,-1
8119337,8460914,5,4,1
8119337,8460914,6,6,0
8119337,8460914,7,7,0
8119337,8460914,8,8,0
8119337,8460914,9,9,0
8119337,8460914,10,10,0
8119337,8460914,11,12,-1
8119337,8460914,12,13,-1
6906607,7576654,1,1,0
6347552,7610805,3,1,2
6347552,7610805,4,2,2
4132632,8288305,1,2,-1
4132632,8288305,10,1,9
4132632,8288305,11,6,5
7176808,7506097,4,6,-2
7176808,7506097,7,9,-2
5190541,6905517,2,1,1
5020058,6151333,4,4,0
5020058,6151333,7,9,-2
5020058,6151333,13,6,7
5129199,7788858,2,9,-7
7008937,8586530,1,12,-11
7008937,8586530,2,10,-8
7008937,8586530,8,7,1
4662637,6517435,1,2,-1
4662637,6517435,2,7,-5
4662637,6517435,5,1,4
4662637,6517435,8,8,0
4326833,6394750,2,4,-2
4326833,6394750,3,5,-2
6579784,7091118,1,5,-4
6579784,7091118,4,3,1
6579784,7091118,5,1,4
6579784,7091118,8,2,6
4416654,5311908,12,5,7
5072572,8551614,12,5,7
5325061,7582986,9,13,-4
4345402,7594843,2,1,1
4345402,7594843,4,2,2
4345402,7594843,5,4,1
4485409,7146372,1,2,-1
4485409,7146372,5,5,0
4485409,7146372,9,11,-2
6485491,8057515,4,1,3
6485491,8057515,7,2,5
5619374,7688495,3,9,-6
7140527,7918376,6,10,-4
7140527,7918376,7,4,3
4721220,5135124,9,7,2
4838666,7113348,1,1,0
4838666,7113348,2,4,-2
4838666,7113348,3,2,1
4838666,7113348,6,10,-4
4838666,7113348,7,6,1
7139999,7801973,6,13,-7
7992109,8498469,2,6,-4
7992109,8498469,3,4,-1
6937906,8390418,1,2,-1
6937906,8390418,2,10,-8
5192415,8123700,4,1,3
4927547,5244585,7,3,4
4927547,5244585,8,13,-5
4217921,8006325,1,7,-6
4217921,8006325,6,5,1
7244516,8686406,1,3,-2
7244516,8686406,3,5,-2
7244516,8686406,8,2,6
6835469,7709100,6,7,-1
4142734,6527293,5,7,-2
4142734,6527293,6,5,1
4142734,6527293,7,8,-1
5498293,6525009,2,13,-11
5498293,6525009,11,2,9
6329676,8466611,3,5,-2
6329676,8466611,7,1,6
4959812,8315088,1,2,-1
4959812,8315088,3,1,2
5641938,6136112,11,3,8
6608632,7006109,13,13,0
4843000,7851209,2,1,1
4843000,7851209,5,3,2
4843000,7851209,9,8,1
4407417,7721899,8,12,-4
4275534,5152114,2,2,0
4275534,5152114,6,3,3
4275534,5152114,7,6,1
5491652,8458241,5,2,3
5491652,8458241,6,7,-1
5491652,8458241,7,1,6
5491652,8458241,9,8,1
5491652,8458241,11,10,1
5491652,8458241,12,3,9
5491652,8458241,13,4,9
7668925,8224944,2,2,0
6433547,7015696,6,1,5
6433547,7015696,7,12,-5
6886701,8070121,1,3,-2
4691176,6546509,9,5,4
4691176,6546509,11,3,8
3989194,8485345,1,6,-5
3989194,8485345,4,1,3
4380303,4724977,1,3,-2
6442154,7627021,4,6,-2
6442154,7627021,13,1,12
4404694,6171337,1,3,-2
4404694,6171337,2,2,0
4404694,6171337,3,1,2
4404694,6171337,7,11,-4
4531932,6511411,4,1,3
7685735,7913411,11,3,8
7322901,8535199,1,12,-11
7322901,8535199,3,9,-6
7322901,8535199,4,3,1
7322901,8535199,5,4,1
4548688,6576405,1,3,-2
5371687,7582063,9,7,2
6137459,6573654,2,10,-8
5199431,5349954,9,1,8
4883632,7717694,4,7,-3
7285107,8343106,11,2,9
6189614,6564865,2,1,1
6189614,6564865,3,6,-3
6189614,6564865,6,5,1
6189614,6564865,10,8,2
6189614,6564865,11,4,7
5522324,7827920,3,12,-9
4098960,8691463,1,1,0
4098960,8691463,3,9,-6
7188626,8070751,1,1,0
7188626,8070751,2,3,-1
7188626,8070751,4,2,2
7188626,8070751,7,11,-4
7188626,8070751,8,8,0
7188626,8070751,11,10,1
7188626,8070751,13,13,0
6263051,6964012,2,3,-1
6263051,6964012,5,4,1
6263051,6964012,11,7,4
4697719,8348079,9,9,0
4020049,7872089,1,13,-12
5032481,5376491,2,2,0
5032481,5376491,4,6,-2
5032481,5376491,5,8,-3
5032481,5376491,9,3,6
4415156,6290607,1,1,0
4415156,6290607,3,12,-9
4415156,6290607,5,6,-1
4415156,6290607,8,3,5
4415156,6290607,12,7,5
4446213,4910105,1,7,-6
4446213,4910105,12,5,7
5561684,6178188,1,1,0
4387271,8363797,4,6,-2
4387271,8363797,10,3,7
6202066,7669226,4,4,0
6202066,7669226,5,7,-2
6565274,7431294,2,6,-4
6565274,7431294,6,9,-3
4888479,8508508,13,1,12
6501265,7071683,1,1,0
6501265,7071683,3,11,-8
6501265,7071683,4,10,-6
6501265,7071683,5,6,-1
5603337,7291105,1,1,0
5292516,7455907,5,5,0
5292516,7455907,8,8,0
5098435,8608777,4,5,-1
7299086,8634921,1,4,-3
6441754,7277848,3,1,2
6441754,7277848,4,13,-9
6305383,7137396,4,1,3
6305383,7137396,7,3,4
6305383,7137396,13,7,6
6083210,7670324,1,1,0
6083210,7670324,2,11,-9
6083210,7670324,3,2,1
7196710,8466921,12,1,11
6297096,8076714,2,7,-5
5407229,8651528,4,4,0
5407229,8651528,11,8,3
4078733,6227468,13,8,5
6198234,7557517,1,2,-1
6198234,7557517,5,8,-3
6198234,7557517,9,13,-4
6471661,8505209,4,4,0
6500667,7115410,8,1,7
5561966,8132395,6,5,1
4973792,7053260,1,3,-2
5070039,8299602,2,3,-1
5070039,8299602,10,1,9
6421805,7953114,5,1,4
7641003,8360174,2,2,0
7641003,8360174,6,3,3
7641003,8360174,7,7,0
7641003,8360174,12,5,7
6168553,7147287,1,1,0
6168553,7147287,12,13,-1
6168553,7147287,13,4,9
6160839,6621851,1,2,-1
6160839,6621851,6,3,3
6160839,6621851,11,4,7
6160839,6621851,12,13,-1
6928180,8200390,2,3,-1
6928180,8200390,4,1,3
4432938,5547616,1,2,-1
4432938,5547616,5,4,1
5265015,7181960,1,9,-8
5265015,7181960,7,13,-6
5265015,7181960,8,1,7
5353021,7321699,4,2,2
6870469,8630768,4,3,1
4220965,4394693,3,3,0
4220965,4394693,13,8,5
4497577,7724371,4,2,2
4420211,4781615,6,5,1
7591507,8621687,7,11,-4
5594863,6625591,2,3,-1
4692621,5282473,1,10,-9
4692621,5282473,4,2,2
4692621,5282473,5,11,-6
4692621,5282473,8,7,1
4692621,5282473,9,4,5
4241131,4372900,5,1,4
4241131,4372900,8,9,-1
3954131,6263935,1,1,0
3954131,6263935,2,6,-4
3954131,6263935,3,10,-7
3954131,6263935,8,2,6
3954131,6263935,13,5,8
4439043,8337072,7,7,0
4090927,6451183,2,4,-2
4090927,6451183,3,5,-2
6674430,8189002,3,6,-3
6674430,8189002,8,7,1
6674430,8189002,13,11,2
6397302,7260684,4,1,3
6397302,7260684,5,5,0
6483525,7712033,2,1,1
6483525,7712033,12,8,4
6126541,7828294,1,2,-1
6126541,7828294,3,13,-10
6126541,7828294,9,4,5
5155835,7797489,4,11,-7
5650936,6631310,5,4,1
5650936,6631310,10,12,-2
5650936,6631310,11,5,6
4618056,4903824,3,10,-7
4618056,4903824,5,3,2
7900849,8571717,3,11,-8
7900849,8571717,4,12,-8
7900849,8571717,8,4,4
7900849,8571717,11,8,3
6440961,7041837,2,4,-2
6440961,7041837,3,5,-2
5037267,7331550,1,10,-9
4994626,5576281,12,10,2
6348344,8048993,1,1,0
5645226,6548938,6,2,4
4977138,8426556,1,1,0
6276707,6494423,1,9,-8
6947498,7450637,10,8,2
6513479,6910456,1,7,-6
6513479,6910456,3,3,0
6513479,6910456,4,4,0
5066297,6371960,2,2,0
5066297,6371960,7,7,0
5066297,6371960,11,13,-2
4309225,5346850,2,13,-11
6285798,8693799,2,1,1
6285798,8693799,6,2,4
5007354,6932000,1,3,-2
5007354,6932000,2,10,-8
5007354,6932000,5,7,-2
5007354,6932000,8,9,-1
4878002,5055755,10,2,8
8045179,8675188,5,8,-3
4950214,7584832,7,2,5
4950214,7584832,9,13,-4
7395855,7926577,1,1,0
7395855,7926577,4,9,-5
7395855,7926577,6,2,4
6208336,7809578,6,2,4
7036823,7306232,2,6,-4
5593846,7790856,1,7,-6
5593846,7790856,3,1,2
5593846,7790856,6,6,0
5593846,7790856,11,10,1
4163572,6521835,3,9,-6
4163572,6521835,13,8,5
4860345,5216707,7,8,-1
4860345,5216707,9,7,2
4860345,5216707,11,11,0
5039754,5314970,10,8,2
6363014,7495962,2,1,1
6363014,7495962,3,2,1
6363014,7495962,12,10,2
7092966,8274523,1,10,-9
7092966,8274523,2,1,1
7092966,8274523,3,3,0
5581685,6557016,1,1,0
5581685,6557016,5,5,0
5581685,6557016,6,9,-3
6272434,7054750,2,2,0
6272434,7054750,12,1,11
4343489,5009453,8,11,-3
4343489,5009453,10,2,8
4343489,5009453,11,10,1
4085343,4208598,2,3,-1
4085343,4208598,5,7,-2
4085343,4208598,6,1,5
4085343,4208598,7,5,2
4085343,4208598,11,4,7
5397328,7942875,1,1,0
5397328,7942875,6,3,3
4462071,4768002,1,10,-9
4462071,4768002,6,4,2
4462071,4768002,9,3,6
4462071,4768002,11,1,10
6218215,7087465,9,10,-1
6993946,8347668,1,2,-1
6993946,8347668,6,9,-3
6993946,8347668,9,1,8
6993946,8347668,11,8,3
5596996,8718794,2,1,1
5596996,8718794,10,9,1
4143840,7121507,3,1,2
4143840,7121507,9,6,3
4236337,4899476,3,3,0
4236337,4899476,4,2,2
5139642,7214304,1,3,-2
5139642,7214304,10,11,-1
6589887,7682966,3,6,-3
6918771,8265796,10,13,-3
4132277,5086848,3,1,2
4132277,5086848,10,5,5
6201760,8069363,1,6,-5
6201760,8069363,3,8,-5
6201760,8069363,7,1,6
6201760,8069363,9,3,6
6155268,7033575,5,2,3
5637527,7482284,11,11,0
5637527,7482284,12,12,0
4459946,7128034,1,5,-4
8049732,8427448,1,1,0
8049732,8427448,9,12,-3
4217153,4341569,2,2,0
6226277,7961616,13,8,5
6485794,7371712,1,1,0
6485794,7371712,2,2,0
6485794,7371712,5,5,0
6485794,7371712,6,9,-3
6485794,7371712,9,8,1
6485794,7371712,10,10,0
6485794,7371712,11,11,0
6485794,7371712,12,12,0
6485794,7371712,13,13,0
5581759,6275955,1,7,-6
5581759,6275955,2,2,0
5364155,6099067,4,4,0
5364155,6099067,6,2,4
6324604,8699185,1,2,-1
6324604,8699185,4,6,-2
4039200,6073950,4,6,-2
4039200,6073950,7,7,0
4039200,6073950,9,9,0
6074930,7462549,1,1,0
6074930,7462549,4,6,-2
6074930,7462549,8,12,-4
6074930,7462549,9,5,4
6074930,7462549,13,10,3
4632811,5191148,3,13,-10
6963260,7859368,3,1,2
6963260,7859368,4,2,2
4942218,5246901,4,7,-3
4942218,5246901,5,11,-6
3998390,7070125,3,2,1
3998390,7070125,5,7,-2
5649035,7187299,8,2,6
5417930,7402636,2,6,-4
5417930,7402636,8,2,6
5417930,7402636,11,5,6
4537334,5314096,7,1,6
5067500,6886557,5,2,3
4382799,6299909,2,1,1
4382799,6299909,12,2,10
6858046,7176174,3,2,1
6858046,7176174,5,4,1
6366483,7511976,4,2,2
6366483,7511976,9,12,-3
6366483,7511976,11,4,7
7180443,8288696,2,7,-5
4372296,7947184,2,3,-1
5034967,5452324,1,11,-10
5034967,5452324,3,6,-3
5034967,5452324,5,12,-7
5034967,5452324,10,2,8
4869142,8522656,12,2,10
7009607,8711156,3,12,-9
7009607,8711156,7,11,-4
6375569,8216845,2,1,1
6375569,8216845,3,3,0
6375569,8216845,7,5,2
6375569,8216845,9,11,-2
6375569,8216845,11,6,5
6375569,8216845,12,7,5
6294204,7648960,6,5,1
6294204,7648960,8,6,2
6294204,7648960,12,7,5
5336232,8262679,1,3,-2
5336232,8262679,2,4,-2
7026868,8064851,1,4,-3
7026868,8064851,5,2,3
4519909,5411351,1,4,-3
4519909,5411351,5,7,-2
4519909,5411351,11,13,-2
5655087,6999965,2,3,-1
5304357,7697179,2,5,-3
5304357,7697179,5,8,-3
6084517,6304186,1,1,0
6084517,6304186,2,2,0
6084517,6304186,3,3,0
6084517,6304186,4,4,0
6084517,6304186,5,5,0
6084517,6304186,6,6,0
6084517,6304186,7,7,0
6084517,6304186,8,8,0
6084517,6304186,9,9,0
6084517,6304186,10,10,0
6084517,6304186,11,11,0
6084517,6304186,12,12,0
6084517,6304186,13,13,0
6078904,7542932,2,8,-6
6078904,7542932,8,2,6
6078904,7542932,12,10,2
4957107,6240919,7,11,-4
6580120,7341918,3,3,0
6580120,7341918,8,4,4
6580120,7341918,10,6,4
6223488,8230982,10,5,5
6211272,7396782,4,5,-1
6211272,7396782,11,1,10
4210733,5180792,1,3,-2
4210733,5180792,2,1,1
4210733,5180792,3,8,-5
5284199,6382005,1,2,-1
5284199,6382005,4,13,-9
5233618,5488701,1,8,-7
5233618,5488701,3,12,-9
5233618,5488701,11,9,2
6643686,7607171,13,1,12
4873515,5343558,1,1,0
4873515,5343558,2,13,-11
4873515,5343558,9,3,6
4986287,7398783,6,10,-4
4818077,7776663,2,7,-5
4818077,7776663,13,6,7
3937382,4216896,5,5,0
3937382,4216896,6,3,3
3937382,4216896,8,1,7
4096341,6465663,7,3,4
4096341,6465663,8,6,2
4096341,6465663,12,4,8
5517502,6215873,11,8,3
6596250,7052749,7,10,-3
6064947,8698565,1,1,0
6064947,8698565,2,5,-3
6064947,8698565,3,4,-1
6064947,8698565,8,9,-1
5320595,5451195,5,4,1
5320595,5451195,6,6,0
6472279,8257505,7,2,5
4930694,5040712,3,1,2
6359751,7283318,2,1,1
6359751,7283318,7,2,5
6359751,7283318,12,4,8
5632586,7608313,6,2,4
6539382,7814536,9,4,5
6662235,7937704,1,7,-6
7399604,7939292,2,9,-7
7399604,7939292,3,6,-3
5280280,6252572,3,2,1
5280280,6252572,4,6,-2
5280280,6252572,9,8,1
5270651,8639009,5,5,0
5270651,8639009,9,1,8
5270651,8639009,11,4,7
5068040,6651680,2,6,-4
5068040,6651680,11,9,2
6504214,7833855,5,3,2
5303127,7387409,1,7,-6
5303127,7387409,4,5,-1
5303127,7387409,10,11,-1
6388786,7626916,2,5,-3
6388786,7626916,10,7,3
5305203,7558617,3,6,-3
4699437,6550878,1,7,-6
4699437,6550878,4,4,0
6360750,8439832,1,3,-2
6360750,8439832,4,2,2
6360750,8439832,11,9,2
6360750,8439832,13,11,2
4522983,5140070,2,6,-4
4522983,5140070,6,8,-2
7401845,8104793,1,3,-2
7401845,8104793,4,12,-8
7401845,8104793,6,2,4
7401845,8104793,9,10,-1
7401845,8104793,10,6,4
6298176,7128266,1,12,-11
6298176,7128266,3,4,-1
6298176,7128266,4,11,-7
7049130,7410468,4,2,2
7049130,7410468,6,6,0
7049130,7410468,9,3,6
4305965,5322705,9,4,5
4661100,4910147,8,3,5
5550608,6529687,6,11,-5
5550608,6529687,8,1,7
5550608,6529687,12,3,9
5461904,6581941,12,4,8
6172677,7480929,3,11,-8
6172677,7480929,8,7,1
4902266,4959041,1,1,0
4902266,4959041,2,2,0
4902266,4959041,3,3,0
4902266,4959041,4,4,0
4902266,4959041,5,5,0
4902266,4959041,6,6,0
4902266,4959041,7,7,0
4902266,4959041,8,8,0
4902266,4959041,9,9,0
4902266,4959041,10,10,0
4902266,4959041,11,11,0
4902266,4959041,12,12,0
4902266,4959041,13,13,0
5040344,6481178,1,1,0
5040344,6481178,5,3,2
5643006,6062705,1,1,0
5426378,7243175,4,3,1
5426378,7243175,6,5,1
6341130,7592935,12,11,1
6310484,8001439,3,1,2
6282407,8099049,10,11,-1
6282407,8099049,12,3,9
4815084,7276737,7,3,4
8363624,8553624,10,12,-2
8363624,8553624,11,5,6
4615115,6539621,3,6,-3
4615115,6539621,4,2,2
5059193,7128760,1,1,0
5059193,7128760,4,4,0
5059193,7128760,5,3,2
5059193,7128760,9,8,1
5140317,6483424,1,2,-1
5140317,6483424,2,7,-5
5140317,6483424,3,1,2
4603380,7330909,1,4,-3
4123061,7105628,1,11,-10
4123061,7105628,3,3,0
4123061,7105628,12,12,0
6955062,7477513,9,11,-2
6955062,7477513,12,5,7
4859791,6096835,1,1,0
4859791,6096835,2,7,-5
5159875,8109477,7,9,-2
5159875,8109477,10,10,0
6950931,8700831,3,2,1
6950931,8700831,7,5,2
6950931,8700831,8,10,-2
7112983,7525299,5,2,3
6482013,7649368,2,5,-3
6482013,7649368,3,7,-4
4608114,6076336,7,9,-2
4608114,6076336,10,8,2
5625550,8488345,3,5,-2
5625550,8488345,7,12,-5
5625550,8488345,8,7,1
7444196,7761178,1,12,-11
7444196,7761178,2,1,1
7444196,7761178,12,3,9
6650724,8386188,10,9,1
6175980,8414071,3,1,2
6175980,8414071,11,13,-2
4117195,6531520,4,2,2
4182072,7810297,11,6,5
6397967,8037952,3,1,2
6397967,8037952,5,5,0
6397967,8037952,7,6,1
3978577,7130216,9,8,1
5451259,7645492,1,1,0
5061027,5500910,5,6,-1
5061027,5500910,6,10,-4
6573776,7116146,1,1,0
6573776,7116146,3,9,-6
6573776,7116146,5,3,2
6573776,7116146,7,12,-5
5137144,8430235,1,2,-1
5137144,8430235,10,6,4
5622356,7470091,2,2,0
5622356,7470091,9,7,2
5186627,6189693,4,4,0
5186627,6189693,5,13,-8
5186627,6189693,12,7,5
6540163,8348179,12,10,2
4560655,5232848,1,5,-4
4560655,5232848,6,4,2
4560655,5232848,8,6,2
6298057,8452891,6,3,3
7455613,8739963,5,13,-8
5311581,7548223,1,3,-2
5397388,6306203,1,1,0
5397388,6306203,5,8,-3
5397388,6306203,6,10,-4
5452421,6408348,2,3,-1
5452421,6408348,5,5,0
5452421,6408348,8,1,7
6350998,7816705,5,4,1
5493322,7215822,10,1,9
4463866,8573432,1,4,-3
4951245,5345396,7,1,6
4951245,5345396,9,4,5
6055091,7762462,9,4,5
6430827,8286363,2,12,-10
5033038,5392266,1,1,0
5033038,5392266,4,9,-5
5033038,5392266,5,5,0
5033038,5392266,7,8,-1
4613177,6523884,5,10,-5
4613177,6523884,7,8,-1
7251713,7886111,11,3,8
4757387,5483284,2,7,-5
4757387,5483284,5,9,-4
4757387,5483284,6,1,5
4757387,5483284,7,5,2
4757387,5483284,13,10,3
6289114,7177451,1,1,0
6289114,7177451,3,7,-4
4771206,4984854,1,1,0
4771206,4984854,4,5,-1
4771206,4984854,11,13,-2
6652578,8486137,3,12,-9
6652578,8486137,5,3,2
6652578,8486137,8,11,-3
6600418,7149556,5,11,-6
5580653,8017225,2,9,-7
5580653,8017225,11,10,1
5000194,8423154,1,3,-2
5000194,8423154,9,7,2
6172677,8732757,5,3,2
6172677,8732757,6,5,1
5567243,6171943,4,12,-8
5567243,6171943,11,8,3
5431759,6555752,3,1,2
5431759,6555752,11,10,1
4269673,5415742,2,1,1
4269673,5415742,5,9,-4
4269673,5415742,6,4,2
6379381,7431959,8,7,1
5347632,7107269,3,6,-3
6965793,7495752,1,9,-8
5648674,7402810,3,6,-3
5648674,7402810,11,3,8
6362511,6541825,3,7,-4
6362511,6541825,4,8,-4
6362511,6541825,5,11,-6
6362511,6541825,8,9,-1
6151657,7549161,3,12,-9
6151657,7549161,8,5,3
4813740,5398482,1,1,0
4813740,5398482,4,2,2
5226992,8323443,2,7,-5
5226992,8323443,9,12,-3
4442461,7492896,5,6,-1
4141430,6523625,1,7,-6
4141430,6523625,2,4,-2
4141430,6523625,4,2,2
4141430,6523625,6,10,-4
4141430,6523625,8,5,3
4778873,5279818,1,9,-8
4030075,4858173,1,3,-2
4030075,4858173,3,2,1
4056682,7717434,1,1,0
4056682,7717434,10,2,8
4357436,8030229,3,2,1
4357436,8030229,9,10,-1
4833127,7550566,1,1,0
4833127,7550566,4,6,-2
5620450,6537283,1,3,-2
5620450,6537283,2,8,-6
5620450,6537283,3,5,-2
5620450,6537283,5,13,-8
5620450,6537283,7,7,0
5620450,6537283,8,4,4
6567649,8364092,1,6,-5
6567649,8364092,3,3,0
6567649,8364092,5,8,-3
6567649,8364092,7,1,6
6567649,8364092,8,4,4
4209398,8161748,1,10,-9
6393591,6578167,2,3,-1
6393591,6578167,3,1,2
6393591,6578167,11,8,3
6487652,6892200,2,4,-2
6487652,6892200,3,7,-4
6487652,6892200,8,6,2
6487652,6892200,9,12,-3
7391808,8464295,8,12,-4
5453016,6210180,4,8,-4
6377993,6631402,1,4,-3
6377993,6631402,2,1,1
6377993,6631402,3,2,1
6377993,6631402,5,11,-6
6377993,6631402,6,12,-6
6377993,6631402,7,13,-6
6377993,6631402,12,6,6
7266361,7937120,4,2,2
4305933,7462702,6,7,-1
4305933,7462702,7,9,-2
4305933,7462702,10,1,9
4629177,6299161,6,2,4
4629177,6299161,8,1,7
4859809,6344615,2,3,-1
4859809,6344615,5,2,3
4859809,6344615,10,12,-2
4316810,8636905,4,8,-4
4316810,8636905,8,1,7
6881222,7789904,1,2,-1
5173414,5252479,9,3,6
5356534,7159835,1,2,-1
5356534,7159835,8,4,4
3967964,4050937,11,5,6
7468508,8061847,2,10,-8
7468508,8061847,3,12,-9
6398366,6471357,1,1,0
6398366,6471357,3,10,-7
6398366,6471357,13,2,11
4871440,8010174,12,3,9
4786043,5558321,3,1,2
4786043,5558321,12,3,9
6510405,7143023,1,9,-8
6510405,7143023,3,5,-2
6539514,8472130,2,11,-9
6539514,8472130,4,2,2
6539514,8472130,7,9,-2
6078520,7626841,1,9,-8
6078520,7626841,2,6,-4
6078520,7626841,3,12,-9
6078520,7626841,6,2,4
6078520,7626841,7,4,3
7806171,8225853,1,1,0
7806171,8225853,10,13,-3
5133353,8260421,1,6,-5
5133353,8260421,2,10,-8
6527103,7264105,2,1,1
6527103,7264105,13,2,11
6417819,6557027,5,8,-3
7151413,8599985,1,10,-9
7151413,8599985,2,11,-9
7151413,8599985,3,1,2
7151413,8599985,10,5,5
6123430,6894738,1,9,-8
6123430,6894738,5,4,1
6123430,6894738,7,7,0
4225382,6547926,1,10,-9
4225382,6547926,9,1,8
6382479,7150381,3,4,-1
5594225,8351677,3,3,0
5594225,8351677,6,5,1
5594225,8351677,10,4,6
5155808,7908650,7,1,6
6139048,6634670,1,1,0
6139048,6634670,2,2,0
6139048,6634670,3,5,-2
6139048,6634670,12,4,8
5643826,7781770,2,10,-8
5643826,7781770,5,6,-1
7372762,7599240,1,1,0
7372762,7599240,3,6,-3
7372762,7599240,6,9,-3
7372762,7599240,7,10,-3
7372762,7599240,11,2,9
4158501,4557954,4,3,1
5425827,6302670,1,11,-10
5425827,6302670,4,4,0
4948669,5378856,5,2,3
4948669,5378856,9,3,6
4948669,5378856,11,10,1
6084679,6919957,12,6,6
4787754,7857515,2,11,-9
4787754,7857515,4,5,-1
4787754,7857515,13,4,9
6134448,7257414,1,8,-7
6134448,7257414,3,4,-1
4619021,4863286,1,1,0
6365620,7652059,2,7,-5
6365620,7652059,4,12,-8
6419312,7695060,1,1,0
3989297,4521053,1,5,-4
3989297,4521053,4,1,3
4383525,6533719,1,11,-10
4383525,6533719,3,7,-4
4383525,6533719,4,8,-4
4383525,6533719,6,13,-7
4383525,6533719,10,2,8
4313286,5040351,2,2,0
4313286,5040351,3,9,-6
4313286,5040351,8,7,1
7007043,7318134,2,6,-4
7007043,7318134,12,11,1
3957980,7851460,4,10,-6
3957980,7851460,9,13,-4
6373111,7122414,1,2,-1
6373111,7122414,10,11,-1
6373111,7122414,13,1,12
6179171,6318447,1,1,0
6179171,6318447,2,5,-3
6179171,6318447,3,4,-1
6179171,6318447,4,6,-2
6179171,6318447,5,3,2
4707424,6410186,1,9,-8
4707424,6410186,6,8,-2
5405080,7083111,1,2,-1
5405080,7083111,2,8,-6
5405080,7083111,5,11,-6
6419704,8038718,1,2,-1
6419704,8038718,3,9,-6
6419704,8038718,12,13,-1
5105890,5526888,10,6,4
5105890,5526888,11,10,1
6065999,7033214,1,1,0
6065999,7033214,5,10,-5
6065999,7033214,9,3,6
4146463,4233276,4,4,0
4146463,4233276,7,5,2
4594984,5040513,2,1,1
4594984,5040513,6,12,-6
4310281,6149376,1,1,0
4310281,6149376,8,11,-3
6566586,7622652,2,2,0
4435855,4710196,1,12,-11
4435855,4710196,2,4,-2
4435855,4710196,3,2,1
4633873,7101381,2,13,-11
6086672,7588636,1,1,0
6086672,7588636,2,3,-1
6086672,7588636,8,5,3
6086672,7588636,10,6,4
7672406,8570069,3,2,1
7672406,8570069,6,9,-3
7672406,8570069,7,10,-3
7672406,8570069,8,8,0
7672406,8570069,10,6,4
4855934,7576748,5,8,-3
4843253,5059817,1,1,0
4843253,5059817,8,2,6
7309355,8562645,13,2,11
7899821,8443339,3,9,-6
7899821,8443339,4,1,3
7899821,8443339,6,11,-5
7899821,8443339,12,7,5
5088446,7121229,9,1,8
5088446,7121229,10,3,7
4495512,4980738,3,13,-10
4495512,4980738,4,2,2
4495512,4980738,10,7,3
4495512,4980738,11,4,7
6447607,7494908,3,11,-8
6911963,8299981,1,8,-7
6911963,8299981,2,2,0
6911963,8299981,9,4,5
6911963,8299981,10,1,9
4664976,5650201,2,1,1
4664976,5650201,4,2,2
5280975,7278961,6,2,4
6157242,7969234,1,4,-3
6157242,7969234,2,1,1
6157242,7969234,3,7,-4
6157242,7969234,6,9,-3
6157242,7969234,7,12,-5
6157242,7969234,10,2,8
6246752,7418087,9,1,8
6246752,7418087,13,4,9
6089920,8198720,1,3,-2
6089920,8198720,7,1,6
4608978,6517532,4,2,2
4608978,6517532,6,3,3
7019294,8358741,6,5,1
6066359,7459182,3,1,2
8249953,8700778,11,10,1
8249953,8700778,13,2,11
6573148,7678639,1,1,0
6573148,7678639,5,7,-2
6573148,7678639,13,13,0
4924508,6470311,3,7,-4
4924508,6470311,13,5,8
4673394,5041098,9,2,7
4667107,7902517,1,1,0
4667107,7902517,5,4,1
4839742,7220071,2,4,-2
4839742,7220071,11,8,3
4914310,6869569,3,8,-5
4914310,6869569,4,1,3
6326698,7041533,1,7,-6
6326698,7041533,2,3,-1
6326698,7041533,8,2,6
6603221,8271819,10,12,-2
4854196,6365222,10,1,9
5454675,6086479,1,2,-1
5454675,6086479,7,8,-1
5454675,6086479,9,6,3
6408210,8290590,2,1,1
6408210,8290590,3,2,1
6408210,8290590,5,12,-7
6408210,8290590,9,4,5
6408210,8290590,12,5,7
4449529,6530937,1,1,0
4449529,6530937,13,5,8
5106349,6666315,4,12,-8
5224873,6890203,1,1,0
5224873,6890203,6,9,-3
5224873,6890203,8,11,-3
5224873,6890203,9,3,6
7185222,7424592,3,5,-2
7185222,7424592,11,6,5
4685464,7657296,8,1,7
4685464,7657296,10,8,2
6349052,8551823,3,7,-4
6349052,8551823,6,11,-5
6349052,8551823,11,3,8
4404235,5342652,3,2,1
4404235,5342652,8,12,-4
5228694,6857973,2,1,1
5228694,6857973,5,3,2
5228694,6857973,6,4,2
5228694,6857973,9,10,-1
5228694,6857973,13,12,1
3988498,6255239,7,1,6
6071125,7287985,4,2,2
5549102,7080643,1,1,0
5549102,7080643,12,9,3
4959455,7452535,13,13,0
4206980,4539256,1,13,-12
4206980,4539256,2,6,-4
4206980,4539256,4,3,1
4206980,4539256,8,5,3
4206980,4539256,9,11,-2
4201413,7357440,1,2,-1
4201413,7357440,4,3,1
4170281,6543602,2,9,-7
4170281,6543602,7,5,2
4170281,6543602,8,1,7
4170281,6543602,11,8,3
4188285,7435337,2,5,-3
4188285,7435337,3,3,0
4188285,7435337,4,4,0
4188285,7435337,8,8,0
4188285,7435337,9,10,-1
7459011,8613865,6,2,4
7459011,8613865,8,6,2
6637205,8166757,2,5,-3
6637205,8166757,9,7,2
6637205,8166757,10,3,7
6637205,8166757,11,4,7
6637205,8166757,12,10,2
6578068,7698446,1,6,-5
5090194,7726134,12,11,1
4533314,6637183,1,4,-3
4533314,6637183,2,3,-1
6539399,7499925,1,2,-1
6539399,7499925,3,3,0
6539399,7499925,7,6,1
6539399,7499925,13,11,2
5167454,7874731,2,4,-2
4314658,6427730,8,2,6
5017039,7048468,1,1,0
5017039,7048468,2,5,-3
5302083,5440459,2,4,-2
5302083,5440459,4,3,1
5302083,5440459,5,7,-2
4766519,7657755,1,3,-2
6356162,7204722,2,9,-7
6356162,7204722,11,1,10
6298873,7458392,1,7,-6
6298873,7458392,2,1,1
5628801,6184160,2,1,1
5222567,7953537,2,2,0
5222567,7953537,6,7,-1
7553523,8535563,2,4,-2
7553523,8535563,4,5,-1
5589843,6188373,1,1,0
5589843,6188373,8,8,0
5190517,7435247,1,3,-2
5408522,6014431,1,1,0
5408522,6014431,6,5,1
6529717,6964020,1,1,0
6952181,8275352,1,5,-4
6952181,8275352,10,10,0
6281142,8236443,13,3,10
4405228,4884885,4,2,2
4405228,4884885,7,5,2
6480588,8023623,3,12,-9
6480588,8023623,9,2,7
6480588,8023623,11,6,5
6628236,8004469,1,5,-4
4485673,6545603,4,2,2
4485673,6545603,11,9,2
5181364,6178689,4,3,1
6365358,7531300,4,7,-3
5556224,8424409,1,5,-4
5556224,8424409,3,13,-10
5556224,8424409,9,4,5
7448533,8756437,7,6,1
4877729,5501962,3,7,-4
4877729,5501962,6,4,2
4097840,6250650,4,1,3
4097840,6250650,6,4,2
5323141,7680283,5,5,0
5323141,7680283,10,8,2
5323141,7680283,11,2,9
4594868,7225737,1,2,-1
4594868,7225737,3,9,-6
4594868,7225737,6,6,0
4594868,7225737,10,8,2
4594868,7225737,12,12,0
5037528,7220350,2,12,-10
5037528,7220350,4,2,2
6484365,7997773,3,3,0
6411807,7184764,1,2,-1
5275410,8118696,1,1,0
7125734,8288186,9,9,0
7125734,8288186,10,3,7
5317323,7206583,3,7,-4
5317323,7206583,6,11,-5
5317323,7206583,10,8,2
6648109,8590679,3,6,-3
6648109,8590679,5,8,-3
6648109,8590679,8,11,-3
6648109,8590679,10,9,1
6543545,7438132,3,8,-5
6543545,7438132,6,4,2
4818628,5041339,1,7,-6
4818628,5041339,3,11,-8
4818628,5041339,6,4,2
4818628,5041339,9,2,7
5428300,7348943,1,1,0
5428300,7348943,3,4,-1
5428300,7348943,13,13,0
6301586,7349578,9,2,7
6187045,7708548,10,11,-1
6218458,6670404,12,4,8
5319181,7178733,1,2,-1
5319181,7178733,5,3,2
5319181,7178733,6,5,1
5029900,7654576,1,2,-1
5029900,7654576,2,6,-4
5029900,7654576,6,4,2
5029900,7654576,12,11,1
6618709,7309979,2,3,-1
6225944,7072668,1,1,0
6225944,7072668,4,7,-3
6225944,7072668,9,5,4
6400982,8571655,9,4,5
4535819,7921874,6,3,3
4713320,6228573,1,2,-1
4713320,6228573,2,4,-2
4713320,6228573,4,1,3
4713320,6228573,9,3,6
6620781,7157554,1,1,0
6620781,7157554,2,2,0
6620781,7157554,3,3,0
6620781,7157554,4,4,0
6620781,7157554,5,5,0
6620781,7157554,6,6,0
6620781,7157554,7,7,0
6620781,7157554,8,8,0
6620781,7157554,9,9,0
6620781,7157554,10,10,0
6620781,7157554,11,11,0
6620781,7157554,12,12,0
6620781,7157554,13,13,0
6963920,8073833,10,7,3
4963203,6969435,5,4,1
4963203,6969435,11,6,5
6663631,7291152,8,2,6
6663631,7291152,11,8,3
4833094,7619270,2,2,0
4833094,7619270,8,4,4
7986306,8587541,1,4,-3
7986306,8587541,3,11,-8
7986306,8587541,5,6,-1
7986306,8587541,10,5,5
7986306,8587541,11,1,10
6920428,7131581,2,2,0
5162117,6632451,3,8,-5
5162117,6632451,5,2,3
5162117,6632451,6,11,-5
5307928,7383952,3,4,-1
4895868,5348975,2,7,-5
4895868,5348975,6,4,2
4895868,5348975,13,5,8
4619856,6096406,1,8,-7
4619856,6096406,2,1,1
4619856,6096406,3,9,-6
4619856,6096406,4,3,1
4619856,6096406,6,10,-4
4619856,6096406,9,13,-4
5627531,6903720,5,4,1
5078716,8348948,6,11,-5
5078716,8348948,9,1,8
7145402,8324986,6,3,3
6187837,7108873,12,7,5
5184139,7110473,2,4,-2
5184139,7110473,5,1,4
5184139,7110473,6,3,3
5184139,7110473,8,8,0
4826428,6210153,1,3,-2
4826428,6210153,8,10,-2
5427488,8540471,2,2,0
5427488,8540471,6,13,-7
5298683,7742817,5,6,-1
5298683,7742817,6,7,-1
5298683,7742817,11,3,8
4490050,6577231,2,2,0
4393461,7206880,1,2,-1
4393461,7206880,3,3,0
4393461,7206880,4,8,-4
6252974,8285046,6,11,-5
4375718,6073767,3,12,-9
5643761,7339026,1,1,0
5643761,7339026,2,3,-1
5643761,7339026,3,2,1
5643761,7339026,4,8,-4
5643761,7339026,5,12,-7
5643761,7339026,6,9,-3
5643761,7339026,7,10,-3
5643761,7339026,8,5,3
5485161,7301992,1,9,-8
6355035,8241204,1,2,-1
6355035,8241204,12,7,5
6229565,7148994,1,2,-1
6229565,7148994,12,4,8
6486795,7899130,1,5,-4
6486795,7899130,2,7,-5
6486795,7899130,5,3,2
4766581,4890833,1,4,-3
4018702,6544932,6,2,4
4018702,6544932,9,10,-1
7340099,8119435,2,9,-7
6906825,7492483,1,1,0
6906825,7492483,7,12,-5
6906825,7492483,13,3,10
5332398,7951089,1,1,0
5332398,7951089,2,2,0
6848923,7695310,5,5,0
6549949,7546462,6,13,-7
5021805,5329295,2,5,-3
5021805,5329295,4,8,-4
5021805,5329295,9,1,8
4960227,5586690,1,1,0
4960227,5586690,6,12,-6
5640414,7720481,4,5,-1
5640414,7720481,5,13,-8
5640414,7720481,9,7,2
5640414,7720481,11,6,5
7040579,7357149,1,1,0
7040579,7357149,2,2,0
7040579,7357149,3,3,0
7040579,7357149,4,4,0
7040579,7357149,5,5,0
7040579,7357149,6,6,0
7040579,7357149,7,7,0
7040579,7357149,8,8,0
7040579,7357149,9,9,0
7040579,7357149,10,10,0
7040579,7357149,11,11,0
7040579,7357149,12,12,0
7040579,7357149,13,13,0
7247520,7652365,1,1,0
7247520,7652365,2,2,0
7247520,7652365,3,3,0
7247520,7652365,4,4,0
7247520,7652365,5,5,0
7247520,7652365,6,6,0
7247520,7652365,7,7,0
7247520,7652365,8,8,0
7247520,7652365,9,9,0
7247520,7652365,10,10,0
7247520,7652365,11,11,0
7247520,7652365,12,12,0
7247520,7652365,13,13,0
6306104,8239166,11,6,5
6306104,8239166,12,9,3
5638173,8203716,13,2,11
6575980,8277450,10,5,5
4827897,5311615,7,3,4
4827897,5311615,13,1,12
5301115,8326084,11,3,8
5629974,7079517,6,5,1
5629974,7079517,12,9,3
4797234,8039015,2,1,1
4797234,8039015,11,5,6
5646486,6605900,1,4,-3
5646486,6605900,3,5,-2
5646486,6605900,4,7,-3
5588432,7670329,1,7,-6
6933711,7239115,2,4,-2
6933711,7239115,8,12,-4
7295981,8738379,7,4,3
5025792,5307811,2,5,-3
4143452,4195638,1,1,0
4143452,4195638,2,2,0
4143452,4195638,4,6,-2
7361192,7601171,1,1,0
7096675,7762074,8,9,-1
5609367,6527299,2,1,1
5609367,6527299,5,5,0
5609367,6527299,12,7,5
5395589,6946300,10,11,-1
5176303,7703645,7,7,0
5488413,7669224,11,1,10
5488413,7669224,12,5,7
5488413,7669224,13,3,10
6151690,6634009,1,1,0
4707309,4976900,13,1,12
6882025,8507951,10,6,4
4801299,7134437,3,10,-7
6625839,8151397,5,2,3
6625839,8151397,8,9,-1
7137391,7997458,6,8,-2
6225639,7846848,5,1,4
6225639,7846848,8,2,6
7312370,7632977,1,2,-1
7312370,7632977,4,3,1
7312370,7632977,5,10,-5
7312370,7632977,9,1,8
4219519,7914599,2,13,-11
4219519,7914599,3,12,-9
4219519,7914599,10,6,4
4666695,5397556,1,2,-1
5152301,5566684,1,1,0
5152301,5566684,11,11,0
5152301,5566684,13,13,0
4683960,6523622,3,1,2
5181921,6988983,5,5,0
6869817,7622321,11,3,8
4039426,4183733,5,12,-7
4039426,4183733,8,1,7
6936960,7854513,13,10,3
5442465,5640465,7,13,-6
6146148,7058354,12,8,4
4679068,6970190,5,1,4
4679068,6970190,6,9,-3
4820000,5024246,1,3,-2
4820000,5024246,3,2,1
4820000,5024246,4,4,0
5320428,6074619,1,8,-7
6238065,8153894,3,5,-2
6889399,7690062,7,3,4
6141617,6317679,1,2,-1
6141617,6317679,3,5,-2
6141617,6317679,4,1,3
6141617,6317679,7,7,0
4534450,6648579,2,6,-4
4534450,6648579,3,1,2
5147355,7192427,7,3,4
5147355,7192427,10,2,8
6463200,7450808,3,9,-6
4570903,5454273,1,2,-1
4570903,5454273,4,1,3
6189146,8041642,1,1,0
6189146,8041642,4,2,2
6189146,8041642,6,7,-1
5402095,6486862,1,4,-3
5644723,8121899,1,7,-6
5095480,7246148,10,2,8
4175493,4947754,3,9,-6
5213747,5590454,4,3,1
5213747,5590454,10,2,8
5213747,5590454,13,4,9
4054785,4321680,1,4,-3
4054785,4321680,2,2,0
4054785,4321680,4,3,1
4054785,4321680,5,1,4
5033800,5152586,1,3,-2
5033800,5152586,9,2,7
6167312,7724509,1,12,-11
6167312,7724509,2,2,0
6167312,7724509,4,7,-3
5316023,7766954,5,1,4
6498148,7622297,1,2,-1
4774448,7812556,3,6,-3
4774448,7812556,10,11,-1
5359441,5644369,2,6,-4
5359441,5644369,3,10,-7
6431346,8647039,1,8,-7
4235378,4684066,4,2,2
4235378,4684066,11,1,10
4139359,4540425,2,9,-7
4139359,4540425,3,12,-9
4139359,4540425,4,5,-1
4139359,4540425,5,10,-5
6850178,7525471,2,4,-2
6850178,7525471,4,2,2
4747153,5351310,9,5,4
5258748,8626826,2,5,-3
5296873,5428384,1,1,0
5296873,5428384,2,2,0
5296873,5428384,3,3,0
5296873,5428384,4,4,0
5296873,5428384,5,6,-1
5296873,5428384,6,7,-1
5296873,5428384,7,8,-1
5296873,5428384,8,9,-1
5296873,5428384,10,11,-1
5296873,5428384,11,12,-1
5296873,5428384,12,5,7
5296873,5428384,13,13,0
4699474,4812024,1,10,-9
4699474,4812024,2,1,1
4699474,4812024,3,11,-8
4699474,4812024,7,5,2
4699474,4812024,10,4,6
5102948,7400490,10,12,-2
5306275,6974461,2,7,-5
5306275,6974461,4,2,2
4699225,7384894,12,4,8
4191409,4718703,2,5,-3
4191409,4718703,8,7,1
4312159,6981728,3,6,-3
6576239,7452964,6,3,3
6576239,7452964,7,9,-2
4862911,6431465,3,6,-3
4862911,6431465,8,5,3
6240317,6954674,6,2,4
5527313,7846161,1,4,-3
5527313,7846161,5,1,4
5527313,7846161,8,3,5
5527313,7846161,11,9,2
5527313,7846161,13,11,2
5214781,6343054,5,1,4
5214781,6343054,6,13,-7
5585301,6875626,3,8,-5
5585301,6875626,10,2,8
4368417,4697135,3,2,1
4368417,4697135,6,3,3
4368417,4697135,9,7,2
4368417,4697135,11,1,10
4760437,5570457,1,9,-8
4760437,5570457,4,13,-9
6895787,8506303,1,6,-5
6744077,7394188,6,13,-7
6744077,7394188,12,5,7
6561578,7080879,1,3,-2
6561578,7080879,2,1,1
7289404,7626901,2,1,1
7289404,7626901,3,3,0
7289404,7626901,5,5,0
7289404,7626901,6,8,-2
7289404,7626901,7,13,-6
7289404,7626901,8,10,-2
4550920,7159871,1,2,-1
4550920,7159871,4,1,3
4550920,7159871,7,7,0
5118126,7188854,2,2,0
5118126,7188854,9,13,-4
5239747,6897553,8,9,-1
5203760,7467993,3,6,-3
4608638,6064929,1,2,-1
4608638,6064929,10,13,-3
4988351,6464706,2,3,-1
4988351,6464706,3,2,1
4988351,6464706,11,6,5
5078760,5482537,3,4,-1
5236186,6937126,5,3,2
6263222,8489364,1,7,-6
5393894,8604219,3,3,0
5594250,7800051,1,1,0
5594250,7800051,2,3,-1
5594250,7800051,7,7,0
4415732,4808708,11,9,2
4240009,5036256,2,1,1
4240009,5036256,6,10,-4
5563805,6377993,8,4,4
4795111,7101246,13,5,8
5044104,6226910,8,5,3
7113102,8686588,3,6,-3
7113102,8686588,4,1,3
7113102,8686588,10,2,8
4341604,5041197,1,5,-4
4341604,5041197,3,10,-7
3994771,6458248,1,10,-9
5634098,7343587,1,1,0
7432734,7671626,1,1,0
7432734,7671626,2,2,0
7432734,7671626,3,3,0
7432734,7671626,4,4,0
7432734,7671626,5,5,0
7432734,7671626,6,6,0
7432734,7671626,7,7,0
7432734,7671626,8,8,0
7432734,7671626,9,9,0
7432734,7671626,10,10,0
7432734,7671626,11,11,0
7432734,7671626,12,12,0
7432734,7671626,13,13,0
6286702,7226360,2,2,0
6286702,7226360,5,9,-4
6286702,7226360,6,3,3
6286702,7226360,11,8,3
6421813,7356786,8,4,4
4340959,4872156,5,2,3
4340959,4872156,6,10,-4
6303405,8106417,2,2,0
6303405,8106417,3,6,-3
6303405,8106417,12,11,1
5053212,7182895,1,10,-9
5053212,7182895,4,12,-8
5374788,8148263,3,8,-5
5374788,8148263,5,2,3
7894852,8514827,2,1,1
7894852,8514827,5,4,1
6097771,7349438,2,7,-5
6097771,7349438,4,8,-4
6077260,8202292,1,5,-4
6077260,8202292,11,9,2
5072384,8229222,9,5,4
6228544,6645703,6,6,0
6199077,7349894,5,2,3
6199077,7349894,7,3,4
5083887,8251112,1,5,-4
5083887,8251112,3,7,-4
5083887,8251112,4,6,-2
5142571,5577115,1,13,-12
5142571,5577115,4,5,-1
6436283,7726906,1,12,-11
5559804,8311020,5,2,3
5559804,8311020,6,5,1
5559804,8311020,8,7,1
6482721,7638377,1,1,0
6482721,7638377,7,10,-3
4631639,6842345,4,5,-1
4631639,6842345,7,3,4
4631639,6842345,9,2,7
4631639,6842345,10,7,3
5618217,7408142,5,7,-2
5591160,6141577,2,9,-7
5591160,6141577,4,13,-9
5591160,6141577,5,3,2
5338687,8698494,1,4,-3
5338687,8698494,2,1,1
5338687,8698494,5,7,-2
4252876,6746804,6,11,-5
8337362,8568275,2,4,-2
8337362,8568275,5,7,-2
8337362,8568275,7,10,-3
8337362,8568275,9,9,0
8337362,8568275,10,8,2
8337362,8568275,12,11,1
6530032,6904018,3,1,2
6530032,6904018,4,10,-6
6530032,6904018,7,5,2
6530032,6904018,11,9,2
5651837,6525262,1,1,0
5651837,6525262,4,3,1
5651837,6525262,5,2,3
7481133,8381442,2,3,-1
7481133,8381442,4,2,2
7778573,8583025,1,8,-7
7778573,8583025,2,7,-5
7778573,8583025,3,1,2
6314686,7238916,5,2,3
4287540,7667915,1,2,-1
4287540,7667915,4,4,0
6580137,7102166,2,2,0
6580137,7102166,7,10,-3
4856368,7036311,2,1,1
4856368,7036311,4,4,0
4856368,7036311,6,3,3
4856368,7036311,7,6,1
4856368,7036311,10,2,8
6215892,8121794,10,3,7
4435484,4698281,1,7,-6
4435484,4698281,4,1,3
4435484,4698281,9,12,-3
6149399,7124748,1,1,0
6149399,7124748,4,5,-1
6149399,7124748,10,10,0
6480100,7504945,1,6,-5
6480100,7504945,3,4,-1
6480100,7504945,4,5,-1
4642655,8096715,8,8,0
6240065,7729369,1,1,0
6240065,7729369,2,2,0
6240065,7729369,3,3,0
6240065,7729369,4,4,0
6240065,7729369,5,5,0
6240065,7729369,6,6,0
6240065,7729369,7,7,0
6240065,7729369,8,8,0
6240065,7729369,9,9,0
6240065,7729369,10,10,0
6240065,7729369,11,11,0
6240065,7729369,12,12,0
6240065,7729369,13,13,0
4492855,4933537,4,8,-4
5272399,7834669,2,4,-2
5272399,7834669,3,13,-10
5272399,7834669,4,7,-3
5272399,7834669,6,9,-3
5272399,7834669,7,2,5
5272399,7834669,10,1,9
5583763,7895223,1,12,-11
5583763,7895223,2,3,-1
6536675,8340826,2,11,-9
6536675,8340826,11,9,2
4983016,6556347,7,1,6
6165310,7240422,3,4,-1
4708312,7967271,1,1,0
4708312,7967271,9,7,2
6155970,7444694,1,1,0
7386217,7725315,8,7,1
6424141,7138813,1,1,0
6424141,7138813,3,3,0
6424141,7138813,4,13,-9
6424141,7138813,5,5,0
6424141,7138813,9,7,2
4780806,5276461,2,5,-3
6097456,7052150,1,4,-3
7392015,7995981,3,1,2
7625706,7846738,1,1,0
7625706,7846738,6,2,4
5422368,7425572,1,2,-1
5422368,7425572,7,12,-5
5422368,7425572,12,6,6
5026546,8277823,4,2,2
5026546,8277823,6,4,2
5033783,7181833,2,2,0
5033783,7181833,8,1,7
5033783,7181833,9,4,5
7416239,8556325,1,1,0
7416239,8556325,3,4,-1
7416239,8556325,9,10,-1
6351384,6986382,1,12,-11
4629382,7650980,11,1,10
7256627,7586335,1,2,-1
7256627,7586335,2,5,-3
7256627,7586335,9,3,6
4643182,4883547,1,4,-3
4643182,4883547,6,11,-5
6282688,7428686,1,12,-11
6282688,7428686,9,10,-1
6650748,7729490,6,10,-4
6455372,8592940,6,6,0
6545903,7902538,3,2,1
6545903,7902538,4,10,-6
6545903,7902538,5,3,2
6545903,7902538,10,9,1
5323468,8254611,1,6,-5
4605292,5555137,1,1,0
4605292,5555137,4,12,-8
5486452,8283158,3,10,-7
4198015,6491253,1,1,0
4198015,6491253,9,2,7
6870895,7733307,3,1,2
6870895,7733307,4,11,-7
6870895,7733307,6,8,-2
6870895,7733307,10,7,3
4704369,8729385,5,10,-5
4704369,8729385,13,3,10
6264187,7311302,1,3,-2
7209140,7755636,1,1,0
7209140,7755636,2,2,0
7209140,7755636,3,3,0
7209140,7755636,4,4,0
7209140,7755636,5,5,0
7209140,7755636,6,6,0
7209140,7755636,8,7,1
7209140,7755636,9,8,1
7209140,7755636,10,9,1
7209140,7755636,11,10,1
7209140,7755636,12,11,1
7209140,7755636,13,12,1
5041933,5285324,3,2,1
5041933,5285324,9,13,-4
5273254,6905143,6,4,2
5273254,6905143,8,6,2
7032852,7342742,1,1,0
7032852,7342742,2,4,-2
7032852,7342742,11,9,2
7032852,7342742,12,6,6
7135009,8425450,8,10,-2
4285116,4700461,4,4,0
6208305,7548210,1,1,0
6489022,7438499,4,7,-3
6489022,7438499,5,5,0
6238678,8673366,12,12,0
4266981,7815876,1,1,0
4928161,5320973,1,1,0
4928161,5320973,2,2,0
4928161,5320973,3,4,-1
4928161,5320973,4,3,1
4928161,5320973,5,5,0
4928161,5320973,6,6,0
4928161,5320973,7,7,0
4928161,5320973,8,8,0
4928161,5320973,9,9,0
4928161,5320973,10,10,0
4928161,5320973,11,11,0
4928161,5320973,13,13,0
6992636,7522121,7,11,-4
5208219,6984623,6,4,2
6625749,7366948,1,1,0
4690005,5214968,5,5,0
5185561,7577522,9,12,-3
5363064,6614312,6,1,5
4211336,5566850,1,2,-1
4211336,5566850,12,8,4
4965049,7118918,3,2,1
5406172,7196481,5,3,2
5406172,7196481,8,9,-1
5649114,8719085,4,3,1
4375906,6491497,1,1,0
4375906,6491497,4,5,-1
4931677,5127599,2,6,-4
4931677,5127599,5,5,0
4337946,7494427,2,1,1
4337946,7494427,4,2,2
4337946,7494427,12,12,0
4279474,6851805,3,2,1
4933269,5312722,2,8,-6
4933269,5312722,5,9,-4
4933269,5312722,13,6,7
5358907,6528820,1,7,-6
4443866,8239594,5,8,-3
4842782,6174155,2,6,-4
5522400,6508789,1,1,0
5522400,6508789,2,10,-8
5522400,6508789,13,6,7
4541689,7293923,5,2,3
8189089,8724014,6,13,-7
8189089,8724014,9,12,-3
6923721,7713119,1,1,0
6923721,7713119,2,9,-7
6923721,7713119,3,4,-1
6923721,7713119,5,8,-3
4889849,5091583,2,3,-1
4889849,5091583,3,2,1
5424701,6262642,1,3,-2
5424701,6262642,12,1,11
5424701,6262642,13,13,0
5423430,7549544,2,5,-3
5423430,7549544,9,7,2
4804572,7713375,3,10,-7
7134267,8341930,1,3,-2
7134267,8341930,2,1,1
5268259,6652903,10,11,-1
5338965,6498372,7,3,4
4418346,7453445,9,11,-2
4877646,6346491,2,10,-8
4877646,6346491,6,1,5
4877646,6346491,9,2,7
6032203,8355234,8,1,7
6630574,7087733,2,10,-8
6630574,7087733,3,4,-1
6630574,7087733,13,9,4
4989328,6449849,1,2,-1
4989328,6449849,8,1,7
4989328,6449849,9,13,-4
4989328,6449849,10,3,7
6071200,7059973,5,8,-3
6071200,7059973,7,2,5
6071200,7059973,10,1,9
7265494,7443101,1,1,0
7265494,7443101,3,12,-9
7265494,7443101,4,9,-5
7265494,7443101,7,8,-1
7265494,7443101,11,7,4
4818519,6264924,2,5,-3
4818519,6264924,3,6,-3
4818519,6264924,12,3,9
6960707,8450566,2,2,0
6960707,8450566,4,4,0
6960707,8450566,5,8,-3
6960707,8450566,6,10,-4
6960707,8450566,10,11,-1
6960707,8450566,11,3,8
5169351,6348758,1,12,-11
5169351,6348758,3,4,-1
5169351,6348758,11,1,10
7366522,8620343,4,4,0
4895134,7681568,1,9,-8
4895134,7681568,11,5,6
4858707,6571891,4,3,1
4195642,8280682,13,12,1
7027773,7613190,1,6,-5
7027773,7613190,2,1,1
4859057,6662033,2,6,-4
4859057,6662033,4,7,-3
4859057,6662033,5,11,-6
4859057,6662033,6,3,3
6667489,7550758,9,4,5
6667489,7550758,11,10,1
6667489,7550758,13,13,0
6966015,7408441,2,11,-9
6966015,7408441,10,12,-2
6214710,6468900,1,11,-10
6214710,6468900,5,3,2
6214710,6468900,6,7,-1
6214710,6468900,10,10,0
5439881,7129212,1,8,-7
5439881,7129212,9,4,5
7092521,7658354,5,12,-7
7092521,7658354,8,5,3
7092521,7658354,9,6,3
7092521,7658354,11,8,3
4336053,5102446,2,1,1
4336053,5102446,3,8,-5
6418144,7061922,4,6,-2
6418144,7061922,10,10,0
6418144,7061922,13,7,6
6548991,7449874,2,2,0
6548991,7449874,5,7,-2
6548991,7449874,7,5,2
5135913,8273791,2,5,-3
5135913,8273791,3,8,-5
5135913,8273791,11,9,2
5135913,8273791,12,13,-1
7183914,8453937,1,9,-8
7183914,8453937,3,11,-8
7183914,8453937,7,1,6
7183914,8453937,13,3,10
6596016,7147653,2,1,1
6596016,7147653,8,4,4
4276882,8019443,1,3,-2
4276882,8019443,3,4,-1
4276882,8019443,6,2,4
6634770,8256924,6,1,5
6634770,8256924,9,3,6
5079513,6512798,4,12,-8
5079513,6512798,5,7,-2
5049803,6943529,1,1,0
5049803,6943529,2,4,-2
5255002,7932870,4,4,0
6442105,7701895,1,1,0
5214218,5430198,3,8,-5
5214218,5430198,8,10,-2
7100358,8347500,1,7,-6
7100358,8347500,2,2,0
7100358,8347500,4,10,-6
7157200,7309556,1,4,-3
7157200,7309556,2,1,1
7157200,7309556,3,3,0
7157200,7309556,4,2,2
7157200,7309556,5,5,0
7157200,7309556,6,11,-5
7157200,7309556,7,7,0
7157200,7309556,8,8,0
7157200,7309556,9,12,-3
6562171,7144357,1,2,-1
6562171,7144357,5,12,-7
4248462,6484375,12,6,6
5563526,8330529,6,7,-1
4055632,5350587,10,4,6
6374405,7269775,9,6,3
6374405,7269775,10,11,-1
5247781,6279298,2,2,0
5247781,6279298,4,5,-1
5247781,6279298,7,13,-6
5247781,6279298,8,3,5
4425844,4833626,9,4,5
3973165,4988922,1,1,0
3973165,4988922,3,11,-8
3973165,4988922,4,4,0
3973165,4988922,9,7,2
3973165,4988922,13,2,11
6365502,7696092,2,3,-1
6365502,7696092,10,4,6
5363221,5526155,1,8,-7
5363221,5526155,4,1,3
5363221,5526155,8,7,1
3970846,5266793,13,9,4
4111178,8635990,2,9,-7
4111178,8635990,4,1,3
4111178,8635990,10,7,3
5105424,7072976,1,2,-1
5105424,7072976,2,1,1
5105424,7072976,3,13,-10
5105424,7072976,5,11,-6
5105424,7072976,11,4,7
5105424,7072976,12,7,5
6430732,7685541,2,5,-3
6430732,7685541,3,12,-9
6430732,7685541,4,1,3
6430732,7685541,8,6,2
6430732,7685541,9,7,2
6430732,7685541,11,8,3
7292535,8363549,3,2,1
7292535,8363549,12,9,3
6084528,8635113,2,10,-8
6850788,8092379,3,2,1
5397324,8257391,3,4,-1
4799480,8216222,1,2,-1
4799480,8216222,3,9,-6
4799480,8216222,5,8,-3
7004849,8083609,3,6,-3
7004849,8083609,8,12,-4
7004849,8083609,11,7,4
7004849,8083609,13,3,10
6942950,8425709,5,3,2
6942950,8425709,7,11,-4
6942950,8425709,10,1,9
5564142,6178578,3,5,-2
7346116,8149863,2,1,1
7346116,8149863,3,8,-5
7346116,8149863,12,7,5
6225622,7728285,1,1,0
6225622,7728285,5,4,1
7257172,8139457,1,4,-3
7257172,8139457,12,9,3
6891241,7906347,11,4,7
5354712,6208016,10,4,6
5453520,6124482,1,1,0
5453520,6124482,3,4,-1
5453520,6124482,4,2,2
5453520,6124482,11,8,3
7271470,8546849,1,4,-3
5397046,8636736,2,8,-6
5397046,8636736,9,10,-1
4846727,7156690,2,3,-1
6520626,8148049,13,5,8
4188656,4408261,1,2,-1
4188656,4408261,3,12,-9
4188656,4408261,4,11,-7
4188656,4408261,5,8,-3
4188656,4408261,10,6,4
4188656,4408261,12,13,-1
5643038,7066778,3,1,2
5643038,7066778,4,2,2
7672814,8381039,1,1,0
4806301,7150847,2,2,0
5094658,7703599,4,2,2
6837141,7654354,5,10,-5
4096520,5008951,4,2,2
4096520,5008951,8,6,2
4096520,5008951,10,7,3
5430486,7965311,4,2,2
6560596,8041662,6,1,5
6560596,8041662,8,3,5
5305392,7034928,5,4,1
5305392,7034928,10,6,4
6623074,7862117,1,6,-5
6623074,7862117,2,1,1
6623074,7862117,6,10,-4
6623074,7862117,10,5,5
4729372,5324281,1,1,0
4729372,5324281,12,13,-1
6196103,8327745,1,1,0
6196103,8327745,2,4,-2
6196103,8327745,3,5,-2
6196103,8327745,10,9,1
6196103,8327745,11,10,1
6414595,8484336,3,6,-3
6491443,8328406,5,1,4
4342023,6360187,2,11,-9
4342023,6360187,3,7,-4
4342023,6360187,4,3,1
4342023,6360187,12,10,2
4178810,5000191,6,1,5
4199209,6877992,4,6,-2
4199209,6877992,7,4,3
4199209,6877992,10,7,3
5380408,6524363,8,9,-1
4459867,8033937,5,6,-1
4459867,8033937,6,3,3
4943506,6866978,1,3,-2
4943506,6866978,2,12,-10
4943506,6866978,3,1,2
4943506,6866978,8,4,4
4943506,6866978,11,11,0
4917431,7798549,4,8,-4
4917431,7798549,8,9,-1
4014548,4934711,1,1,0
4014548,4934711,2,3,-1
4014548,4934711,3,5,-2
4014548,4934711,9,11,-2
4014548,4934711,12,12,0
5255332,8000568,1,2,-1
5255332,8000568,8,6,2
5255332,8000568,11,3,8
7050067,7714866,11,7,4
5117633,7975465,1,1,0
4676413,6474522,3,2,1
4676413,6474522,6,9,-3
4676413,6474522,8,7,1
4110511,7629394,6,1,5
4110511,7629394,9,5,4
6134532,8255413,4,6,-2
6632225,7892236,8,10,-2
7308880,7832375,2,1,1
7308880,7832375,3,2,1
7308880,7832375,4,13,-9
7308880,7832375,6,3,3
6522219,8085116,7,8,-1
6522219,8085116,8,5,3
6363495,8060773,1,1,0
6363495,8060773,2,3,-1
6363495,8060773,3,2,1
6363495,8060773,4,10,-6
5377035,7047028,8,3,5
4493972,4804110,12,2,10
4535475,7471063,2,1,1
4535475,7471063,3,5,-2
4535475,7471063,4,3,1
6099758,6646698,2,1,1
4180596,4640004,1,5,-4
4180596,4640004,3,3,0
4180596,4640004,4,8,-4
4180596,4640004,9,6,3
4180596,4640004,10,7,3
7656770,8023389,1,3,-2
7656770,8023389,2,4,-2
7656770,8023389,3,11,-8
7656770,8023389,6,2,4
7656770,8023389,10,1,9
7656770,8023389,13,10,3
6990171,7706508,1,10,-9
6990171,7706508,12,8,4
6990171,7706508,13,1,12
4725120,6276840,1,2,-1
4725120,6276840,3,3,0
4725120,6276840,5,6,-1
6208512,6527522,5,2,3
4642411,6169231,7,4,3
4206854,5310076,1,4,-3
6432881,7456133,5,6,-1
5045786,6545852,8,7,1
7797446,8214431,1,2,-1
7797446,8214431,4,3,1
4998974,6510342,6,1,5
3932392,4286088,12,8,4
5177008,8634940,12,7,5
6990570,7415599,1,9,-8
6990570,7415599,4,2,2
6990570,7415599,7,4,3
5378720,7067540,8,11,-3
5378720,7067540,10,6,4
4410805,7605482,3,1,2
5600843,7930517,2,5,-3
6210564,7588681,4,6,-2
6575967,8142427,2,2,0
6575967,8142427,6,13,-7
7148146,8748279,6,4,2
7148146,8748279,7,5,2
7148146,8748279,8,12,-4
4747849,8696738,4,1,3
5409858,7232728,2,6,-4
5484274,7112474,3,8,-5
4644475,5115396,2,2,0
6141567,7043259,3,3,0
6141567,7043259,11,6,5
6577024,7112899,5,8,-3
6577024,7112899,6,6,0
5615128,6260183,4,3,1
5615128,6260183,10,2,8
6639896,7974223,1,10,-9
6639896,7974223,2,2,0
6639896,7974223,3,3,0
6639896,7974223,8,4,4
6981223,7441027,1,3,-2
6981223,7441027,10,6,4
5179700,6064382,1,10,-9
5179700,6064382,4,13,-9
5560398,6378562,2,1,1
4458462,4704835,2,3,-1
4458462,4704835,3,5,-2
6426259,7682885,2,12,-10
6426259,7682885,5,6,-1
6426259,7682885,8,4,4
6426259,7682885,12,5,7
6249708,7914520,3,1,2
6249708,7914520,6,5,1
6249708,7914520,9,11,-2
5449699,6534556,1,8,-7
5449699,6534556,3,2,1
5449699,6534556,4,7,-3
5449699,6534556,5,1,4
5449699,6534556,8,6,2
4602097,7705065,3,1,2
4602097,7705065,4,8,-4
5232357,7975489,1,1,0
5232357,7975489,4,7,-3
5074809,7347727,4,1,3
5074809,7347727,7,6,1
6884113,8465321,2,5,-3
6884113,8465321,3,3,0
6884113,8465321,5,13,-8
6884113,8465321,6,4,2
4315613,6536357,3,9,-6
4315613,6536357,4,2,2
4315613,6536357,9,6,3
4315613,6536357,11,8,3
5626136,6413234,1,1,0
5626136,6413234,3,5,-2
5626136,6413234,12,4,8
6283947,7887871,4,1,3
6283947,7887871,5,6,-1
6283947,7887871,6,7,-1
4623776,6285002,1,1,0
4623776,6285002,2,4,-2
4623776,6285002,12,13,-1
4731499,6121519,3,3,0
4731499,6121519,4,4,0
4731499,6121519,6,5,1
4731499,6121519,11,2,9
5157054,6069179,4,5,-1
5157054,6069179,9,1,8
6299005,8695830,9,6,3
6614452,7765487,1,1,0
6614452,7765487,2,2,0
6614452,7765487,3,3,0
6614452,7765487,4,4,0
6614452,7765487,5,5,0
6614452,7765487,6,6,0
6614452,7765487,7,7,0
6614452,7765487,8,8,0
6614452,7765487,9,9,0
6614452,7765487,10,10,0
6614452,7765487,11,11,0
6614452,7765487,12,12,0
6614452,7765487,13,13,0
5333297,5615374,2,5,-3
4186027,4767466,1,1,0
4186027,4767466,2,2,0
4165613,8540048,3,1,2
4165613,8540048,6,4,2
4165613,8540048,7,5,2
4165613,8540048,13,8,5
6453303,7865423,3,4,-1
5168961,6598791,1,3,-2
4138006,5408896,1,1,0
4138006,5408896,4,9,-5
7187838,8005335,4,13,-9
7187838,8005335,6,3,3
7187838,8005335,7,9,-2
7187838,8005335,8,12,-4
5449044,6530435,2,7,-5
5449044,6530435,4,3,1
6223254,8001361,3,2,1
6223254,8001361,8,3,5
6267297,7930068,8,4,4
4289567,4398990,4,9,-5
5116180,7038657,5,11,-6
5572817,6158868,1,2,-1
5572817,6158868,4,4,0
5572817,6158868,5,10,-5
6430602,7769154,4,1,3
6430602,7769154,11,4,7
6114317,6506912,1,1,0
6114317,6506912,2,2,0
6114317,6506912,3,3,0
6114317,6506912,4,4,0
6114317,6506912,5,5,0
6114317,6506912,6,6,0
6114317,6506912,7,7,0
6114317,6506912,8,8,0
6114317,6506912,9,9,0
6114317,6506912,10,10,0
6114317,6506912,11,11,0
6114317,6506912,12,12,0
6114317,6506912,13,13,0
7118003,8186531,1,13,-12
7118003,8186531,4,9,-5
7118003,8186531,7,11,-4
5188970,5559332,6,2,4
4176977,4343012,4,2,2
4455452,8682602,9,9,0
4463958,6254102,1,1,0
4463958,6254102,4,2,2
4463958,6254102,6,12,-6
5187498,7954934,2,1,1
5187498,7954934,7,6,1
4853011,6353963,1,7,-6
4853011,6353963,2,9,-7
4853011,6353963,3,2,1
4175300,6330729,2,2,0
7109600,8669685,1,2,-1
7109600,8669685,4,5,-1
7109600,8669685,9,10,-1
7269727,7813759,1,13,-12
7269727,7813759,11,7,4
7780663,8740034,5,2,3
7780663,8740034,12,3,9
7780663,8740034,13,5,8
5167683,7455707,1,1,0
5167683,7455707,3,7,-4
5167683,7455707,4,12,-8
5169412,5378263,1,1,0
5169412,5378263,8,3,5
5169412,5378263,10,5,5
5169412,5378263,13,8,5
7113484,7672332,1,3,-2
7113484,7672332,2,13,-11
7113484,7672332,3,2,1
7113484,7672332,4,12,-8
7113484,7672332,13,6,7
4111073,5184526,1,3,-2
4111073,5184526,7,2,5
6094338,6414837,1,8,-7
6094338,6414837,4,3,1
6094338,6414837,5,13,-8
6094338,6414837,7,1,6
6065092,8391039,2,1,1
5152597,6441955,3,4,-1
4385308,8575684,4,6,-2
4385308,8575684,5,2,3
4385308,8575684,6,5,1
4385308,8575684,10,9,1
6295087,7433545,1,10,-9
6395704,7696147,1,2,-1
5069655,7727101,4,8,-4
7369435,8362800,9,1,8
4753281,7891398,7,11,-4
4753281,7891398,12,9,3
4675839,5164958,11,9,2
4675839,5164958,13,5,8
6631765,7195061,1,4,-3
6631765,7195061,3,2,1
6252814,8554475,9,10,-1
4873572,7116352,1,4,-3
6144938,7949752,2,7,-5
6144938,7949752,3,4,-1
6974556,8308475,2,3,-1
6974556,8308475,3,5,-2
6974556,8308475,5,9,-4
3965681,4126111,5,5,0
3965681,4126111,6,2,4
3965681,4126111,7,6,1
3965681,4126111,8,7,1
4933119,7494334,1,1,0
7061334,7268635,2,1,1
7061334,7268635,3,11,-8
5339192,5576901,1,2,-1
5339192,5576901,7,11,-4
5339192,5576901,10,1,9
5124852,7542729,2,1,1
5124852,7542729,7,6,1
6438770,8267328,9,9,0
4705951,6330756,9,2,7
5252625,5654345,2,5,-3
5252625,5654345,5,3,2
7030522,7436088,1,1,0
7030522,7436088,8,2,6
7030522,7436088,9,7,2
6171609,8067054,13,4,9
6341330,7493019,4,1,3
6330627,6894946,1,2,-1
6330627,6894946,4,3,1
6330627,6894946,6,11,-5
6501834,8155962,8,9,-1
6215326,7391236,3,7,-4
3996938,7781038,1,11,-10
6243691,7584123,3,1,2
6243691,7584123,7,2,5
5401378,7435384,2,2,0
5657241,6321366,5,11,-6
6627481,8455988,2,10,-8
6627481,8455988,9,1,8
6627481,8455988,13,8,5
5620452,7850703,2,6,-4
5620452,7850703,12,1,11
7349951,8274677,1,4,-3
5128959,7787845,5,3,2
5128959,7787845,6,11,-5
5618090,7073765,2,2,0
5618090,7073765,8,5,3
7749157,8454593,4,11,-7
7749157,8454593,7,4,3
7749157,8454593,12,6,6
7749157,8454593,13,7,6
7010683,7703128,11,7,4
4122166,4713366,3,3,0
6188832,8542980,3,4,-1
6188832,8542980,4,1,3
6188832,8542980,9,8,1
6188832,8542980,10,9,1
6188832,8542980,11,2,9
5376707,8008376,7,9,-2
5376707,8008376,12,3,9
4918260,5446080,1,1,0
4918260,5446080,10,9,1
5566173,6137800,11,13,-2
5566173,6137800,12,11,1
4999672,7464867,9,4,5
4080286,4334982,6,13,-7
4080286,4334982,11,9,2
6932837,8414635,11,4,7
6932837,8414635,12,2,10
6932837,8414635,13,1,12
6062651,7850252,1,7,-6
6243736,7313797,1,2,-1
6243736,7313797,4,1,3
4911600,6503045,1,3,-2
4911600,6503045,12,4,8
5578709,7119195,5,6,-1
5333347,8026408,1,6,-5
7129091,7374726,1,12,-11
7129091,7374726,11,13,-2
7129091,7374726,12,2,10
4283272,4695364,8,9,-1
4032543,7358275,1,4,-3
4032543,7358275,2,5,-3
4032543,7358275,8,13,-5
4023216,7694819,10,1,9
6561654,7101050,1,8,-7
6561654,7101050,6,9,-3
6561654,7101050,9,2,7
6491572,7044839,2,2,0
6491572,7044839,3,3,0
6491572,7044839,4,5,-1
6491572,7044839,7,6,1
5250263,6120665,4,2,2
4131001,4964285,11,7,4
6633498,8213221,2,5,-3
6633498,8213221,3,1,2
6633498,8213221,9,6,3
6633498,8213221,10,8,2
5299132,6349211,6,3,3
7721697,8752524,6,6,0
7721697,8752524,8,13,-5
7721697,8752524,11,3,8
4774205,7777250,13,7,6
6193194,8004250,4,9,-5
5636002,8129757,1,1,0
4589569,6889860,1,2,-1
4589569,6889860,2,4,-2
4589569,6889860,3,8,-5
4539259,4923549,2,7,-5
4539259,4923549,6,10,-4
4539259,4923549,10,12,-2
5055834,6654486,2,4,-2
5055834,6654486,6,10,-4
5600802,6092132,3,13,-10
5600802,6092132,8,2,6
6197013,8475518,3,10,-7
6352627,8512882,3,6,-3
4711418,6863246,2,2,0
4996666,7103708,6,4,2
6608941,7480397,10,1,9
6608941,7480397,13,10,3
7993467,8555453,13,5,8
4601669,5011449,1,5,-4
4601669,5011449,3,13,-10
4601669,5011449,6,2,4
6227685,7572036,1,12,-11
6227685,7572036,7,10,-3
6227685,7572036,8,9,-1
6458933,7371381,5,3,2
4760422,6597884,3,1,2
4760422,6597884,8,11,-3
7209250,7391743,9,8,1
7167586,8621349,7,7,0
6260189,8166450,1,1,0
6260189,8166450,4,4,0
6260189,8166450,6,6,0
4564193,5527245,2,1,1
4547791,5005153,1,12,-11
4547791,5005153,4,8,-4
4547791,5005153,9,6,3
6088592,7593726,7,10,-3
4828590,4961764,1,1,0
6631290,7725184,4,2,2
7046161,7116229,2,4,-2
7046161,7116229,10,6,4
7046161,7116229,11,8,3
5282121,7959320,6,2,4
7275008,8677640,3,10,-7
7275008,8677640,8,5,3
7275008,8677640,9,11,-2
7183290,8143427,7,6,1
6621371,7692983,7,5,2
7179429,8071039,1,3,-2
7179429,8071039,8,9,-1
7179429,8071039,13,5,8
6377119,7289773,6,12,-6
6937331,8120832,3,1,2
6937331,8120832,7,8,-1
6221605,8546082,5,10,-5
6441950,6862133,2,1,1
6441950,6862133,7,4,3
4264333,4426409,1,3,-2
6259261,8415963,1,1,0
4191344,6547273,2,5,-3
4191344,6547273,4,7,-3
6280813,6635367,5,1,4
6280813,6635367,7,4,3
4929949,8262034,2,5,-3
5395770,7964865,1,3,-2
5395770,7964865,3,2,1
5395770,7964865,5,13,-8
5395770,7964865,6,7,-1
5395770,7964865,12,6,6
4021047,7749097,1,1,0
4021047,7749097,5,2,3
4021047,7749097,11,4,7
5525329,8074644,10,9,1
6411098,8306690,1,5,-4
6411098,8306690,7,9,-2
6411098,8306690,11,6,5
5321222,6348516,1,3,-2
4564997,4755482,3,1,2
4564997,4755482,13,3,10
6255536,7053237,4,1,3
5288349,7048987,7,6,1
4068018,4976818,10,4,6
7809329,8520652,7,3,4
4348941,4825743,3,6,-3
6611684,6990182,1,4,-3
6611684,6990182,3,2,1
6611684,6990182,10,5,5
5482792,6207310,4,7,-3
4949000,6204588,2,11,-9
4949000,6204588,5,3,2
4949000,6204588,13,5,8
5582490,6547484,1,1,0
5582490,6547484,3,2,1
5582490,6547484,5,5,0
5582490,6547484,12,7,5
5582490,6547484,13,11,2
4845940,6560964,4,2,2
4845940,6560964,8,7,1
5365907,6279540,5,1,4
5121308,7579782,3,1,2
5121308,7579782,8,10,-2
5121308,7579782,9,2,7
5121308,7579782,11,5,6
4394789,4606095,2,3,-1
4394789,4606095,3,2,1
4394789,4606095,6,5,1
4394789,4606095,7,13,-6
5637259,6537352,2,3,-1
6352547,8256263,3,4,-1
6168996,7061066,1,4,-3
6168996,7061066,2,3,-1
6168996,7061066,3,5,-2
6937773,7826527,4,5,-1
6937773,7826527,9,2,7
6937773,7826527,11,4,7
4420238,8294608,5,3,2
4053585,4529561,2,1,1
6639244,7799590,10,10,0
6639244,7799590,12,12,0
7342070,8491994,1,1,0
5477322,7209223,9,9,0
5477322,7209223,11,8,3
6545445,7672104,10,11,-1
6545445,7672104,12,9,3
6275977,8589777,2,4,-2
4349900,5042017,3,10,-7
4319538,5335616,1,1,0
6139057,8261425,6,7,-1
6139057,8261425,8,8,0
5364632,6284268,1,4,-3
5364632,6284268,6,12,-6
5364632,6284268,7,13,-6
6240266,6501926,1,2,-1
6240266,6501926,2,1,1
6240266,6501926,4,4,0
6240266,6501926,5,7,-2
6240266,6501926,6,5,1
6240266,6501926,7,8,-1
6240266,6501926,8,6,2
6240266,6501926,9,10,-1
6240266,6501926,10,12,-2
6240266,6501926,11,13,-2
4438146,5143740,1,11,-10
4438146,5143740,3,12,-9
4438146,5143740,5,1,4
4438146,5143740,9,9,0
4636722,7872482,1,3,-2
4589413,8061576,4,6,-2
4589413,8061576,6,8,-2
4345781,4838577,5,7,-2
4345781,4838577,12,4,8
7317250,8111566,1,1,0
7269668,8555271,7,9,-2
4771882,5158664,1,2,-1
6301589,6973533,5,10,-5
3986401,4594903,1,5,-4
4179695,8589994,3,2,1
4519466,7426970,1,12,-11
4519466,7426970,8,3,5
4102764,4239740,1,1,0
4102764,4239740,2,3,-1
4102764,4239740,3,4,-1
4102764,4239740,4,5,-1
4102764,4239740,5,6,-1
4102764,4239740,6,13,-7
5481515,7760980,4,1,3
5481515,7760980,7,5,2
6466401,7047625,1,2,-1
5086391,7645234,4,2,2
5059595,7968569,13,2,11
6303436,7157769,11,2,9
6256612,6839557,4,3,1
4803984,8267947,1,9,-8
4803984,8267947,3,1,2
4803984,8267947,5,5,0
6914413,7598743,4,7,-3
6914413,7598743,6,12,-6
6914413,7598743,12,10,2
4087376,8593718,9,10,-1
6206484,7052094,1,5,-4
6206484,7052094,3,8,-5
6206484,7052094,5,1,4
6206484,7052094,7,3,4
6206484,7052094,9,4,5
8232790,8432140,1,8,-7
8232790,8432140,2,1,1
8232790,8432140,5,2,3
7116200,8237402,1,3,-2
7116200,8237402,2,11,-9
3954283,7780184,4,11,-7
6537121,6840833,1,2,-1
6537121,6840833,7,1,6
5443467,8636778,2,3,-1
5443467,8636778,5,5,0
4245433,6993869,2,1,1
4245433,6993869,4,11,-7
6278533,7577289,7,3,4
6278533,7577289,12,13,-1
3962918,5410298,1,3,-2
4115666,6167140,6,4,2
4115666,6167140,11,10,1
5201766,7686203,2,4,-2
5201766,7686203,11,1,10
6336020,7840167,7,8,-1
6336020,7840167,8,10,-2
6336020,7840167,9,11,-2
4301726,5565159,3,3,0
4062172,7055425,1,10,-9
5260098,5361964,6,2,4
6083763,7557070,4,3,1
6083763,7557070,5,9,-4
5578071,6482227,2,2,0
4166350,7726108,7,13,-6
6880847,7059620,2,1,1
6880847,7059620,4,13,-9
6880847,7059620,5,5,0
6880847,7059620,6,2,4
6880847,7059620,12,12,0
4838627,5634701,1,1,0
4838627,5634701,5,2,3
4838627,5634701,7,7,0
4838627,5634701,9,8,1
6518907,8085079,3,3,0
4146902,7352606,2,3,-1
4146902,7352606,5,8,-3
4146902,7352606,6,6,0
4166569,5622306,1,2,-1
4166569,5622306,3,12,-9
4166569,5622306,5,1,4
4166569,5622306,6,3,3
4166569,5622306,9,13,-4
4323080,5343580,9,7,2
5306511,6572902,4,1,3
5306511,6572902,6,2,4
6188978,8353868,5,13,-8
6822745,7952724,2,12,-10
7725671,8725737,1,3,-2
7725671,8725737,2,1,1
7725671,8725737,5,4,1
5010662,7174658,3,3,0
5062455,6129004,1,9,-8
5288590,5550003,2,1,1
5288590,5550003,5,5,0
5288590,5550003,7,2,5
5288590,5550003,8,13,-5
6146379,7099717,4,5,-1
6146379,7099717,9,10,-1
6314963,6517536,3,1,2
6314963,6517536,13,3,10
4758220,7927319,12,10,2
6066160,8623080,3,9,-6
5375612,7179275,4,1,3
4641838,5524879,1,1,0
4641838,5524879,2,2,0
4641838,5524879,4,3,1
5426830,6439771,1,8,-7
5426830,6439771,3,6,-3
4546732,4706629,1,1,0
4546732,4706629,3,7,-4
6488894,8202492,1,3,-2
6488894,8202492,13,5,8
6445195,7425836,4,5,-1
6445195,7425836,8,8,0
6445195,7425836,9,7,2
6492718,7304382,4,5,-1
5247347,8107618,3,2,1
5247347,8107618,7,1,6
5247347,8107618,9,11,-2
4659977,6175303,1,2,-1
4659977,6175303,6,12,-6
5363872,6196251,3,5,-2
5363872,6196251,13,10,3
4136955,8289528,2,3,-1
6404738,7068633,2,12,-10
6842107,7472135,7,9,-2
6862270,7756092,1,3,-2
6862270,7756092,2,13,-11
5152262,6412464,9,6,3
6427032,7424974,1,1,0
6427032,7424974,6,2,4
5028833,5274295,9,7,2
5028833,5274295,11,13,-2
5601556,7670374,6,10,-4
4820363,6131634,1,2,-1
4820363,6131634,2,1,1
4820363,6131634,3,5,-2
4820363,6131634,7,4,3
4720243,5593085,1,10,-9
5416602,8290034,1,12,-11
5416602,8290034,5,10,-5
4720334,5630930,3,2,1
6122198,6493280,3,10,-7
6122198,6493280,5,6,-1
6122198,6493280,6,1,5
6122198,6493280,8,11,-3
6260124,7613889,3,1,2
5295036,5572094,2,6,-4
5295036,5572094,3,4,-1
5295036,5572094,4,13,-9
5295036,5572094,5,8,-3
5295036,5572094,7,1,6
5295036,5572094,10,7,3
5295036,5572094,11,3,8
5295036,5572094,12,2,10
4750135,7461026,2,10,-8
4750135,7461026,3,4,-1
4548845,7288163,1,10,-9
6517935,7065931,1,6,-5
6517935,7065931,2,8,-6
6517935,7065931,3,1,2
6517935,7065931,4,3,1
6517935,7065931,6,2,4
6517935,7065931,8,10,-2
6517935,7065931,9,5,4
6517935,7065931,12,11,1
6517935,7065931,13,13,0
5184845,7988190,4,6,-2
8130489,8628337,5,2,3
8130489,8628337,7,6,1
8130489,8628337,8,4,4
8130489,8628337,11,13,-2
6961268,7672170,6,1,5
6961268,7672170,12,5,7
4762615,5030347,2,2,0
4762615,5030347,5,1,4
4762615,5030347,10,10,0
5545134,6312406,2,2,0
5545134,6312406,12,7,5
6220873,7792432,12,1,11
7450927,8428561,11,13,-2
6330697,6651032,1,9,-8
6330697,6651032,3,5,-2
6330697,6651032,4,1,3
4792850,7633666,1,3,-2
4792850,7633666,3,12,-9
4248344,4838422,3,7,-4
4248344,4838422,7,12,-5
7246755,7686237,6,3,3
6463237,7136610,2,5,-3
6463237,7136610,13,8,5
6486028,7072213,3,4,-1
6486028,7072213,5,10,-5
6486028,7072213,6,11,-5
6486028,7072213,7,13,-6
6614422,7173605,5,7,-2
6614422,7173605,6,1,5
3967913,5592760,12,8,4
5373658,6519895,1,4,-3
5373658,6519895,3,2,1
5373658,6519895,4,1,3
5373658,6519895,5,5,0
5373658,6519895,6,3,3
5373658,6519895,10,10,0
5580105,7690693,3,6,-3
5580105,7690693,8,9,-1
5580105,7690693,11,11,0
6239552,7180216,2,10,-8
6016955,8266016,10,7,3
5470640,6090472,2,2,0
5470640,6090472,7,3,4
6987823,7332950,1,10,-9
6987823,7332950,6,3,3
7431710,8574294,4,3,1
7431710,8574294,7,12,-5
7431710,8574294,11,8,3
4770656,7682350,5,1,4
6509127,7932998,7,4,3
5301662,6644304,6,1,5
6563435,7538287,7,4,3
6598978,7809167,1,12,-11
6598978,7809167,2,2,0
6957294,8274520,1,4,-3
5588736,6375864,2,2,0
4496037,6981597,8,1,7
4496037,6981597,10,12,-2
6400715,7461142,1,1,0
5430837,6295063,10,4,6
5330437,7331978,2,1,1
5330437,7331978,4,13,-9
5330437,7331978,5,8,-3
4706821,7931156,2,10,-8
4706821,7931156,5,3,2
4609540,8734754,4,1,3
4609540,8734754,7,7,0
7156304,8038060,2,4,-2
7156304,8038060,5,7,-2
7156304,8038060,6,9,-3
6567983,7809162,8,1,7
6298243,7515894,2,5,-3
6298243,7515894,3,1,2
4978449,5635079,5,2,3
4978449,5635079,6,1,5
5359509,7711639,4,6,-2
6137966,7693431,2,9,-7
4412150,4751429,3,3,0
4412150,4751429,5,2,3
4412150,4751429,12,4,8
6636957,7120723,1,1,0
6636957,7120723,8,10,-2
4764135,5249995,2,9,-7
4764135,5249995,5,6,-1
4764135,5249995,7,1,6
5657043,7391395,9,13,-4
5657043,7391395,13,7,6
4234184,5569418,1,2,-1
4234184,5569418,2,1,1
6956596,7616225,4,1,3
4532540,7752649,3,8,-5
6207235,6657001,1,8,-7
6207235,6657001,2,1,1
6207235,6657001,8,3,5
6337142,8449548,3,10,-7
6337142,8449548,10,6,4
6251727,7320913,6,3,3
6251727,7320913,8,9,-1
7184585,8459073,5,3,2
7184585,8459073,8,7,1
7184585,8459073,13,8,5
5024225,7870249,9,12,-3
6544009,7119454,3,5,-2
6544009,7119454,4,6,-2
5402515,8285103,3,5,-2
6300716,7977885,1,5,-4
6300716,7977885,2,4,-2
6300716,7977885,5,6,-1
6300716,7977885,9,12,-3
5062518,5226520,1,1,0
5062518,5226520,10,6,4
4417099,5224154,2,10,-8
4417099,5224154,6,6,0
4417099,5224154,13,8,5
4546414,6921296,5,2,3
4546414,6921296,12,4,8
8023742,8155376,3,10,-7
8023742,8155376,5,2,3
6554317,6874815,1,1,0
6554317,6874815,3,4,-1
6554317,6874815,4,7,-3
6554317,6874815,6,5,1
6554317,6874815,7,3,4
6208973,7346578,8,4,4
6208973,7346578,10,1,9
6572635,8747439,2,1,1
6572635,8747439,3,9,-6
6572635,8747439,6,3,3
5574892,8476928,5,5,0
6200734,6605848,7,7,0
5449288,7901204,8,2,6
4457304,5303698,4,2,2
4357715,5080668,3,1,2
4357715,5080668,5,10,-5
4357715,5080668,9,4,5
7343099,8200094,4,9,-5
7343099,8200094,7,4,3
5376216,8262799,1,1,0
5376216,8262799,4,5,-1
5376216,8262799,5,6,-1
5376216,8262799,6,9,-3
5376216,8262799,10,2,8
5249921,8561410,2,1,1
5249921,8561410,3,9,-6
5249921,8561410,6,3,3
5249921,8561410,7,7,0
5249921,8561410,8,2,6
5249921,8561410,12,5,7
6162890,8216953,1,1,0
6162890,8216953,7,4,3
6162890,8216953,12,6,6
4567882,8409168,12,8,4
4797764,5315579,3,11,-8
4814811,5386260,2,2,0
4814811,5386260,12,7,5
7110967,8150743,3,4,-1
7110967,8150743,4,9,-5
7110967,8150743,5,6,-1
5537493,7227999,8,1,7
5537493,7227999,9,13,-4
4242035,4495717,3,11,-8
4586335,4932210,1,5,-4
4586335,4932210,2,2,0
4586335,4932210,3,9,-6
4586335,4932210,10,12,-2
3988016,6311968,3,13,-10
6487918,7597009,3,7,-4
6487918,7597009,10,2,8
5135467,6451048,8,1,7
7164603,8264028,1,10,-9
7164603,8264028,5,9,-4
7164603,8264028,7,8,-1
3994528,4136907,3,4,-1
3994528,4136907,7,5,2
7351353,8216645,2,2,0
7346511,8266169,10,7,3
7346511,8266169,13,9,4
4811077,5105242,9,7,2
4811077,5105242,13,10,3
5389081,7470255,3,4,-1
5389081,7470255,11,10,1
5220649,7293231,6,8,-2
5220649,7293231,8,2,6
4820217,6126501,7,11,-4
4660869,4995523,2,2,0
5571714,8637023,1,11,-10
7013987,7344435,2,4,-2
7013987,7344435,13,3,10
6376035,7267856,9,9,0
6376035,7267856,10,11,-1
6455372,7842558,6,13,-7
6380704,8224498,5,5,0
6380704,8224498,10,1,9
6380704,8224498,12,2,10
5576347,7709524,1,1,0
5576347,7709524,8,9,-1
5576347,7709524,12,8,4
5595544,8123627,2,2,0
5595544,8123627,9,4,5
6091492,6936814,12,8,4
4081295,4825522,5,1,4
4081295,4825522,6,11,-5
6114915,8441314,4,10,-6
4275288,4887592,1,5,-4
4275288,4887592,2,2,0
4275288,4887592,11,12,-1
4290253,4718215,4,5,-1
4290253,4718215,9,2,7
4725079,7357393,1,1,0
4725079,7357393,2,8,-6
4296308,6515258,1,3,-2
4296308,6515258,2,6,-4
5402801,6871117,4,4,0
5402801,6871117,10,7,3
6292925,7549138,3,5,-2
6292925,7549138,11,2,9
4530500,7784112,1,1,0
4530500,7784112,2,6,-4
4530500,7784112,3,9,-6
6342045,8628497,1,1,0
6342045,8628497,9,13,-4
6065146,7249289,1,2,-1
6065146,7249289,4,5,-1
4765649,4982979,10,2,8
6182090,8548278,10,7,3
7276883,8643345,6,4,2
7276883,8643345,7,2,5
5441631,5597477,3,12,-9
5441631,5597477,7,5,2
6347385,7210076,1,1,0
6347385,7210076,6,2,4
4073642,6328946,6,1,5
4073642,6328946,8,5,3
4073642,6328946,11,11,0
7115494,7709385,6,5,1
4421834,5059498,5,7,-2
4421834,5059498,10,2,8
4703811,7096963,1,2,-1
6462449,8018111,1,7,-6
6462449,8018111,2,1,1
6462449,8018111,8,9,-1
6462449,8018111,9,3,6
7788319,8738476,6,1,5
7788319,8738476,7,11,-4
4208760,5568821,1,1,0
4208760,5568821,7,4,3
4845770,6456748,12,1,11
7153167,7249871,7,8,-1
5366099,8312999,5,6,-1
4012796,4783192,2,1,1
4012796,4783192,3,9,-6
4012796,4783192,6,2,4
4012796,4783192,8,6,2
6961410,8384942,1,11,-10
6961410,8384942,4,1,3
6644901,8550757,1,1,0
6644901,8550757,3,2,1
6644901,8550757,4,7,-3
6644901,8550757,6,4,2
5448697,6473060,1,1,0
5448697,6473060,4,13,-9
5448697,6473060,8,3,5
4288270,6463847,9,12,-3
4460923,6477281,12,9,3
5048254,7895800,2,2,0
5048254,7895800,5,3,2
5343542,6654157,4,7,-3
5343542,6654157,5,1,4
4523120,6329740,5,2,3
4757534,8474058,1,12,-11
4757534,8474058,8,5,3
7845839,8579466,1,8,-7
7845839,8579466,2,4,-2
7845839,8579466,8,9,-1
5541098,8465735,1,1,0
5541098,8465735,2,2,0
5541098,8465735,3,3,0
5031278,5247721,2,4,-2
4283272,4790927,4,10,-6
4283272,4790927,7,7,0
6127908,8436785,10,6,4
7886203,8751687,10,2,8
4348174,6530778,2,1,1
4348174,6530778,13,3,10
5096283,7207683,1,1,0
5096283,7207683,11,7,4
6159133,7128700,1,11,-10
6159133,7128700,4,8,-4
5170714,7318517,6,2,4
7904942,8677486,5,7,-2
5503021,6170338,7,5,2
5503021,6170338,12,3,9
7465616,7700441,1,3,-2
7465616,7700441,3,7,-4
7465616,7700441,5,2,3
7465616,7700441,10,9,1
7465616,7700441,13,8,5
4664836,6418803,3,2,1
4664836,6418803,12,3,9
6300433,7592403,13,2,11
7296628,8286734,6,12,-6
7296628,8286734,8,4,4
7296628,8286734,9,7,2
6240501,6370595,4,1,3
7727969,8193334,4,12,-8
7727969,8193334,7,2,5
7727969,8193334,12,13,-1
7524828,8114419,1,1,0
7524828,8114419,3,3,0
7524828,8114419,6,4,2
7524828,8114419,8,5,3
7524828,8114419,13,7,6
7983823,8265813,1,1,0
7983823,8265813,2,5,-3
7983823,8265813,3,3,0
7983823,8265813,4,8,-4
7983823,8265813,5,12,-7
7983823,8265813,6,9,-3
7983823,8265813,7,7,0
7983823,8265813,9,10,-1
7983823,8265813,10,6,4
7983823,8265813,13,11,2
5353872,8276689,8,2,6
5353872,8276689,11,5,6
4624260,4856521,3,4,-1
4624260,4856521,7,5,2
4329438,5362819,1,9,-8
4329438,5362819,3,2,1
4329438,5362819,8,4,4
6320769,8531055,3,1,2
6320769,8531055,8,4,4
5101250,6376311,4,8,-4
6904600,8424020,2,4,-2
6904600,8424020,8,1,7
4443389,5644608,2,2,0
4443389,5644608,5,3,2
4443389,5644608,6,1,5
4443389,5644608,9,5,4
4839779,5217285,1,13,-12
7133460,7990844,9,9,0
5173149,5376214,1,3,-2
5173149,5376214,11,9,2
4228804,4428235,1,8,-7
4228804,4428235,2,1,1
4228804,4428235,4,5,-1
6126166,7422522,2,2,0
6126166,7422522,3,3,0
6126166,7422522,4,12,-8
5312940,8703985,1,2,-1
5312940,8703985,4,3,1
5312940,8703985,12,5,7
6144948,8485441,4,6,-2
6306499,6846560,6,7,-1
6306499,6846560,9,2,7
6322602,7905936,1,6,-5
6322602,7905936,5,2,3
6322602,7905936,7,9,-2
6322602,7905936,12,5,7
6541755,6970307,4,5,-1
6541755,6970307,6,8,-2
6541755,6970307,8,3,5
6183471,8206418,4,1,3
6183471,8206418,10,11,-1
4181408,7475984,3,1,2
4181408,7475984,8,12,-4
4181408,7475984,9,5,4
7128927,8088060,8,13,-5
4387114,4699835,2,1,1
4387114,4699835,5,11,-6
6652379,8118305,1,1,0
6652379,8118305,12,12,0
4787681,5277478,1,3,-2
4787681,5277478,4,4,0
4787681,5277478,13,12,1
5638417,7571023,11,3,8
7636422,7894570,1,10,-9
7636422,7894570,2,1,1
7636422,7894570,7,7,0
7636422,7894570,12,11,1
8351004,8614782,1,1,0
8351004,8614782,3,3,0
8351004,8614782,4,2,2
8351004,8614782,5,5,0
8351004,8614782,7,8,-1
7577519,7979202,1,1,0
7577519,7979202,2,2,0
7577519,7979202,3,3,0
7577519,7979202,4,4,0
7577519,7979202,5,8,-3
7577519,7979202,6,6,0
7577519,7979202,7,7,0
7577519,7979202,8,10,-2
7577519,7979202,9,12,-3
7577519,7979202,11,13,-2
7577519,7979202,13,5,8
4681754,6613739,1,1,0
4681754,6613739,4,5,-1
5269453,5452842,3,9,-6
5269453,5452842,6,3,3
5269453,5452842,7,5,2
6094652,7627558,1,1,0
6094652,7627558,6,8,-2
6094652,7627558,9,4,5
5045104,5302614,2,3,-1
5045104,5302614,3,7,-4
5045104,5302614,4,5,-1
5481409,8506096,1,1,0
3947629,4063184,3,6,-3
4909560,6401351,1,3,-2
5363861,7344535,6,1,5
6096009,7635363,2,1,1
6096009,7635363,4,3,1
6096009,7635363,10,11,-1
4985202,5256368,4,1,3
5549663,6090127,1,1,0
5419264,8480835,2,5,-3
5419264,8480835,6,7,-1
5419264,8480835,7,2,5
5419264,8480835,9,6,3
4745880,5012762,2,2,0
4745880,5012762,3,4,-1
5082858,5639784,5,4,1
6546546,7788489,2,10,-8
6909942,8307225,4,3,1
5570111,6342880,4,11,-7
5570111,6342880,10,7,3
5476479,8746529,3,2,1
5476479,8746529,10,1,9
6584616,7900271,1,6,-5
4976687,8425417,7,9,-2
6530683,7658524,3,8,-5
6530683,7658524,7,3,4
6530683,7658524,11,10,1
4551399,6485850,2,5,-3
4551399,6485850,7,8,-1
4551399,6485850,8,1,7
4551399,6485850,9,11,-2
6087514,8017825,6,1,5
4365160,7750325,1,1,0
4365160,7750325,2,4,-2
5056839,5409286,1,1,0
5056839,5409286,5,2,3
5056839,5409286,7,9,-2
4879498,5256949,4,4,0
4879498,5256949,5,7,-2
6283951,6641610,11,6,5
5478405,6334229,2,1,1
5478405,6334229,9,12,-3
5298015,8096515,7,9,-2
6321996,7475938,10,3,7
6321996,7475938,11,1,10
7330835,7835994,6,1,5
7330835,7835994,12,4,8
6466950,8572330,5,5,0
5650877,6473243,1,3,-2
5650877,6473243,8,8,0
5650877,6473243,9,1,8
5650877,6473243,11,2,9
5013972,5252893,4,3,1
5013972,5252893,9,2,7
6360728,7543558,1,12,-11
7189631,8012854,1,1,0
7189631,8012854,2,4,-2
7189631,8012854,5,2,3
7189631,8012854,6,3,3
7189631,8012854,7,5,2
7189631,8012854,8,6,2
7189631,8012854,9,7,2
7189631,8012854,10,8,2
7189631,8012854,11,9,2
7189631,8012854,12,10,2
7189631,8012854,13,11,2
5568641,6539474,1,1,0
4792745,5485109,1,4,-3
4792745,5485109,7,11,-4
4792745,5485109,11,3,8
6364866,7731679,1,1,0
6364866,7731679,2,4,-2
5220226,6479913,9,1,8
5220226,6479913,11,11,0
7016782,7920087,3,5,-2
7016782,7920087,10,11,-1
6407998,7916626,2,3,-1
6407998,7916626,3,4,-1
6407998,7916626,6,13,-7
5643266,7749250,9,11,-2
5643266,7749250,10,10,0
5643266,7749250,11,7,4
5499237,7349343,1,2,-1
5499237,7349343,2,1,1
5499237,7349343,3,11,-8
5499237,7349343,10,3,7
5499237,7349343,11,10,1
7023009,8030634,2,4,-2
7023009,8030634,7,8,-1
6174651,7135656,2,1,1
6174651,7135656,8,4,4
4747130,7072323,7,13,-6
4091265,4539108,1,1,0
4091265,4539108,3,2,1
4091265,4539108,8,9,-1
4091265,4539108,10,11,-1
7609567,8631193,3,1,2
7609567,8631193,5,13,-8
6403906,8556260,6,10,-4
4715385,5295485,1,11,-10
4715385,5295485,9,7,2
6871055,7747238,4,9,-5
4959145,5290434,2,2,0
4959145,5290434,13,3,10
4196424,7498945,9,1,8
5584070,8488003,9,4,5
4399531,7725939,4,7,-3
4399531,7725939,5,2,3
5388102,8175120,1,10,-9
5388102,8175120,2,1,1
5388102,8175120,13,8,5
4131721,6582842,2,3,-1
4131721,6582842,13,1,12
8379515,8681610,1,1,0
8379515,8681610,2,2,0
8379515,8681610,3,3,0
8379515,8681610,4,4,0
8379515,8681610,5,5,0
8379515,8681610,6,6,0
8379515,8681610,7,7,0
8379515,8681610,8,8,0
8379515,8681610,9,9,0
8379515,8681610,10,10,0
8379515,8681610,11,11,0
8379515,8681610,12,12,0
8379515,8681610,13,13,0
6933925,8717750,2,1,1
6933925,8717750,6,6,0
5263055,8755466,1,11,-10
5263055,8755466,5,1,4
5263055,8755466,9,3,6
6909107,7929340,13,12,1
5163955,8349003,3,6,-3
5163955,8349003,4,12,-8
5163955,8349003,9,5,4
6901026,7839372,8,6,2
6156331,8173150,3,1,2
5221424,6536449,2,1,1
5221424,6536449,6,12,-6
5221424,6536449,9,9,0
5221424,6536449,10,3,7
6483995,7212750,5,13,-8
6483995,7212750,6,2,4
6483995,7212750,7,8,-1
5522829,8361098,1,8,-7
5522829,8361098,2,3,-1
5522829,8361098,9,4,5
5572488,6253061,2,2,0
5572488,6253061,3,1,2
5084785,8672494,1,1,0
5084785,8672494,12,4,8
6840839,7980916,2,6,-4
5352436,6302845,1,11,-10
5352436,6302845,5,8,-3
5352436,6302845,13,5,8
5064782,7256484,5,6,-1
4216751,5555852,3,5,-2
4216751,5555852,4,6,-2
7259208,7674349,5,4,1
7259208,7674349,9,9,0
4200324,5499852,2,2,0
4200324,5499852,4,1,3
4200324,5499852,11,4,7
5111811,6623480,5,4,1
5097492,6996265,1,8,-7
5097492,6996265,8,3,5
6205437,6507826,1,4,-3
6205437,6507826,7,6,1
4415054,4751978,5,1,4
4415054,4751978,6,13,-7
6096595,7368776,5,7,-2
6096595,7368776,10,13,-3
6144959,7908339,5,4,1
6144959,7908339,6,3,3
4697178,4903216,7,10,-3
4025469,4719245,2,10,-8
4025469,4719245,6,13,-7
4358658,6380510,1,3,-2
5196882,5305053,3,1,2
5196882,5305053,4,2,2
6643261,7756126,8,10,-2
4334604,4936435,1,1,0
4334604,4936435,6,2,4
4334604,4936435,12,13,-1
4334604,4936435,13,11,2
4093158,4767085,3,4,-1
4093158,4767085,4,10,-6
4075110,5236615,1,7,-6
4075110,5236615,4,4,0
4075110,5236615,7,10,-3
4075110,5236615,11,8,3
3995857,7717803,1,1,0
3995857,7717803,2,2,0
3995857,7717803,3,5,-2
4800011,5645704,5,11,-6
4800011,5645704,8,9,-1
6216726,8050828,6,3,3
6216726,8050828,7,5,2
6216726,8050828,9,10,-1
6471566,7086939,2,4,-2
6471566,7086939,3,6,-3
6471566,7086939,4,1,3
3937108,4094211,5,1,4
3937108,4094211,12,13,-1
3937108,4094211,13,7,6
5604486,6232870,3,8,-5
5604486,6232870,12,10,2
6238768,8171569,5,6,-1
4451892,7178433,1,11,-10
4174505,4706261,3,1,2
4174505,4706261,6,7,-1
4174505,4706261,13,6,7
3932024,8047667,10,3,7
4951892,5411626,8,1,7
4951892,5411626,13,4,9
6212416,7885699,3,2,1
6212416,7885699,4,1,3
6357939,8502775,1,8,-7
6357939,8502775,4,12,-8
4414169,6852411,9,8,1
4414169,6852411,10,13,-3
4077279,6890039,10,5,5
4077279,6890039,11,11,0
4077279,6890039,13,6,7
6999342,8717811,4,5,-1
5105988,8261946,6,1,5
4561232,4744194,1,2,-1
4561232,4744194,2,1,1
4998430,6634081,1,1,0
4998430,6634081,2,4,-2
4998430,6634081,11,8,3
6869206,7709811,1,1,0
6869206,7709811,2,7,-5
6869206,7709811,4,4,0
6579709,6984502,2,7,-5
6579709,6984502,3,12,-9
6579709,6984502,4,2,2
6579709,6984502,6,4,2
6579709,6984502,7,3,4
6579709,6984502,9,13,-4
5286419,6638450,1,1,0
5286419,6638450,2,8,-6
5286419,6638450,3,5,-2
5286419,6638450,11,12,-1
5286419,6638450,12,2,10
4170863,5400569,6,1,5
5617976,6932246,3,3,0
5617976,6932246,10,5,5
5617976,6932246,12,2,10
4939962,8186250,3,6,-3
6578014,8571945,3,1,2
6578014,8571945,5,7,-2
6869904,8022144,3,1,2
6869904,8022144,5,13,-8
6603894,8270054,2,2,0
6603894,8270054,6,1,5
6603894,8270054,9,5,4
6499107,8661539,7,6,1
6252805,7500162,2,2,0
6252805,7500162,3,7,-4
6252805,7500162,4,8,-4
6252805,7500162,9,10,-1
4843256,6255886,2,5,-3
4843256,6255886,5,2,3
4843256,6255886,7,11,-4
6494772,7326106,1,4,-3
6494772,7326106,9,10,-1
4807077,6345778,1,4,-3
4807077,6345778,2,2,0
4807077,6345778,12,7,5
7116978,8433358,1,1,0
7116978,8433358,2,8,-6
7116978,8433358,4,9,-5
7116978,8433358,5,2,3
7116978,8433358,6,4,2
7116978,8433358,8,11,-3
7839949,8548092,1,3,-2
5064689,5571618,1,1,0
5064689,5571618,2,2,0
5643407,6284644,1,2,-1
5643407,6284644,5,3,2
5643407,6284644,11,11,0
6327705,8150898,1,2,-1
6327705,8150898,4,4,0
6327705,8150898,6,10,-4
6842635,8396527,11,1,10
4799211,7489709,3,4,-1
4799211,7489709,7,7,0
4799211,7489709,8,8,0
4789504,6573205,1,1,0
4789504,6573205,4,12,-8
4789504,6573205,13,7,6
4892109,7645442,8,8,0
4892109,7645442,10,3,7
4503443,5280300,1,1,0
4503443,5280300,5,13,-8
6529778,7257450,2,3,-1
6529778,7257450,8,2,6
5287268,8688539,5,8,-3
5448199,6933769,2,2,0
5448199,6933769,3,13,-10
5448199,6933769,4,10,-6
5448199,6933769,7,4,3
5448199,6933769,10,3,7
4106841,5574359,7,2,5
5085661,8617185,1,1,0
5569825,8012485,4,6,-2
5569825,8012485,7,4,3
5569825,8012485,13,5,8
4930158,7950032,10,8,2
4132662,4844830,2,3,-1
4132662,4844830,4,13,-9
4132662,4844830,8,10,-2
4249961,4711676,2,3,-1
4249961,4711676,9,7,2
4249961,4711676,10,8,2
4249961,4711676,11,9,2
4249961,4711676,13,10,3
4901650,6955384,1,1,0
4901650,6955384,12,4,8
4905828,5411138,5,8,-3
6610012,8362904,11,3,8
6610012,8362904,13,5,8
6967466,8341449,1,1,0
4322809,4410952,1,1,0
4322809,4410952,2,2,0
4322809,4410952,3,3,0
4322809,4410952,4,4,0
4322809,4410952,5,5,0
4322809,4410952,6,6,0
4322809,4410952,7,7,0
4322809,4410952,8,8,0
4322809,4410952,9,9,0
4322809,4410952,10,10,0
4322809,4410952,11,11,0
4322809,4410952,12,12,0
4322809,4410952,13,13,0
6332692,7057354,3,2,1
6671713,7721328,1,7,-6
6671713,7721328,12,4,8
6096065,7127282,7,2,5
6514306,7442223,6,2,4
4141820,4539101,1,12,-11
4141820,4539101,7,7,0
4835407,6297725,3,4,-1
4835407,6297725,5,1,4
4835407,6297725,7,3,4
7148598,8004141,4,10,-6
5166320,7923207,1,4,-3
6477607,6546019,1,12,-11
5648379,6340702,1,1,0
5648379,6340702,7,7,0
5648379,6340702,8,2,6
4444643,8500975,1,5,-4
4444643,8500975,2,1,1
4444643,8500975,3,2,1
4855390,5310856,3,1,2
4048613,6130607,4,5,-1
5014717,5331972,2,9,-7
5014717,5331972,4,6,-2
5014717,5331972,12,11,1
4092765,7404534,3,3,0
4092765,7404534,7,9,-2
5619709,8032448,9,3,6
5029547,7422496,2,1,1
5029547,7422496,3,5,-2
5029547,7422496,6,9,-3
5029547,7422496,8,2,6
3976940,4497056,1,6,-5
3976940,4497056,3,1,2
5153761,5233450,1,12,-11
6249111,7239115,2,7,-5
6249111,7239115,9,4,5
6093645,6436819,2,8,-6
6093645,6436819,3,1,2
6093645,6436819,6,4,2
6093645,6436819,12,9,3
7537316,7753494,3,8,-5
7537316,7753494,4,3,1
7537316,7753494,5,2,3
7537316,7753494,7,4,3
7537316,7753494,8,1,7
7537316,7753494,10,5,5
7537316,7753494,11,6,5
7537316,7753494,12,7,5
3977588,8012291,12,11,1
4193588,6915808,3,1,2
7752062,8204769,1,1,0
7752062,8204769,2,2,0
7752062,8204769,3,3,0
7752062,8204769,4,5,-1
7752062,8204769,5,6,-1
7752062,8204769,6,9,-3
7752062,8204769,7,11,-4
7752062,8204769,8,12,-4
7752062,8204769,9,13,-4
6873087,7985061,1,1,0
6873087,7985061,10,5,5
6873087,7985061,11,4,7
6295438,7400844,1,1,0
6295438,7400844,2,2,0
6295438,7400844,4,4,0
6295438,7400844,5,5,0
6295438,7400844,7,6,1
6649170,8507211,6,8,-2
6261881,7098088,2,1,1
6261881,7098088,6,2,4
7178602,7621322,8,3,5
7206971,7493484,1,1,0
7206971,7493484,11,2,9
6548751,8298856,6,2,4
6548751,8298856,8,12,-4
6548751,8298856,11,13,-2
6548751,8298856,12,8,4
6548751,8298856,13,4,9
5550976,7043736,2,4,-2
5550976,7043736,8,10,-2
6400652,6907111,1,13,-12
5040712,5323994,1,2,-1
3973165,4888461,4,5,-1
3973165,4888461,9,11,-2
5198857,6278483,2,11,-9
5198857,6278483,5,2,3
5198857,6278483,10,5,5
5382400,8512434,7,10,-3
3952366,4103394,1,1,0
3952366,4103394,2,2,0
3952366,4103394,3,9,-6
3952366,4103394,4,4,0
3952366,4103394,5,6,-1
3952366,4103394,11,3,8
4366971,7350563,11,4,7
4951740,6466442,5,7,-2
4951740,6466442,8,9,-1
6491716,8146603,1,2,-1
4713932,6337525,1,5,-4
4713932,6337525,3,4,-1
4713932,6337525,5,3,2
6890825,8674357,6,7,-1
6890825,8674357,12,2,10
6154750,6609122,1,1,0
6154750,6609122,2,2,0
6154750,6609122,8,10,-2
7042392,8466835,1,1,0
7042392,8466835,4,4,0
5310469,7761130,3,4,-1
5489591,6432947,6,3,3
4355196,8652872,1,3,-2
4355196,8652872,2,1,1
5492389,7494173,6,1,5
5492389,7494173,12,8,4
5232530,8607521,1,4,-3
5232530,8607521,2,8,-6
4061871,4524717,1,6,-5
4061871,4524717,3,3,0
4061871,4524717,9,2,7
6185430,6385461,5,2,3
6185430,6385461,7,5,2
4206633,4280354,9,1,8
5012127,5331669,2,2,0
5012127,5331669,4,4,0
5012127,5331669,8,12,-4
5012127,5331669,12,3,9
4018228,6080173,3,1,2
4886738,5389507,1,3,-2
4886738,5389507,2,4,-2
4886738,5389507,10,12,-2
5278851,5321718,2,9,-7
5252834,6297509,2,4,-2
5219789,6093963,2,7,-5
5219789,6093963,9,12,-3
5219789,6093963,10,3,7
4905013,7852278,3,1,2
4905013,7852278,13,3,10
5596506,6490708,9,4,5
5596506,6490708,11,5,6
4259470,6489400,5,1,4
7045785,8716822,2,7,-5
7045785,8716822,4,1,3
7045785,8716822,8,11,-3
6141180,7072139,2,13,-11
6141180,7072139,3,1,2
6615349,8725646,8,13,-5
6615349,8725646,11,12,-1
4274438,7089086,1,1,0
4274438,7089086,10,2,8
5298768,6274890,11,4,7
4350227,6315085,1,1,0
4350227,6315085,8,12,-4
4350227,6315085,10,7,3
4781019,8567061,9,5,4
4445075,4926100,1,3,-2
4445075,4926100,2,5,-3
4445075,4926100,4,9,-5
4445075,4926100,6,12,-6
4445075,4926100,8,8,0
7466703,7697519,1,1,0
5534716,7736960,7,1,6
6064461,6417908,1,6,-5
6064461,6417908,2,1,1
6064461,6417908,3,4,-1
6064461,6417908,5,8,-3
6064461,6417908,7,10,-3
6064461,6417908,8,5,3
4633847,6932077,1,3,-2
4633847,6932077,2,1,1
4633847,6932077,5,6,-1
5306080,6302502,3,3,0
5306080,6302502,5,1,4
5306080,6302502,7,13,-6
4902238,5131862,1,11,-10
4902238,5131862,10,2,8
4776991,7718160,1,2,-1
4499422,6445187,8,9,-1
4120645,6599123,1,6,-5
4120645,6599123,6,7,-1
4120645,6599123,12,1,11
4872734,7111913,2,9,-7
4872734,7111913,3,2,1
4872734,7111913,5,5,0
4872734,7111913,11,13,-2
7314731,7972769,4,3,1
7314731,7972769,5,13,-8
7314731,7972769,7,4,3
4690455,7029067,2,1,1
4690455,7029067,6,8,-2
4690455,7029067,10,3,7
5629668,7648443,2,6,-4
6146565,7726442,1,3,-2
6146565,7726442,5,1,4
6146565,7726442,7,7,0
6146565,7726442,8,8,0
6146565,7726442,9,9,0
4803808,8550506,5,2,3
6138955,7874522,2,2,0
4458798,4633994,2,2,0
4458798,4633994,6,5,1
4458798,4633994,7,10,-3
4458798,4633994,9,7,2
6727914,8549561,8,1,7
6958781,7856651,2,1,1
6958781,7856651,6,4,2
6958781,7856651,12,10,2
6373861,7139338,6,7,-1
6373861,7139338,10,3,7
6373861,7139338,12,13,-1
4453659,4805892,3,6,-3
6910481,7757690,2,3,-1
5035087,5573447,1,12,-11
5035087,5573447,3,1,2
6867678,8258911,4,2,2
5182620,7554616,2,3,-1
5182620,7554616,3,8,-5
5182620,7554616,4,5,-1
4636953,8111895,3,1,2
4636953,8111895,5,2,3
5358526,6168628,1,5,-4
5358526,6168628,2,12,-10
5358526,6168628,6,1,5
5358526,6168628,13,4,9
6198347,7545865,12,1,11
6561816,7172430,1,1,0
6561816,7172430,2,10,-8
6561816,7172430,5,6,-1
6934073,7350922,1,2,-1
6934073,7350922,3,6,-3
6934073,7350922,6,3,3
6934073,7350922,7,10,-3
5195423,6205912,5,4,1
7253955,7980716,3,2,1
7253955,7980716,10,11,-1
4120444,4899874,10,8,2
6161566,6637472,1,1,0
4540722,6313191,5,11,-6
5624007,7231853,1,1,0
5624007,7231853,2,2,0
5624007,7231853,7,10,-3
5624007,7231853,13,8,5
4161126,4408746,1,3,-2
4161126,4408746,5,1,4
4161126,4408746,7,13,-6
4161126,4408746,11,4,7
6853573,7945755,2,3,-1
4920143,6225303,11,2,9
5451613,8288002,5,4,1
5603430,7156259,8,7,1
5603430,7156259,9,9,0
4933640,6366087,1,5,-4
5423807,7128740,6,1,5
5423807,7128740,11,7,4
6717125,7369305,4,3,1
6182136,7275048,11,8,3
4047223,4634939,6,6,0
4047223,4634939,7,1,6
4047223,4634939,9,10,-1
4047223,4634939,10,5,5
6855378,7763362,8,5,3
7143030,8255230,3,2,1
7143030,8255230,9,4,5
4923805,6455282,1,1,0
4923805,6455282,2,6,-4
4923805,6455282,4,9,-5
4923805,6455282,8,5,3
4923805,6455282,10,7,3
4147679,6531043,9,9,0
4669731,8668577,2,2,0
4669731,8668577,6,1,5
7723193,8362575,2,6,-4
7723193,8362575,5,1,4
7116723,7406337,1,8,-7
7116723,7406337,3,7,-4
7116723,7406337,6,10,-4
7116723,7406337,8,13,-5
7116723,7406337,12,2,10
4889744,7632228,1,2,-1
5611535,8678918,4,2,2
5611535,8678918,6,6,0
5611535,8678918,12,11,1
6211880,8364575,6,1,5
6211880,8364575,8,3,5
4777582,7121677,5,6,-1
6418471,8359335,4,3,1
6418471,8359335,6,9,-3
6797340,8329576,13,10,3
5563608,6943704,13,11,2
4793675,5239600,1,1,0
4793675,5239600,2,3,-1
4793675,5239600,8,7,1
4573382,5582686,2,7,-5
4573382,5582686,4,2,2
4573382,5582686,7,3,4
4573382,5582686,10,10,0
4573382,5582686,11,13,-2
6322574,7749174,1,5,-4
4620769,5323767,3,13,-10
4261416,6316841,2,12,-10
5054492,7998062,1,1,0
6526447,7904487,6,9,-3
4821332,8437532,6,8,-2
4821332,8437532,13,9,4
6880027,8473647,4,8,-4
6880027,8473647,6,2,4
6474390,7156140,2,7,-5
4628468,4969111,9,3,6
4037098,6098945,6,12,-6
4037098,6098945,13,11,2
5484472,6953556,2,6,-4
5484472,6953556,3,5,-2
5484472,6953556,7,1,6
4853672,6860360,1,2,-1
3989906,4135064,1,6,-5
3989906,4135064,2,5,-3
3989906,4135064,5,9,-4
5337357,7127515,12,5,7
5317156,7705988,1,4,-3
5317156,7705988,7,3,4
5317156,7705988,13,6,7
5057095,7289015,2,2,0
6385442,7729429,3,4,-1
6064042,6844529,1,3,-2
6064042,6844529,13,12,1
4554437,7202447,4,3,1
4554437,7202447,5,1,4
4554437,7202447,8,13,-5
4554437,7202447,9,2,7
4554437,7202447,12,10,2
4554437,7202447,13,4,9
4351586,4383732,1,1,0
4351586,4383732,2,2,0
4351586,4383732,5,4,1
4351586,4383732,8,7,1
4229116,6883563,3,1,2
4236619,4714803,2,1,1
4019603,6129170,3,3,0
4019603,6129170,5,13,-8
4292788,7593501,1,9,-8
4292788,7593501,2,3,-1
4292788,7593501,3,2,1
4292788,7593501,10,1,9
5624358,7063648,8,12,-4
6514250,7293562,4,3,1
5363845,8473027,1,12,-11
5363845,8473027,3,4,-1
6968330,8443339,1,6,-5
4754682,5249499,1,2,-1
4754682,5249499,2,1,1
6955069,7377138,1,11,-10
6955069,7377138,5,1,4
4932176,7430890,1,9,-8
4932176,7430890,3,1,2
4932176,7430890,10,5,5
6356392,7242527,4,6,-2
6356392,7242527,6,7,-1
6356392,7242527,9,13,-4
6645201,7947038,9,4,5
7245853,7792472,1,1,0
4074225,5642092,1,1,0
4074225,5642092,7,6,1
4074225,5642092,13,10,3
5621764,7573966,6,2,4
4049781,7563744,5,10,-5
6909107,7450411,13,4,9
6251310,8571167,3,1,2
6251310,8571167,7,12,-5
5434462,7038829,1,1,0
5434462,7038829,11,8,3
6295367,8462987,2,3,-1
6295367,8462987,5,7,-2
4461691,8142643,5,7,-2
4111424,8267816,1,1,0
6212544,7650605,5,4,1
6224075,6485038,7,8,-1
6224075,6485038,9,9,0
6224075,6485038,11,1,10
4868513,6670833,2,9,-7
4868513,6670833,4,4,0
4868513,6670833,8,10,-2
5016162,5265223,1,1,0
5016162,5265223,6,12,-6
5016162,5265223,13,10,3
7828560,8337215,8,1,7
7828560,8337215,12,6,6
4873978,6517559,9,9,0
5594391,6501339,8,3,5
5594391,6501339,9,1,8
6347032,8725252,3,2,1
6347032,8725252,4,4,0
5527344,7245973,2,3,-1
5527344,7245973,6,9,-3
4013994,7990283,4,12,-8
5087825,7114402,11,9,2
4767722,6531748,7,7,0
5029204,7388954,1,1,0
5029204,7388954,2,2,0
5029204,7388954,4,8,-4
5029204,7388954,7,3,4
5121006,5287017,1,1,0
5121006,5287017,9,5,4
5121006,5287017,11,7,4
5297191,8457113,1,3,-2
5297191,8457113,4,2,2
7497729,8485845,2,13,-11
7497729,8485845,10,7,3
4096451,6869216,7,6,1
7113680,8275225,1,3,-2
7113680,8275225,3,2,1
7113680,8275225,4,5,-1
7113680,8275225,9,1,8
3958217,4641289,1,3,-2
3958217,4641289,8,5,3
3958217,4641289,9,4,5
3958217,4641289,10,2,8
3958217,4641289,11,1,10
4170460,4702955,2,2,0
4170460,4702955,11,13,-2
4933117,8376036,13,5,8
4484797,8259201,4,5,-1
4484797,8259201,6,2,4
6255800,7913020,12,3,9
6410897,8687111,10,13,-3
6367472,7120354,3,8,-5
5477091,6140911,2,1,1
5477091,6140911,6,4,2
7937791,8118920,2,6,-4
7937791,8118920,4,8,-4
7937791,8118920,8,12,-4
7937791,8118920,11,5,6
7937791,8118920,12,2,10
6859186,8289182,4,13,-9
6859186,8289182,7,7,0
5414544,6727865,7,6,1
5414544,6727865,10,1,9
5414544,6727865,13,9,4
4831555,6081795,2,2,0
4831555,6081795,3,3,0
5505483,7597344,4,6,-2
4335127,4665075,1,5,-4
4335127,4665075,2,1,1
4335127,4665075,5,6,-1
4034280,4698742,3,9,-6
5596141,6970076,1,4,-3
5596141,6970076,2,1,1
4764869,5623675,1,2,-1
4764869,5623675,3,8,-5
5325095,7167693,1,5,-4
5325095,7167693,2,7,-5
4849430,5258518,2,1,1
4849430,5258518,6,8,-2
7010356,8682412,1,3,-2
6160755,7635992,9,1,8
6600428,7079043,1,1,0
6600428,7079043,2,2,0
6600428,7079043,3,3,0
6600428,7079043,4,4,0
6600428,7079043,5,5,0
6600428,7079043,6,6,0
6600428,7079043,7,7,0
6600428,7079043,8,8,0
6600428,7079043,9,9,0
6600428,7079043,10,10,0
6600428,7079043,11,11,0
6600428,7079043,12,12,0
6600428,7079043,13,13,0
4520868,4691769,4,4,0
4520868,4691769,7,11,-4
4520868,4691769,9,2,7
4520868,4691769,13,1,12
4706469,8475136,4,1,3
6562905,7432328,1,3,-2
6562905,7432328,2,10,-8
6562905,7432328,4,13,-9
6562905,7432328,5,1,4
6562905,7432328,6,6,0
6562905,7432328,7,2,5
6562905,7432328,11,7,4
4030223,6550179,2,2,0
4030223,6550179,9,4,5
4030223,6550179,10,10,0
4030223,6550179,13,3,10
4190488,7952789,2,13,-11
5383922,6405067,3,2,1
4437821,5125672,1,2,-1
4437821,5125672,2,1,1
4672425,4959717,1,4,-3
4672425,4959717,2,8,-6
4672425,4959717,6,3,3
4672425,4959717,7,1,6
4297666,5581225,3,1,2
4297666,5581225,12,7,5
4208507,7144969,10,10,0
4092564,4323821,1,2,-1
4092564,4323821,3,3,0
4092564,4323821,6,8,-2
7209829,8577525,13,7,6
5144797,7927393,11,7,4
5144797,7927393,13,8,5
4128675,4303712,13,4,9
7137907,7503854,3,2,1
7137907,7503854,4,1,3
7137907,7503854,5,3,2
7137907,7503854,11,12,-1
4708060,6332399,2,1,1
7077678,7486523,3,1,2
5100992,7585289,4,11,-7
5100992,7585289,5,12,-7
5100992,7585289,10,13,-3
4408049,4621046,2,2,0
4749710,6359012,11,7,4
3934212,4847853,3,4,-1
3934212,4847853,7,3,4
4459548,6930485,9,6,3
7270625,8696524,2,9,-7
7270625,8696524,4,3,1
4944744,5133719,7,10,-3
6203576,8070823,2,6,-4
6203576,8070823,7,7,0
5574475,7656380,4,11,-7
5574475,7656380,7,13,-6
3957965,5334374,1,4,-3
3957965,5334374,7,6,1
5215110,7617851,3,13,-10
5215110,7617851,7,1,6
5215110,7617851,9,7,2
7050908,8271187,6,2,4
7050908,8271187,8,1,7
3934846,4712752,2,7,-5
3934846,4712752,10,6,4
3934846,4712752,12,12,0
7806914,8057517,1,2,-1
7806914,8057517,2,5,-3
7806914,8057517,4,1,3
7806914,8057517,5,7,-2
7806914,8057517,7,4,3
7806914,8057517,13,12,1
5159413,6864115,1,5,-4
5159413,6864115,3,1,2
5159413,6864115,7,7,0
5159413,6864115,8,3,5
7306264,8109540,3,12,-9
7306264,8109540,7,3,4
7306264,8109540,11,5,6
5201452,5649479,2,5,-3
5201452,5649479,3,9,-6
5201452,5649479,6,2,4
5283653,6426780,3,8,-5
5283653,6426780,10,1,9
5283653,6426780,12,3,9
4229506,5047385,4,9,-5
4229506,5047385,9,12,-3
7111177,7607030,7,2,5
4044965,4327879,1,4,-3
4044965,4327879,2,3,-1
4044965,4327879,5,12,-7
4044965,4327879,6,9,-3
4044965,4327879,10,10,0
4044965,4327879,12,13,-1
4845751,5375174,4,11,-7
4845751,5375174,12,5,7
4877382,6267565,1,1,0
4877382,6267565,8,11,-3
7981952,8741052,1,1,0
7981952,8741052,6,12,-6
7981952,8741052,12,3,9
5357787,7394265,3,2,1
5357787,7394265,12,1,11
5081583,6558292,1,5,-4
4326349,7479942,4,12,-8
7383339,8213412,2,2,0
7383339,8213412,3,3,0
7383339,8213412,4,1,3
7383339,8213412,11,5,6
5650610,6206325,1,2,-1
5650610,6206325,4,3,1
5650610,6206325,13,8,5
4331457,4398929,1,2,-1
4331457,4398929,2,5,-3
4331457,4398929,5,11,-6
4331457,4398929,9,4,5
6214679,8445940,11,10,1
4451498,5352505,2,7,-5
4451498,5352505,4,8,-4
6853412,7543739,2,2,0
4796191,8369967,10,11,-1
5460629,8267936,1,5,-4
7660813,8638363,1,8,-7
7660813,8638363,9,3,6
7660813,8638363,12,2,10
4014575,4595056,1,1,0
4014575,4595056,2,4,-2
4014575,4595056,3,10,-7
4014575,4595056,10,5,5
7086808,7510029,6,4,2
4906197,6179627,1,1,0
4906197,6179627,3,11,-8
6097470,7702136,1,7,-6
6097470,7702136,3,2,1
4116128,6349852,3,8,-5
4116128,6349852,4,10,-6
4678459,8414587,1,4,-3
4678459,8414587,8,5,3
4608671,5040149,1,1,0
4608671,5040149,5,7,-2
4608671,5040149,6,6,0
6890484,7537571,1,5,-4
6890484,7537571,2,1,1
6890484,7537571,8,10,-2
7357058,8272307,4,1,3
4270444,4438684,1,1,0
4270444,4438684,2,6,-4
4270444,4438684,3,8,-5
4270444,4438684,7,9,-2
4270444,4438684,13,12,1
5096815,7105346,13,12,1
4772468,7479505,4,1,3
4772468,7479505,11,10,1
5621856,7663513,5,10,-5
7949433,8504210,1,1,0
7949433,8504210,4,5,-1
6530263,7980136,4,1,3
6530263,7980136,9,6,3
6530263,7980136,13,10,3
6393318,7766829,10,2,8
6581048,7584020,10,4,6
3959160,4442018,4,1,3
3959160,4442018,8,10,-2
3959160,4442018,9,13,-4
5555509,8260444,1,1,0
5555509,8260444,2,6,-4
5555509,8260444,6,5,1
4533188,6097607,3,7,-4
4533188,6097607,10,6,4
6359892,7061902,9,9,0
6359892,7061902,11,1,10
4861152,7753521,3,4,-1
4861152,7753521,7,9,-2
4861152,7753521,12,13,-1
4802695,7484776,4,2,2
5214742,6542864,7,8,-1
6195669,7242776,3,1,2
6195669,7242776,4,2,2
4294382,7789277,1,1,0
4294382,7789277,10,2,8
4294382,7789277,11,9,2
7242667,7852759,1,2,-1
7242667,7852759,2,1,1
7242667,7852759,12,12,0
6951454,8561602,6,9,-3
6951454,8561602,10,1,9
6125352,7185333,7,12,-5
6311204,8660380,5,13,-8
6180966,8653591,1,2,-1
6180966,8653591,4,6,-2
5132975,5325372,1,1,0
5132975,5325372,12,9,3
4289337,4695276,1,7,-6
4322364,4975514,1,6,-5
4322364,4975514,5,2,3
4322364,4975514,8,13,-5
4322364,4975514,9,7,2
6239821,7373083,8,6,2
5246428,7300423,2,1,1
5246428,7300423,5,7,-2
5246428,7300423,7,10,-3
4239736,7105139,4,1,3
4239736,7105139,5,11,-6
4239736,7105139,6,2,4
6318874,8434566,3,11,-8
6318874,8434566,4,1,3
6318874,8434566,5,4,1
6318874,8434566,6,2,4
5641956,6898359,1,2,-1
6494597,8350287,2,1,1
6494597,8350287,3,4,-1
6494597,8350287,7,5,2
6075730,8438328,1,1,0
6075730,8438328,9,13,-4
4376309,6538779,4,1,3
4376309,6538779,6,6,0
4699510,6250472,7,8,-1
4869507,8262506,2,3,-1
4869507,8262506,3,1,2
4869507,8262506,4,5,-1
4869507,8262506,6,9,-3
6379348,7094234,9,5,4
4202337,7435247,1,3,-2
4202337,7435247,4,2,2
5198270,6523369,2,2,0
5198270,6523369,3,7,-4
5198270,6523369,5,8,-3
5198270,6523369,6,11,-5
5198270,6523369,7,12,-5
6919630,8536718,3,4,-1
6919630,8536718,11,8,3
4693981,6899834,1,3,-2
4393505,7075963,3,11,-8
5325509,8019940,2,1,1
5325509,8019940,3,8,-5
4570904,7665540,8,4,4
7554621,8395202,6,11,-5
7554621,8395202,8,1,7
7554621,8395202,12,5,7
4869098,6192744,2,4,-2
5234349,7666020,1,10,-9
4436345,8328293,1,1,0
4436345,8328293,4,10,-6
4436345,8328293,8,12,-4
4436345,8328293,11,11,0
6143354,7691401,3,4,-1
6143354,7691401,4,11,-7
6143354,7691401,11,13,-2
6222623,7347599,2,5,-3
6883110,6981007,1,1,0
6883110,6981007,4,5,-1
6883110,6981007,6,7,-1
5248899,7978510,1,12,-11
5248899,7978510,6,4,2
4873087,6180140,6,1,5
4873087,6180140,10,2,8
4693381,6283278,2,5,-3
4693381,6283278,12,7,5
6263193,7595500,1,3,-2
6263193,7595500,3,2,1
4404972,7047079,7,9,-2
4496800,4748659,1,3,-2
4496800,4748659,8,5,3
4496800,4748659,9,8,1
7966155,8503748,1,5,-4
7966155,8503748,3,8,-5
4872028,5521620,1,1,0
4872028,5521620,2,6,-4
4872028,5521620,4,12,-8
4872028,5521620,11,9,2
4872028,5521620,12,10,2
7063820,7402194,4,10,-6
5421934,6192330,1,2,-1
3965438,4593254,3,9,-6
3965438,4593254,4,7,-3
3965438,4593254,9,2,7
6192380,8037407,9,8,1
6127533,8637028,3,8,-5
4310912,4491877,2,3,-1
4310912,4491877,11,7,4
5186794,7955490,1,1,0
5186794,7955490,9,4,5
5186794,7955490,12,13,-1
5134557,5313379,5,4,1
5376283,5429751,1,4,-3
6545291,7061663,5,11,-6
6346218,7699247,2,1,1
6346218,7699247,6,3,3
5594921,6850979,1,3,-2
5594921,6850979,5,6,-1
4764648,6437260,5,5,0
4764648,6437260,9,13,-4
6069407,8753730,1,1,0
6161306,8272090,3,4,-1
6161306,8272090,8,1,7
4496790,6495753,1,1,0
4496790,6495753,4,7,-3
4496790,6495753,5,2,3
6562522,7049034,3,7,-4
5119293,7117183,7,12,-5
4809683,8622940,1,4,-3
4809683,8622940,3,6,-3
5184577,7131933,1,2,-1
5184577,7131933,2,8,-6
5184577,7131933,3,7,-4
5184577,7131933,6,3,3
5074103,7261199,7,6,1
5089872,6946371,2,11,-9
5157332,6471106,10,4,6
7535383,8428144,2,6,-4
7535383,8428144,8,11,-3
4784379,8273003,1,3,-2
7173981,7426246,1,1,0
7173981,7426246,2,2,0
7173981,7426246,3,3,0
7173981,7426246,4,4,0
7173981,7426246,5,5,0
7173981,7426246,6,6,0
7173981,7426246,7,7,0
7173981,7426246,8,8,0
7173981,7426246,9,9,0
7173981,7426246,10,10,0
7173981,7426246,11,11,0
7173981,7426246,12,12,0
7173981,7426246,13,13,0
4817238,4991255,2,4,-2
4817238,4991255,6,1,5
4817238,4991255,7,12,-5
4817238,4991255,13,3,10
6381645,8539043,1,2,-1
6381645,8539043,4,4,0
6381645,8539043,5,12,-7
6381645,8539043,11,13,-2
7553363,8268417,6,1,5
4158023,5406008,12,4,8
5386541,5592650,8,5,3
5386541,5592650,13,4,9
5645821,7067115,2,4,-2
5645821,7067115,4,9,-5
5645821,7067115,8,7,1
5329143,7692247,1,1,0
6085563,6240760,1,1,0
6085563,6240760,2,2,0
6085563,6240760,3,3,0
6085563,6240760,4,4,0
6085563,6240760,5,5,0
6085563,6240760,6,6,0
6085563,6240760,7,7,0
6085563,6240760,8,8,0
6085563,6240760,9,9,0
6085563,6240760,10,10,0
6085563,6240760,11,11,0
6085563,6240760,12,12,0
6085563,6240760,13,13,0
5488569,8214822,11,12,-1
5598973,8171798,1,4,-3
5598973,8171798,7,1,6
5284378,7040674,1,1,0
5284378,7040674,4,8,-4
5284378,7040674,6,4,2
5566248,8116570,6,4,2
7091038,7935510,1,1,0
7091038,7935510,2,3,-1
7091038,7935510,5,6,-1
7091038,7935510,6,7,-1
7091038,7935510,7,8,-1
7091038,7935510,8,9,-1
7091038,7935510,9,10,-1
7091038,7935510,10,11,-1
7091038,7935510,11,12,-1
5593606,6476349,2,4,-2
5366327,6846140,8,1,7
4127925,4637198,10,4,6
4127925,4637198,13,12,1
4858930,6325718,5,1,4
4858930,6325718,9,11,-2
6410799,7223374,1,9,-8
6410799,7223374,4,2,2
6410799,7223374,6,1,5
6410799,7223374,7,8,-1
6410799,7223374,8,13,-5
5493677,7702682,5,2,3
4173981,6217546,1,1,0
4173981,6217546,3,2,1
4173981,6217546,8,5,3
6875005,7139636,1,4,-3
6875005,7139636,2,2,0
6875005,7139636,3,1,2
6875005,7139636,8,8,0
6875005,7139636,9,5,4
7435766,8739634,1,3,-2
7435766,8739634,2,4,-2
7435766,8739634,3,2,1
7435766,8739634,10,8,2
4301176,5019398,1,4,-3
4301176,5019398,10,6,4
4695384,4879046,1,7,-6
4073044,6233800,2,1,1
4073044,6233800,8,9,-1
4073044,6233800,10,11,-1
6085188,7801913,2,8,-6
6085188,7801913,3,11,-8
6085188,7801913,6,5,1
6119203,8661557,10,4,6
6369624,6865121,1,4,-3
6369624,6865121,12,8,4
6369624,6865121,13,3,10
5203326,8050764,4,7,-3
4135804,6296245,4,4,0
6744587,7468590,5,5,0
6744587,7468590,6,11,-5
4457652,8511952,8,3,5
5062689,8035233,5,6,-1
6152937,8202294,5,6,-1
4418346,6473072,9,2,7
6089976,6634943,1,1,0
6089976,6634943,2,2,0
6089976,6634943,4,10,-6
6089976,6634943,9,11,-2
5316120,6095313,1,1,0
5316120,6095313,3,6,-3
4363249,4485694,1,12,-11
4363249,4485694,5,4,1
4363249,4485694,6,5,1
4363249,4485694,10,13,-3
5211933,6054110,9,4,5
5211933,6054110,11,8,3
6915496,8332793,4,10,-6
6915496,8332793,8,7,1
5150685,6158418,1,3,-2
5150685,6158418,10,8,2
4144876,8409253,5,7,-2
4144876,8409253,6,2,4
7652085,8673432,3,3,0
7652085,8673432,8,6,2
7652085,8673432,11,9,2
7652085,8673432,13,7,6
5482472,7289106,2,11,-9
4851200,5211929,1,1,0
3963345,4080063,1,2,-1
3963345,4080063,2,4,-2
3963345,4080063,3,6,-3
3963345,4080063,4,11,-7
3963345,4080063,5,3,2
3963345,4080063,6,9,-3
5478879,7638570,1,1,0
5478879,7638570,3,7,-4
5478879,7638570,7,12,-5
5478879,7638570,10,4,6
7110744,7356353,1,1,0
6885900,8612239,1,2,-1
6885900,8612239,3,4,-1
6885900,8612239,5,1,4
5003448,7474477,10,5,5
7011996,7768080,9,8,1
5340394,6238470,4,1,3
5340394,6238470,7,9,-2
4403269,8493751,1,3,-2
4098303,6539961,4,5,-1
6984195,7470218,4,9,-5
6984195,7470218,5,13,-8
4804155,6457670,1,3,-2
5329152,7394476,7,4,3
6466478,7423910,3,4,-1
6466478,7423910,7,2,5
6466478,7423910,8,1,7
6466478,7423910,10,8,2
5396239,6084536,2,3,-1
5396239,6084536,3,4,-1
5396239,6084536,4,2,2
4724042,6261154,12,3,9
6994415,7537324,1,1,0
3998678,6900646,1,5,-4
7215055,8390165,2,1,1
7215055,8390165,3,7,-4
7215055,8390165,6,9,-3
7215055,8390165,9,3,6
4664144,4930537,1,1,0
4664144,4930537,2,5,-3
4664144,4930537,3,2,1
4664144,4930537,4,3,1
5212210,6069219,5,3,2
5212210,6069219,10,4,6
5227440,5527752,6,1,5
6249812,7461162,1,2,-1
7162469,7734032,11,7,4
5130622,7068178,1,1,0
6204819,6535167,3,2,1
6204819,6535167,11,6,5
4854232,6999200,2,3,-1
4854232,6999200,3,1,2
4854232,6999200,8,10,-2
4854232,6999200,9,11,-2
4854232,6999200,10,9,1
5137211,7870994,1,1,0
5137211,7870994,10,3,7
4889812,5627070,4,3,1
4889812,5627070,5,1,4
8601760,8720138,1,1,0
8601760,8720138,2,2,0
8601760,8720138,3,3,0
8601760,8720138,4,4,0
8601760,8720138,5,5,0
8601760,8720138,6,6,0
8601760,8720138,7,7,0
8601760,8720138,8,8,0
8601760,8720138,9,9,0
8601760,8720138,10,10,0
8601760,8720138,11,11,0
8601760,8720138,12,12,0
8601760,8720138,13,13,0
6137497,8269768,8,9,-1
6137497,8269768,9,4,5
4704669,8246214,1,3,-2
4704669,8246214,7,4,3
3948007,6383061,1,10,-9
4081340,6422065,6,1,5
6376878,7084455,4,8,-4
4342095,6118923,3,1,2
4173308,5279460,3,8,-5
4173308,5279460,9,3,6
6619469,7073661,1,5,-4
6619469,7073661,11,1,10
6619469,7073661,13,4,9
7668428,8175436,3,2,1
7668428,8175436,5,4,1
7668428,8175436,7,5,2
7668428,8175436,11,9,2
5222409,6314828,2,2,0
5222409,6314828,3,1,2
5222409,6314828,12,11,1
6205135,7216348,1,1,0
5216777,7430455,4,7,-3
5654825,7019619,9,3,6
4845809,5178481,7,2,5
4339831,8430927,2,3,-1
4339831,8430927,4,11,-7
4339831,8430927,5,2,3
6476734,7164727,6,1,5
6476734,7164727,11,4,7
7027808,8633802,8,5,3
6433745,7071875,2,5,-3
6433745,7071875,4,3,1
6433745,7071875,9,7,2
4063446,7975525,1,1,0
4063446,7975525,6,7,-1
4063446,7975525,9,12,-3
4632554,5404222,9,5,4
4873192,7829307,5,8,-3
5306285,8696673,3,2,1
5306285,8696673,4,1,3
5306285,8696673,8,8,0
4803513,5257076,1,1,0
4661989,7083331,4,5,-1
4661989,7083331,9,9,0
6070070,7720475,9,12,-3
7686546,8256997,2,11,-9
7686546,8256997,7,13,-6
7686546,8256997,10,6,4
7686546,8256997,11,3,8
4965188,7056513,1,9,-8
4965188,7056513,3,5,-2
4965188,7056513,4,6,-2
7317927,8023883,4,7,-3
7317927,8023883,5,5,0
7317927,8023883,13,12,1
5644049,8080641,3,1,2
5644049,8080641,5,5,0
5644049,8080641,13,4,9
5000433,6895858,1,9,-8
5000433,6895858,2,1,1
4434614,5490629,1,1,0
4434614,5490629,2,2,0
4434614,5490629,5,9,-4
4434614,5490629,7,6,1
5212967,7469560,4,1,3
5212967,7469560,6,13,-7
5212967,7469560,12,6,6
5216092,6120854,9,4,5
4231024,4888600,1,1,0
4231024,4888600,6,4,2
4231024,4888600,8,13,-5
6495198,8354786,1,1,0
6495198,8354786,13,2,11
4898789,7758915,1,4,-3
4898789,7758915,2,2,0
4898789,7758915,4,6,-2
4898789,7758915,6,5,1
6263484,8499270,9,10,-1
6263484,8499270,11,11,0
7932054,8354266,12,8,4
6259709,7403545,7,6,1
6259709,7403545,9,1,8
6259709,7403545,11,5,6
4453123,4672301,2,2,0
6522451,7898719,8,3,5
4984039,8030157,1,1,0
4984039,8030157,4,5,-1
4999198,7053124,6,10,-4
6548618,7550549,1,6,-5
6548618,7550549,8,9,-1
6608980,7158735,1,12,-11
6608980,7158735,3,1,2
6608980,7158735,5,3,2
6608980,7158735,6,2,4
6608980,7158735,7,7,0
6608980,7158735,10,11,-1
7836937,8651166,1,3,-2
5101907,7083009,3,4,-1
5101907,7083009,4,11,-7
5415128,5616180,6,3,3
5415128,5616180,7,2,5
6352769,7722938,3,4,-1
6352769,7722938,6,5,1
6273252,7339783,11,2,9
4112879,4685435,1,8,-7
4112879,4685435,3,6,-3
4112879,4685435,6,2,4
4915814,5518603,2,1,1
4915814,5518603,5,10,-5
5325923,7410000,1,7,-6
6899983,8068776,2,9,-7
6899983,8068776,4,4,0
4676609,6076927,6,1,5
4676609,6076927,7,10,-3
5352277,6293851,8,8,0
4464515,5314741,2,4,-2
4187113,6153351,12,11,1
4224947,4957498,1,1,0
4224947,4957498,2,7,-5
4224947,4957498,4,9,-5
4224947,4957498,7,4,3
5141790,6602454,2,3,-1
6093463,7967998,2,1,1
6093463,7967998,3,13,-10
6093463,7967998,8,8,0
6565860,7740680,1,3,-2
5516107,7125344,1,1,0
5516107,7125344,3,3,0
5516107,7125344,6,8,-2
5516107,7125344,7,5,2
6370207,7315275,2,5,-3
5407863,5523259,11,3,8
6579187,7097568,1,1,0
6579187,7097568,2,3,-1
6579187,7097568,4,2,2
6579187,7097568,8,12,-4
6579187,7097568,10,9,1
4700701,6634361,1,1,0
4700701,6634361,3,4,-1
4850571,6601829,1,4,-3
3937061,4355533,5,3,2
3937061,4355533,6,7,-1
4138501,4803089,2,13,-11
4138501,4803089,7,8,-1
4138501,4803089,11,2,9
4138501,4803089,12,3,9
7737112,8716322,1,2,-1
7737112,8716322,11,3,8
6560971,7967999,4,6,-2
7178183,8424134,6,3,3
7178183,8424134,7,2,5
7227661,8155376,1,2,-1
4374797,5279783,11,2,9
4374797,5279783,13,5,8
4679487,7895786,2,1,1
6389592,7752651,1,4,-3
6389592,7752651,7,13,-6
6389592,7752651,10,6,4
6389592,7752651,11,9,2
4544220,4997385,6,11,-5
4544220,4997385,7,7,0
5480561,6616832,1,1,0
5480561,6616832,4,4,0
5480561,6616832,10,12,-2
6208666,7453885,5,3,2
7051180,8429304,2,1,1
4570418,7117657,9,1,8
6873552,8238157,4,4,0
6873552,8238157,5,2,3
6873552,8238157,8,10,-2
4703433,8443887,4,13,-9
4188947,6990979,1,1,0
6353840,8391607,7,3,4
6353840,8391607,13,4,9
4635967,7207603,4,4,0
4635967,7207603,5,2,3
4420776,5309093,2,6,-4
3952338,5333322,1,1,0
3952338,5333322,4,2,2
4140367,4711522,2,13,-11
4140367,4711522,4,5,-1
4140367,4711522,10,1,9
4140367,4711522,12,2,10
5241542,6654378,4,10,-6
5241542,6654378,6,3,3
4379462,8606367,3,3,0
4379462,8606367,8,8,0
4929635,7105552,7,4,3
4813379,4930447,4,9,-5
6517889,7794777,1,1,0
6517889,7794777,2,2,0
5088477,8287444,1,10,-9
5088477,8287444,6,2,4
4824723,6468460,8,7,1
6411685,8121265,1,2,-1
5256491,5492947,2,6,-4
5256491,5492947,12,13,-1
6508027,7584569,1,10,-9
6508027,7584569,6,1,5
6566150,7307435,1,4,-3
6222512,8115726,6,12,-6
4492484,5154521,2,3,-1
4492484,5154521,3,4,-1
4492484,5154521,7,2,5
6542727,7586896,2,1,1
5079214,7195848,1,1,0
5079214,7195848,8,6,2
5079214,7195848,9,7,2
5079214,7195848,10,2,8
5381391,5559784,1,12,-11
5381391,5559784,3,2,1
5381391,5559784,13,3,10
4354876,5211750,1,1,0
8423462,8577803,2,2,0
8423462,8577803,13,9,4
5361373,6279045,7,13,-6
6342713,7193891,1,3,-2
6342713,7193891,4,2,2
6342713,7193891,8,5,3
6478110,7717228,2,3,-1
6478110,7717228,3,6,-3
6478110,7717228,12,4,8
7439082,7969774,13,13,0
5374224,8511281,3,12,-9
5374224,8511281,13,9,4
4833225,7652120,2,10,-8
4860003,5247519,4,1,3
4860003,5247519,5,13,-8
4860003,5247519,6,12,-6
4860003,5247519,10,2,8
6135820,6454609,1,12,-11
6135820,6454609,4,4,0
3987354,4398139,2,11,-9
3987354,4398139,3,3,0
3987354,4398139,4,9,-5
3987354,4398139,9,4,5
6866244,7980530,1,2,-1
6866244,7980530,3,3,0
6866244,7980530,5,5,0
6866244,7980530,7,4,3
4952848,5179323,1,8,-7
4952848,5179323,2,6,-4
4952848,5179323,3,3,0
5036472,6604085,2,3,-1
5036472,6604085,12,10,2
6461202,7384289,4,5,-1
6461202,7384289,5,4,1
5496271,6869440,8,10,-2
5496271,6869440,12,4,8
7226342,8241094,4,4,0
7226342,8241094,6,1,5
7226342,8241094,7,8,-1
7226342,8241094,9,2,7
4556390,4639226,1,1,0
4556390,4639226,2,2,0
4556390,4639226,3,3,0
4556390,4639226,4,4,0
4556390,4639226,5,5,0
4556390,4639226,6,6,0
4556390,4639226,7,7,0
4556390,4639226,8,8,0
4556390,4639226,9,9,0
4556390,4639226,10,10,0
4556390,4639226,11,11,0
4556390,4639226,12,12,0
4556390,4639226,13,13,0
5044457,5260876,1,4,-3
5044457,5260876,2,13,-11
5044457,5260876,9,2,7
5044457,5260876,12,1,11
5057473,8057577,6,7,-1
5057473,8057577,9,1,8
4323010,6216588,1,11,-10
4323010,6216588,2,2,0
5555880,7770580,1,4,-3
5555880,7770580,2,3,-1
5555880,7770580,4,5,-1
5555880,7770580,5,8,-3
5555880,7770580,9,6,3
5154945,5620754,4,9,-5
5154945,5620754,11,8,3
6525558,7948262,2,10,-8
6525558,7948262,5,11,-6
7328323,7860906,4,1,3
4608046,5632736,1,3,-2
4608046,5632736,13,2,11
4912937,6237356,1,3,-2
4912937,6237356,3,2,1
4912937,6237356,6,1,5
4912937,6237356,7,12,-5
7084656,7200930,1,1,0
7084656,7200930,2,2,0
7084656,7200930,3,3,0
7084656,7200930,4,4,0
7084656,7200930,5,5,0
7084656,7200930,6,6,0
7084656,7200930,7,7,0
7084656,7200930,8,8,0
7084656,7200930,9,9,0
7084656,7200930,10,10,0
7084656,7200930,11,11,0
7084656,7200930,12,12,0
7084656,7200930,13,13,0
4938379,5273176,1,2,-1
4938379,5273176,2,1,1
4938379,5273176,3,6,-3
6214835,7585891,2,3,-1
6214835,7585891,3,6,-3
4140573,4459176,5,1,4
5335924,8336892,1,2,-1
5335924,8336892,3,1,2
4328572,5302921,7,1,6
4328572,5302921,11,13,-2
4604915,6371255,1,1,0
6299677,7670427,2,4,-2
6299677,7670427,7,6,1
5453331,6843406,12,11,1
6223205,8234644,1,1,0
4369208,6451932,2,4,-2
6094666,7676357,3,3,0
6094666,7676357,8,2,6
6502635,7128150,9,9,0
6144934,7039637,3,3,0
6144934,7039637,4,9,-5
6144934,7039637,7,2,5
6144934,7039637,11,8,3
6548333,7678628,8,4,4
6548333,7678628,11,5,6
5122777,6121119,5,1,4
4364509,5284292,10,1,9
6941285,7657497,10,7,3
4305633,4897055,1,3,-2
4305633,4897055,4,4,0
4166030,4913360,9,8,1
4166030,4913360,10,2,8
4253412,7707952,1,1,0
4253412,7707952,6,9,-3
4253412,7707952,10,2,8
4277212,4428491,6,6,0
4277212,4428491,11,1,10
6409269,6880215,1,3,-2
6409269,6880215,4,2,2
6409269,6880215,9,10,-1
7358633,8682396,7,1,6
7358633,8682396,8,6,2
4641349,8186830,1,2,-1
4641349,8186830,2,3,-1
4641349,8186830,3,8,-5
4641349,8186830,7,5,2
4641349,8186830,8,13,-5
7752056,8514067,1,2,-1
7752056,8514067,10,7,3
4363586,6190105,5,5,0
4363586,6190105,9,6,3
4363586,6190105,10,3,7
7421802,8205350,1,2,-1
5450490,6504870,1,2,-1
5450490,6504870,3,1,2
5450490,6504870,6,9,-3
5450490,6504870,8,10,-2
4009531,4249651,1,1,0
4009531,4249651,3,13,-10
5160713,5342431,3,4,-1
5160713,5342431,5,2,3
5092652,7806305,2,1,1
6298715,7089787,1,2,-1
6298715,7089787,4,10,-6
6298715,7089787,8,11,-3
6594990,8061128,1,3,-2
6594990,8061128,2,4,-2
6594990,8061128,4,6,-2
4803071,5338541,5,3,2
4803071,5338541,11,2,9
7632985,8314294,2,2,0
7632985,8314294,7,8,-1
7632985,8314294,10,4,6
4346120,6352734,2,5,-3
4346120,6352734,12,11,1
4315650,6247738,2,2,0
4315650,6247738,3,5,-2
6511454,7604615,2,6,-4
6511454,7604615,3,2,1
6511454,7604615,4,12,-8
6511454,7604615,5,3,2
4463306,4999564,1,1,0
4463306,4999564,6,2,4
6210128,7686500,1,1,0
6210128,7686500,9,4,5
6210128,7686500,11,8,3
4074380,5348501,2,2,0
4909908,8273227,1,11,-10
4909908,8273227,11,4,7
7057019,8409605,4,4,0
5511620,7665532,2,3,-1
5511620,7665532,3,2,1
6128599,8571974,10,5,5
4402096,8313059,3,4,-1
4402096,8313059,5,7,-2
6389483,7228056,6,10,-4
4394519,5221754,3,3,0
4394519,5221754,11,9,2
6952677,7783051,8,6,2
4615590,7124656,1,5,-4
5624331,6491592,1,1,0
5624331,6491592,8,3,5
5624331,6491592,9,8,1
4613370,7261036,1,5,-4
4613370,7261036,5,8,-3
4613370,7261036,7,2,5
7324075,8426860,2,7,-5
5454217,7980048,1,2,-1
5454217,7980048,3,6,-3
5454217,7980048,13,11,2
6208131,7059300,5,5,0
6208131,7059300,13,3,10
5525992,6960999,6,13,-7
5490674,7160207,1,1,0
5490674,7160207,2,2,0
5490674,7160207,5,6,-1
7384339,8062127,1,1,0
5337390,7140950,1,2,-1
5337390,7140950,3,6,-3
5337390,7140950,4,4,0
5337390,7140950,5,1,4
5255029,6299313,1,9,-8
5255029,6299313,2,5,-3
5255029,6299313,5,4,1
5255029,6299313,8,13,-5
8034576,8361734,1,1,0
8034576,8361734,2,2,0
8034576,8361734,3,3,0
8034576,8361734,4,4,0
8034576,8361734,5,5,0
8034576,8361734,6,6,0
8034576,8361734,7,7,0
8034576,8361734,8,8,0
8034576,8361734,9,9,0
8034576,8361734,10,10,0
8034576,8361734,11,11,0
8034576,8361734,12,12,0
8034576,8361734,13,13,0
5118002,6070507,4,13,-9
5118002,6070507,6,4,2
5424121,8268215,3,6,-3
5424121,8268215,8,7,1
5127664,5590891,2,5,-3
5127664,5590891,3,9,-6
5127664,5590891,6,4,2
5448569,8340110,11,7,4
7044388,7857227,8,6,2
7044388,7857227,11,7,4
4027948,6462856,2,9,-7
4027948,6462856,6,1,5
4027948,6462856,7,13,-6
4027948,6462856,8,4,4
4407320,5278097,1,1,0
4407320,5278097,7,2,5
4407320,5278097,8,4,4
5373305,8665175,6,2,4
5373305,8665175,7,4,3
6636975,7143165,1,1,0
6636975,7143165,9,7,2
7147509,8287320,1,4,-3
7147509,8287320,2,10,-8
7147509,8287320,5,1,4
4243318,8432550,1,7,-6
4880849,6495213,1,8,-7
6246826,6556765,1,2,-1
6246826,6556765,5,3,2
6246826,6556765,8,8,0
4084235,5452456,6,10,-4
4084235,5452456,9,11,-2
5101679,5261884,8,9,-1
7349196,8174840,1,3,-2
7349196,8174840,6,6,0
4491377,4669796,1,3,-2
4491377,4669796,6,4,2
4491377,4669796,9,5,4
4864264,7652549,3,1,2
4864264,7652549,7,10,-3
6331801,6937094,2,4,-2
6331801,6937094,6,10,-4
6331801,6937094,7,2,5
6331801,6937094,12,11,1
5072227,6133872,1,5,-4
4849721,5146337,9,10,-1
4796846,7731138,3,4,-1
4796846,7731138,12,9,3
6135641,6628477,1,2,-1
6135641,6628477,3,8,-5
6135641,6628477,7,13,-6
6135641,6628477,8,5,3
6135641,6628477,9,6,3
4130337,6078351,1,7,-6
4130337,6078351,4,5,-1
4918870,6494775,2,3,-1
4918870,6494775,3,1,2
4918870,6494775,11,2,9
6308106,8533252,3,2,1
6308106,8533252,10,11,-1
4458345,6288804,1,12,-11
6568913,7972119,1,11,-10
6568913,7972119,2,4,-2
6422766,6565268,2,11,-9
7293775,7784793,1,3,-2
4808852,5361006,3,3,0
4808852,5361006,4,2,2
4808852,5361006,6,1,5
4808852,5361006,13,6,7
5108288,6447295,3,1,2
5108288,6447295,4,10,-6
7318851,7658777,1,12,-11
7318851,7658777,2,1,1
4681583,5558878,1,3,-2
4681583,5558878,10,9,1
4992166,7955502,2,1,1
6204660,8289015,4,1,3
4885702,7680343,7,1,6
5582166,6997867,11,2,9
4622737,5117269,10,10,0
5193863,7270352,1,1,0
5193863,7270352,2,3,-1
5193863,7270352,7,8,-1
5193863,7270352,8,6,2
5193863,7270352,11,4,7
4432088,4866705,2,3,-1
4432088,4866705,3,2,1
4432088,4866705,9,8,1
4716415,7233297,2,1,1
4716415,7233297,7,3,4
6096213,8048306,3,8,-5
6096213,8048306,12,1,11
7293031,7650575,3,1,2
5312996,6486359,2,7,-5
5312996,6486359,7,13,-6
5312996,6486359,11,6,5
6181287,8724340,2,11,-9
4028963,4664228,1,3,-2
4028963,4664228,2,1,1
4028963,4664228,4,10,-6
4028963,4664228,5,8,-3
7415640,8281190,1,12,-11
7415640,8281190,3,9,-6
7415640,8281190,6,5,1
7415640,8281190,7,1,6
5171262,7763198,3,2,1
6131148,7085900,3,2,1
6131148,7085900,9,6,3
6938119,8082482,1,1,0
5585952,6842433,1,5,-4
5585952,6842433,11,7,4
4913744,7772485,2,8,-6
4913744,7772485,3,9,-6
4913744,7772485,4,2,2
7015327,7416592,1,1,0
7015327,7416592,8,12,-4
7015327,7416592,12,2,10
7006603,7624309,4,3,1
4858924,7148266,11,9,2
6339528,8477477,4,1,3
5619365,7046198,7,2,5
5027425,7043151,1,2,-1
6550616,7427011,1,10,-9
6550616,7427011,2,7,-5
6550616,7427011,3,2,1
6550616,7427011,4,5,-1
6550616,7427011,8,6,2
6550616,7427011,10,1,9
6150081,8349589,4,2,2
5195445,6122390,6,3,3
5371273,6075162,1,2,-1
5371273,6075162,2,3,-1
5371273,6075162,4,11,-7
5371273,6075162,5,4,1
5371273,6075162,9,10,-1
5371273,6075162,12,6,6
4756473,6349385,2,1,1
4756473,6349385,5,3,2
4756473,6349385,7,7,0
4346849,6457655,5,1,4
5021916,6072520,5,12,-7
3957921,5134210,1,4,-3
6302888,7682377,5,7,-2
6302888,7682377,8,6,2
4100055,5135634,1,6,-5
4100055,5135634,5,2,3
5131752,5502567,6,10,-4
6080170,8070762,2,3,-1
6080170,8070762,11,5,6
6080170,8070762,12,1,11
6080170,8070762,13,6,7
4456726,7939572,2,11,-9
4456726,7939572,3,4,-1
4456726,7939572,5,5,0
4456726,7939572,7,6,1
4456726,7939572,12,2,10
4456726,7939572,13,1,12
7412619,7761191,6,12,-6
7412619,7761191,11,7,4
6999441,8699377,1,4,-3
6567796,7406455,13,13,0
6368216,8715058,1,1,0
6368216,8715058,2,8,-6
6368216,8715058,3,3,0
6368216,8715058,9,5,4
4692368,5226992,6,2,4
4692368,5226992,13,8,5
5410739,6459371,9,4,5
4699487,5040006,2,5,-3
4699487,5040006,3,6,-3
4699487,5040006,5,3,2
4699487,5040006,6,7,-1
4699487,5040006,9,9,0
5363428,6466787,1,2,-1
5363428,6466787,3,13,-10
5363428,6466787,4,1,3
4131919,4546390,4,11,-7
4131919,4546390,13,3,10
6067529,7047019,8,9,-1
4460139,8662457,1,2,-1
4460139,8662457,8,4,4
6151074,6661427,1,1,0
6151074,6661427,5,6,-1
4902481,6491873,2,3,-1
4902481,6491873,3,6,-3
4902481,6491873,4,4,0
4902481,6491873,7,7,0
4902481,6491873,9,2,7
4756972,6206673,9,8,1
4756972,6206673,11,1,10
7349714,8351372,7,3,4
7349714,8351372,9,6,3
7349714,8351372,13,10,3
6083244,7824429,9,4,5
4295429,8746151,1,4,-3
4295429,8746151,4,5,-1
4295429,8746151,5,1,4
7684332,8111692,1,2,-1
7684332,8111692,2,1,1
7684332,8111692,10,9,1
8029482,8177762,1,4,-3
8029482,8177762,2,2,0
8029482,8177762,3,3,0
8029482,8177762,4,10,-6
8029482,8177762,5,6,-1
8029482,8177762,6,7,-1
8029482,8177762,7,9,-2
8029482,8177762,8,13,-5
8029482,8177762,9,11,-2
8029482,8177762,10,1,9
7996916,8708798,1,3,-2
7996916,8708798,4,4,0
4902060,7024730,1,2,-1
4902060,7024730,3,9,-6
5198471,8071656,1,3,-2
5198471,8071656,2,6,-4
5198471,8071656,3,4,-1
5198471,8071656,8,5,3
4206717,7174652,3,4,-1
4206717,7174652,8,6,2
4070268,4394215,1,2,-1
5332402,8252052,4,4,0
5332402,8252052,7,3,4
5332402,8252052,13,12,1
3961036,5338717,3,9,-6
4391050,7100315,13,12,1
7075267,8441818,9,6,3
7075267,8441818,10,1,9
4863167,6648778,2,1,1
4863167,6648778,4,2,2
7599877,8099340,1,2,-1
7599877,8099340,4,4,0
7599877,8099340,13,10,3
5483556,7460516,7,7,0
5483556,7460516,8,5,3
6618474,8175231,6,9,-3
4827191,6992954,1,1,0
4827191,6992954,4,12,-8
4827191,6992954,9,8,1
6925476,8015163,8,2,6
6925476,8015163,11,3,8
6327314,8027395,1,6,-5
6327314,8027395,2,1,1
6327314,8027395,7,12,-5
6327314,8027395,8,13,-5
6327314,8027395,12,2,10
7856490,8446819,2,5,-3
7856490,8446819,4,10,-6
5257852,7950507,2,4,-2
5257852,7950507,3,1,2
5257852,7950507,11,8,3
7248244,8089436,4,2,2
7248244,8089436,7,9,-2
5250121,8389600,2,1,1
5250121,8389600,5,2,3
5250121,8389600,12,8,4
5636995,8025505,8,5,3
7630251,7978530,1,12,-11
7630251,7978530,4,5,-1
7630251,7978530,7,13,-6
7630251,7978530,10,6,4
4141735,7182008,8,3,5
6424797,7760987,1,1,0
6424797,7760987,3,4,-1
5061192,7681312,6,8,-2
7521138,7667350,2,1,1
7521138,7667350,7,4,3
7521138,7667350,8,6,2
7521138,7667350,12,8,4
4369590,8037625,1,3,-2
4369590,8037625,12,11,1
6497088,7900429,1,8,-7
6497088,7900429,3,2,1
6497088,7900429,4,10,-6
6497088,7900429,8,7,1
7047041,8631231,10,12,-2
7533920,8070205,1,8,-7
7533920,8070205,2,1,1
7533920,8070205,3,2,1
7533920,8070205,10,10,0
4167737,4359736,2,5,-3
4167737,4359736,3,6,-3
4167737,4359736,8,1,7
4203326,4692610,2,1,1
4203326,4692610,8,7,1
4203326,4692610,10,3,7
4324960,6140599,1,2,-1
4324960,6140599,11,3,8
4553592,4638862,2,2,0
4553592,4638862,3,3,0
4553592,4638862,4,4,0
4553592,4638862,5,9,-4
4843972,5058504,1,4,-3
4843972,5058504,3,10,-7
4843972,5058504,4,8,-4
4843972,5058504,7,6,1
4843972,5058504,8,2,6
4843972,5058504,12,3,9
4866159,5102660,1,1,0
4866159,5102660,10,2,8
4866159,5102660,13,12,1
3946488,4487581,2,11,-9
3946488,4487581,3,1,2
3946488,4487581,4,5,-1
6895259,8743244,1,7,-6
6895259,8743244,10,9,1
7180770,7944742,3,3,0
7180770,7944742,6,6,0
7180770,7944742,7,2,5
7180770,7944742,12,1,11
6980660,7530098,11,3,8
4897070,7766719,1,1,0
4897070,7766719,2,3,-1
7133053,7609326,1,5,-4
7133053,7609326,2,7,-5
7133053,7609326,4,3,1
7133053,7609326,5,1,4
7133053,7609326,6,6,0
4496415,6127294,2,2,0
4163433,4265208,1,5,-4
4163433,4265208,2,10,-8
4163433,4265208,11,1,10
6293923,8025064,10,5,5
7067294,7270973,1,3,-2
7067294,7270973,3,2,1
7067294,7270973,4,9,-5
7067294,7270973,5,13,-8
7067294,7270973,6,5,1
7067294,7270973,7,6,1
7067294,7270973,8,8,0
6433597,7436230,1,8,-7
6433597,7436230,3,5,-2
6433597,7436230,4,1,3
6433597,7436230,5,4,1
4443959,5010673,1,6,-5
4351126,6921325,1,1,0
5575908,8377291,1,5,-4
5575908,8377291,2,6,-4
5575908,8377291,6,2,4
5409134,6082854,2,1,1
5409134,6082854,6,6,0
4667767,6439329,5,5,0
4754127,6862105,4,7,-3
5558857,7141235,1,6,-5
5558857,7141235,12,12,0
4825018,5118968,2,2,0
4825018,5118968,13,8,5
4625993,4924393,1,4,-3
4625993,4924393,2,12,-10
5175528,5523923,10,2,8
7126268,7663655,1,1,0
7126268,7663655,2,3,-1
7126268,7663655,4,2,2
7126268,7663655,6,4,2
7126268,7663655,8,6,2
7126268,7663655,9,8,1
7126268,7663655,10,5,5
7126268,7663655,13,12,1
4287099,5037793,1,1,0
4287099,5037793,3,9,-6
4287099,5037793,8,2,6
4287099,5037793,12,10,2
4056323,6633387,8,9,-1
4056323,6633387,13,7,6
4822855,6500901,3,12,-9
6226364,8213585,2,3,-1
6226364,8213585,3,1,2
6226364,8213585,5,5,0
6226364,8213585,6,6,0
6226364,8213585,8,4,4
3984687,8362425,11,3,8
4097961,6540503,1,9,-8
4097961,6540503,10,6,4
6344961,7149072,1,2,-1
6344961,7149072,2,8,-6
6344961,7149072,11,4,7
6344961,7149072,13,5,8
6432098,6893388,1,8,-7
6432098,6893388,2,5,-3
6432098,6893388,7,1,6
6432098,6893388,9,6,3
6432098,6893388,10,4,6
7302840,8249843,4,4,0
6618745,7013184,1,4,-3
6618745,7013184,4,8,-4
6618745,7013184,5,6,-1
6618745,7013184,13,5,8
5273423,6387823,6,4,2
5273423,6387823,9,3,6
4856869,5629801,1,9,-8
4856869,5629801,2,1,1
6924004,7862855,4,8,-4
5178868,5296236,9,3,6
5178868,5296236,11,12,-1
8073710,8260635,1,1,0
8073710,8260635,2,2,0
8073710,8260635,3,3,0
8073710,8260635,4,4,0
8073710,8260635,5,5,0
8073710,8260635,6,6,0
8073710,8260635,7,7,0
8073710,8260635,8,8,0
8073710,8260635,9,9,0
8073710,8260635,10,10,0
8073710,8260635,11,11,0
8073710,8260635,12,12,0
8073710,8260635,13,13,0
4717615,6497778,4,7,-3
6371921,8532751,5,1,4
6371921,8532751,6,3,3
6383206,7972356,1,6,-5
6383206,7972356,8,10,-2
6383206,7972356,11,3,8
4868584,5177498,3,2,1
4868584,5177498,7,12,-5
4868584,5177498,9,5,4
4868584,5177498,11,11,0
4868584,5177498,13,3,10
4614188,7781038,1,1,0
4614188,7781038,2,11,-9
4614188,7781038,6,12,-6
7282370,8658017,2,3,-1
7282370,8658017,6,1,5
5655813,6447059,2,1,1
5655813,6447059,3,5,-2
5655813,6447059,5,10,-5
3931661,8464762,1,9,-8
6430105,7443763,2,2,0
5123974,5482575,1,12,-11
4562549,5623376,8,2,6
4562549,5623376,11,11,0
4936292,7686774,2,1,1
7190141,8708825,5,2,3
7190141,8708825,8,7,1
4184645,4870772,2,13,-11
4184645,4870772,3,2,1
4184645,4870772,7,4,3
4632746,7291207,4,2,2
7003424,8087823,1,3,-2
7003424,8087823,3,1,2
7003424,8087823,6,2,4
4710638,5298759,2,13,-11
6165178,8162971,2,6,-4
6165178,8162971,6,8,-2
6165178,8162971,11,12,-1
4662016,5179743,2,3,-1
4347264,5087322,8,3,5
4347264,5087322,11,1,10
4629635,5180432,2,3,-1
4629635,5180432,7,8,-1
4629635,5180432,13,2,11
4905265,6553095,1,3,-2
4905265,6553095,2,7,-5
4905265,6553095,12,9,3
6342574,8211968,1,1,0
6342574,8211968,3,3,0
5548791,7516248,4,1,3
4066998,5317652,1,3,-2
4066998,5317652,2,1,1
4200211,4690347,5,6,-1
4890315,7120454,1,1,0
5227620,7133573,3,9,-6
5227620,7133573,10,4,6
7279346,8008119,10,2,8
6253368,7716652,7,5,2
6350398,7972624,1,1,0
6350398,7972624,3,8,-5
6350398,7972624,8,11,-3
6350398,7972624,10,2,8
6350398,7972624,11,13,-2
6066631,7781483,2,1,1
6066631,7781483,6,3,3
6066631,7781483,7,6,1
6245957,7030071,2,4,-2
6245957,7030071,4,5,-1
6245957,7030071,12,6,6
4178492,6072129,9,2,7
4178492,6072129,13,9,4
6661659,8416574,2,4,-2
6661659,8416574,4,1,3
6661659,8416574,6,3,3
6661659,8416574,7,6,1
6661659,8416574,8,9,-1
6390159,7792602,3,1,2
6857285,8109105,3,1,2
6857285,8109105,5,12,-7
6857285,8109105,8,4,4
5091209,7923374,2,5,-3
5091209,7923374,13,4,9
4026496,5344097,4,13,-9
4026496,5344097,9,6,3
5175808,6961071,10,13,-3
6285917,7055043,2,2,0
6285917,7055043,11,10,1
6285917,7055043,12,5,7
5265582,8534272,3,2,1
5265582,8534272,5,7,-2
5265582,8534272,7,5,2
5265582,8534272,9,11,-2
6456880,7107093,3,5,-2
6456880,7107093,4,6,-2
6456880,7107093,5,4,1
6456880,7107093,9,1,8
6875386,8543184,2,3,-1
4219974,5313740,6,1,5
4219974,5313740,10,8,2
4899067,7679400,5,3,2
4899067,7679400,7,1,6
6081009,8198677,1,6,-5
5330604,6461474,6,10,-4
5269133,6397576,9,7,2
5269133,6397576,10,2,8
4463618,4561317,1,2,-1
4463618,4561317,3,3,0
4463618,4561317,11,4,7
6484304,7266487,1,8,-7
4278622,5593082,2,10,-8
3938625,4709907,5,5,0
7385364,8294400,3,9,-6
7385364,8294400,7,7,0
7385364,8294400,12,3,9
5457187,6420549,1,2,-1
6931534,7580520,1,2,-1
6316805,7098513,1,1,0
6316805,7098513,5,13,-8
5430727,7058016,4,6,-2
5430727,7058016,6,1,5
4667935,6471192,5,3,2
6947200,8124434,2,8,-6
6947200,8124434,7,6,1
4797790,4851968,1,1,0
4797790,4851968,3,6,-3
4797790,4851968,7,5,2
3986676,7204436,2,6,-4
3986654,4706366,4,9,-5
4641754,5208737,8,2,6
4641754,5208737,9,6,3
4641754,5208737,10,12,-2
6881550,7344894,5,5,0
6271864,7928985,2,5,-3
7900995,8690218,5,4,1
7900995,8690218,8,11,-3
7573773,8055957,7,4,3
7573773,8055957,10,1,9
5418707,7851949,1,5,-4
5418707,7851949,5,13,-8
5418707,7851949,10,9,1
7288860,7989971,10,3,7
4999806,8706903,12,5,7
4234536,5344912,5,6,-1
5570210,8378955,1,10,-9
5570210,8378955,4,3,1
5570210,8378955,9,2,7
8059738,8571000,2,1,1
6845126,7129907,1,1,0
6845126,7129907,2,4,-2
6845126,7129907,4,13,-9
6845126,7129907,10,3,7
5404295,6249784,1,9,-8
5404295,6249784,5,11,-6
5249056,6987586,4,13,-9
5249056,6987586,9,5,4
5290073,7114727,1,4,-3
5290073,7114727,5,7,-2
5290073,7114727,8,5,3
6452816,7173836,1,13,-12
6452816,7173836,12,3,9
4547246,7980841,9,7,2
4434127,4678828,8,9,-1
4434127,4678828,10,11,-1
5020544,5464447,1,1,0
5020544,5464447,2,2,0
5020544,5464447,4,13,-9
5020544,5464447,6,4,2
4290244,7478644,4,2,2
7618369,8140312,2,1,1
7618369,8140312,11,7,4
4950954,8502439,2,1,1
4950954,8502439,8,6,2
4950954,8502439,11,11,0
6527411,7658526,1,4,-3
6527411,7658526,7,12,-5
6527411,7658526,10,11,-1
5190660,7857955,7,10,-3
5190660,7857955,9,6,3
7199276,7696390,2,1,1
7199276,7696390,3,6,-3
7199276,7696390,10,12,-2
7199276,7696390,13,8,5
5000113,6846516,6,5,1
7810692,8186555,4,8,-4
7810692,8186555,6,9,-3
7810692,8186555,9,13,-4
4996262,5268134,1,3,-2
6548330,7528475,1,8,-7
6548330,7528475,10,13,-3
6508969,7669307,1,6,-5
6508969,7669307,2,4,-2
6508969,7669307,3,7,-4
6508969,7669307,4,8,-4
6508969,7669307,13,10,3
4643966,4939067,2,1,1
4643966,4939067,3,5,-2
4643966,4939067,4,3,1
4643966,4939067,5,2,3
4643966,4939067,6,10,-4
4643966,4939067,8,6,2
4764255,4951762,4,4,0
4764255,4951762,5,5,0
4764255,4951762,12,2,10
5509337,8333136,3,5,-2
5509337,8333136,8,4,4
7815960,7959965,1,1,0
7815960,7959965,2,3,-1
7815960,7959965,4,2,2
7635034,8286734,1,8,-7
4223147,4412021,8,6,2
7477832,8438601,5,2,3
4926992,8732947,2,2,0
5453310,7727329,6,9,-3
5453310,7727329,8,3,5
5453310,7727329,12,12,0
4005297,5322982,1,12,-11
4005297,5322982,4,9,-5
4005297,5322982,5,13,-8
5127021,7136621,3,12,-9
7072904,7899821,13,4,9
5525341,7270837,1,3,-2
5525341,7270837,4,6,-2
6228151,7708808,1,1,0
6228151,7708808,6,3,3
6228151,7708808,8,7,1
6228151,7708808,11,11,0
3938948,5209218,2,11,-9
3938948,5209218,6,2,4
3938948,5209218,8,3,5
4358937,5149141,7,9,-2
6244021,7306370,3,3,0
6500141,8348867,1,2,-1
6500141,8348867,3,5,-2
6500141,8348867,8,11,-3
6155033,6651529,2,2,0
5316172,7661392,5,6,-1
6098127,7266623,2,4,-2
6098127,7266623,7,3,4
6098127,7266623,9,10,-1
3939449,4199862,1,3,-2
3939449,4199862,2,5,-3
5011780,7550650,1,4,-3
5011780,7550650,2,9,-7
5011780,7550650,3,10,-7
6556685,7653533,4,4,0
4810549,7381284,1,1,0
4810549,7381284,5,6,-1
4764652,5408401,2,2,0
4764652,5408401,9,7,2
6188494,7016612,2,6,-4
6069366,7250330,5,3,2
7088534,8494377,13,3,10
5135761,8658200,2,4,-2
5135761,8658200,4,7,-3
5135761,8658200,5,3,2
5135761,8658200,6,8,-2
5441690,7161363,4,3,1
4768044,5576750,1,2,-1
7291824,8120782,2,10,-8
4826056,7628302,6,1,5
5215955,7674370,2,6,-4
5215955,7674370,4,2,2
7200275,7515762,3,5,-2
7200275,7515762,11,4,7
6383725,6506737,1,4,-3
6383725,6506737,9,7,2
6480865,7730396,8,6,2
6480865,7730396,9,11,-2
7578730,8197309,2,1,1
5403192,7404716,2,2,0
4745215,5488144,1,6,-5
7058373,7825644,5,11,-6
7058373,7825644,13,8,5
6070289,7100236,4,1,3
6070289,7100236,9,3,6
4928912,5165640,1,1,0
5618266,6231494,2,3,-1
5644807,7665164,4,6,-2
5644807,7665164,12,5,7
5134994,7214202,6,12,-6
5134994,7214202,11,9,2
5514253,8162830,12,1,11
4160820,8133476,3,13,-10
4160820,8133476,6,4,2
5391407,6494918,5,5,0
4308474,7470334,2,2,0
4308474,7470334,8,12,-4
4708296,7753299,2,1,1
5224404,7513913,1,9,-8
4770416,7985137,1,1,0
4770416,7985137,2,2,0
4770416,7985137,6,3,3
5101682,7955350,8,3,5
7259810,8416367,2,2,0
7259810,8416367,3,1,2
7259810,8416367,5,10,-5
4289128,7591830,3,4,-1
5546557,7689799,1,1,0
5546557,7689799,2,2,0
5546557,7689799,8,11,-3
5546557,7689799,11,4,7
5180901,8239323,5,1,4
7520879,8430916,6,1,5
4779936,4874208,1,1,0
4779936,4874208,2,8,-6
4779936,4874208,5,5,0
4779936,4874208,9,6,3
4832115,7427425,2,7,-5
4832115,7427425,7,5,2
6931240,7379715,2,1,1
6931240,7379715,12,3,9
5576700,7693610,1,9,-8
5576700,7693610,4,3,1
5576700,7693610,7,8,-1
5576700,7693610,11,2,9
5262649,6470071,3,2,1
5262649,6470071,9,9,0
8205589,8739748,2,12,-10
8205589,8739748,3,8,-5
8205589,8739748,5,1,4
8205589,8739748,6,4,2
8205589,8739748,7,6,1
5026396,7727277,1,3,-2
5026396,7727277,3,13,-10
6441401,6977711,1,8,-7
6441401,6977711,2,11,-9
6441401,6977711,3,3,0
6441401,6977711,5,9,-4
6441401,6977711,6,4,2
6373908,7298173,8,4,4
4129013,4698982,1,13,-12
4129013,4698982,2,2,0
4129013,4698982,3,4,-1
4129013,4698982,6,3,3
4129013,4698982,13,1,12
4349086,8191704,1,6,-5
6301609,7689655,1,4,-3
4682264,6204743,2,12,-10
4682264,6204743,4,6,-2
4682264,6204743,10,1,9
4681653,4979467,1,7,-6
4681653,4979467,4,3,1
6566869,8132864,9,8,1
6566869,8132864,11,4,7
6566869,8132864,13,1,12
6136725,7588736,2,7,-5
6136725,7588736,6,10,-4
4831117,7381803,3,2,1
4831117,7381803,4,8,-4
4831117,7381803,11,4,7
7010273,7242268,4,7,-3
7010273,7242268,7,5,2
7010273,7242268,8,8,0
7010273,7242268,12,6,6
4745760,6526761,1,1,0
4745760,6526761,4,6,-2
6540767,7331973,2,3,-1
7254428,8676284,1,2,-1
7254428,8676284,4,7,-3
5332123,7757600,1,3,-2
5332123,7757600,7,5,2
5332123,7757600,8,9,-1
5332123,7757600,13,6,7
5300935,7668506,1,3,-2
5300935,7668506,5,5,0
5300935,7668506,6,2,4
5300935,7668506,7,6,1
5300935,7668506,9,7,2
5300935,7668506,10,4,6
5158710,5419848,5,1,4
5158710,5419848,9,12,-3
5249637,8596391,2,2,0
5249637,8596391,3,4,-1
5249637,8596391,4,3,1
5249637,8596391,5,5,0
5249637,8596391,6,6,0
5249637,8596391,7,11,-4
5249637,8596391,8,12,-4
4789105,7066258,6,1,5
6175927,8476787,1,1,0
7054064,8115742,2,1,1
7054064,8115742,4,3,1
6604092,8594990,3,1,2
6604092,8594990,4,4,0
6604092,8594990,7,7,0
6604092,8594990,11,10,1
6178161,7715534,8,13,-5
5254038,8357052,5,7,-2
5254038,8357052,9,1,8
5254038,8357052,12,10,2
4618343,8057679,1,2,-1
4618343,8057679,2,5,-3
4618343,8057679,11,9,2
6436529,7601270,1,1,0
6436529,7601270,6,3,3
4311289,6513754,3,10,-7
4311289,6513754,13,1,12
5351497,7143589,1,2,-1
5351497,7143589,2,3,-1
5351497,7143589,7,4,3
4960013,7093516,1,2,-1
4960013,7093516,2,1,1
4960013,7093516,4,5,-1
4960013,7093516,5,6,-1
7295452,8698433,6,5,1
5455863,6072875,2,2,0
5455863,6072875,5,6,-1
5455863,6072875,7,4,3
4690218,5044437,2,12,-10
4690218,5044437,4,1,3
4690218,5044437,8,9,-1
4690218,5044437,13,10,3
5152781,5322925,2,1,1
5362453,7670586,1,4,-3
5362453,7670586,3,11,-8
6936881,7943961,9,6,3
6505247,8019796,4,4,0
4946480,7540901,2,9,-7
4161064,4374317,2,7,-5
4161064,4374317,3,12,-9
5282823,6896699,1,1,0
5628890,8211363,11,13,-2
5432524,7053859,1,1,0
5432524,7053859,4,2,2
5432524,7053859,5,3,2
6297031,7259003,1,7,-6
6297031,7259003,10,6,4
6356778,7336985,1,2,-1
6356778,7336985,2,1,1
6356778,7336985,3,8,-5
6356778,7336985,7,5,2
6356778,7336985,8,11,-3
6356778,7336985,9,3,6
4310223,8169717,4,5,-1
4310223,8169717,13,7,6
6349486,7107235,12,6,6
4812949,5212625,7,8,-1
6857009,7403969,11,11,0
6287743,6589720,4,7,-3
6287743,6589720,5,9,-4
6287743,6589720,10,3,7
6287743,6589720,12,11,1
5480356,6648782,1,1,0
5480356,6648782,2,3,-1
5306291,7065410,2,5,-3
5306291,7065410,4,6,-2
5306291,7065410,5,8,-3
5354282,8608704,2,8,-6
5354282,8608704,3,3,0
4406600,4522574,1,1,0
4406600,4522574,2,5,-3
4406600,4522574,7,7,0
4406600,4522574,8,11,-3
4981236,5248060,1,2,-1
4981236,5248060,3,9,-6
4981236,5248060,6,13,-7
4981236,5248060,7,7,0
4981236,5248060,9,5,4
4981236,5248060,11,10,1
4981236,5248060,13,8,5
6200893,7732350,11,10,1
6888803,7590143,1,13,-12
6888803,7590143,4,5,-1
6888803,7590143,12,1,11
4334344,4691421,1,2,-1
4334344,4691421,2,5,-3
4334344,4691421,3,7,-4
4334344,4691421,6,3,3
4334344,4691421,8,6,2
5355991,7812292,3,6,-3
5222041,7919775,2,1,1
5222041,7919775,6,6,0
5222041,7919775,13,5,8
6537276,7678139,1,10,-9
6537276,7678139,2,11,-9
4086150,5292435,3,10,-7
4086150,5292435,10,7,3
4086150,5292435,11,8,3
6857059,7100074,3,6,-3
6857059,7100074,4,8,-4
6857059,7100074,6,9,-3
6136031,8435300,1,7,-6
6157469,7952764,1,6,-5
5181908,7294278,1,9,-8
5181908,7294278,3,13,-10
5181908,7294278,9,3,6
6385174,7281057,2,2,0
6385174,7281057,4,1,3
6385174,7281057,9,13,-4
6274107,7256154,4,2,2
7273120,7694763,5,1,4
7273120,7694763,8,5,3
7106171,8284022,8,2,6
4404262,5005631,4,5,-1
4404262,5005631,7,4,3
6217543,7922737,1,1,0
7589237,8097760,3,6,-3
7589237,8097760,11,13,-2
5121937,6866281,2,3,-1
5121937,6866281,9,8,1
6224624,7658755,5,2,3
6224624,7658755,6,5,1
6064308,6549133,8,2,6
5380772,8361078,5,10,-5
4327991,4761667,1,12,-11
4327991,4761667,7,2,5
4452014,4754573,1,3,-2
4452014,4754573,4,5,-1
4452014,4754573,7,4,3
7635730,8288476,1,1,0
7635730,8288476,2,2,0
7635730,8288476,4,9,-5
7635730,8288476,7,4,3
7635730,8288476,10,10,0
7859431,8666651,1,4,-3
7548649,8160346,5,3,2
4541136,7681264,3,4,-1
4541136,7681264,7,2,5
4541136,7681264,10,3,7
4393190,6333394,6,3,3
5362420,7279507,2,1,1
5362420,7279507,9,9,0
5054253,7160052,6,3,3
7262200,8592415,1,11,-10
7262200,8592415,2,10,-8
7262200,8592415,3,3,0
7262200,8592415,5,6,-1
4622605,5237470,1,2,-1
4622605,5237470,2,1,1
4622605,5237470,5,5,0
4622605,5237470,6,3,3
4622605,5237470,7,4,3
6155066,6851442,5,1,4
5633952,7103215,1,3,-2
5633952,7103215,2,4,-2
4746908,7068172,2,10,-8
4746908,7068172,5,12,-7
4746908,7068172,7,8,-1
6307548,8713432,2,1,1
6214987,7541444,6,3,3
6214987,7541444,11,1,10
4876124,5344038,2,1,1
4876124,5344038,8,6,2
4164808,6272740,1,1,0
4783029,8230855,6,9,-3
4610332,6460664,5,1,4
4610332,6460664,8,7,1
4610332,6460664,10,8,2
5183464,7955355,2,2,0
5183464,7955355,4,1,3
7640692,8683735,3,3,0
7640692,8683735,5,4,1
5571116,8361087,6,9,-3
6663639,7951150,2,8,-6
6778755,7295754,10,5,5
6436848,7052940,6,3,3
5287090,7002552,1,1,0
7169186,8535323,1,7,-6
7169186,8535323,2,13,-11
7169186,8535323,4,1,3
7169186,8535323,6,5,1
7169186,8535323,12,3,9
4668110,5433308,1,3,-2
4668110,5433308,6,1,5
4955469,8500022,9,2,7
3937214,8542122,2,8,-6
3937214,8542122,6,4,2
5261338,6394012,1,1,0
5261338,6394012,10,3,7
5261338,6394012,11,6,5
4329171,4818281,10,4,6
4719427,7327147,1,4,-3
4995948,6540902,1,3,-2
4995948,6540902,4,1,3
4995948,6540902,5,4,1
4995948,6540902,6,2,4
4995948,6540902,7,8,-1
4995948,6540902,10,7,3
7066264,7896090,1,7,-6
7066264,7896090,2,11,-9
7066264,7896090,9,1,8
4309464,5273794,11,12,-1
3940285,7138199,1,1,0
3940285,7138199,2,3,-1
3940285,7138199,4,4,0
5409572,6261679,3,12,-9
6215373,6546528,2,5,-3
4819647,6308101,12,4,8
6985694,8577874,9,11,-2
7708584,7872868,3,2,1
7708584,7872868,4,1,3
4023035,4791290,1,5,-4
4023035,4791290,4,13,-9
7121942,8414376,1,1,0
7121942,8414376,3,2,1
6561301,7308380,1,1,0
6561301,7308380,2,8,-6
6561301,7308380,3,11,-8
6561301,7308380,7,2,5
7184064,8553004,11,1,10
6085637,8286547,1,1,0
6085637,8286547,9,5,4
6085637,8286547,10,2,8
6327346,6956935,10,5,5
4854324,8747358,1,12,-11
4854324,8747358,3,4,-1
4854324,8747358,5,1,4
5304439,6515649,5,2,3
5304439,6515649,9,1,8
5656036,8715335,7,1,6
6633630,7689711,5,5,0
5068399,6992209,2,1,1
5068399,6992209,3,2,1
5068399,6992209,4,3,1
5068399,6992209,5,8,-3
5068399,6992209,6,10,-4
6091778,7194195,2,2,0
6091778,7194195,11,11,0
6944812,8278992,1,2,-1
6944812,8278992,7,4,3
6944812,8278992,12,10,2
6944812,8278992,13,1,12
6450407,8352984,11,7,4
6144600,7099214,2,5,-3
6144600,7099214,5,6,-1
6144600,7099214,9,11,-2
6144600,7099214,10,4,6
3996660,5144739,1,1,0
5137542,6599177,1,1,0
5137542,6599177,8,3,5
5257637,7658747,7,9,-2
4242148,5618109,1,4,-3
4242148,5618109,2,3,-1
4242148,5618109,5,2,3
4242148,5618109,6,8,-2
6335665,7263330,3,11,-8
6335665,7263330,8,5,3
6232623,8148744,5,8,-3
6232623,8148744,6,2,4
5278506,5581183,1,1,0
5278506,5581183,3,3,0
5278506,5581183,4,2,2
4706050,7518387,5,9,-4
4706050,7518387,6,7,-1
6618857,8448161,7,6,1
6618857,8448161,8,11,-3
6716574,8568989,5,3,2
6716574,8568989,6,8,-2
6716574,8568989,10,11,-1
6716574,8568989,12,1,11
4627109,5645080,7,8,-1
4627109,5645080,9,2,7
4627109,5645080,10,1,9
4627109,5645080,11,4,7
4548202,7491541,3,6,-3
5627473,7453276,1,4,-3
5627473,7453276,7,10,-3
7963686,8382325,9,7,2
7963686,8382325,12,8,4
6291815,7145130,3,3,0
6291815,7145130,10,1,9
5326096,6095933,1,1,0
5326096,6095933,9,3,6
5326096,6095933,12,5,7
5650712,6892148,2,1,1
5650712,6892148,3,12,-9
6182315,7712164,7,9,-2
4543139,5040903,2,7,-5
4543139,5040903,3,1,2
4878898,7267649,9,3,6
5217492,6500481,6,11,-5
4743577,6309758,2,3,-1
4743577,6309758,3,4,-1
4743577,6309758,6,2,4
4743577,6309758,7,13,-6
5448792,8118507,5,5,0
5562503,6905491,12,2,10
6467811,7168743,1,5,-4
6467811,7168743,4,12,-8
5394012,6168992,13,11,2
4983647,5116899,4,8,-4
4983647,5116899,7,9,-2
4983647,5116899,12,5,7
4642786,5526022,5,5,0
4881638,7434425,2,2,0
4160739,6475963,1,1,0
4160739,6475963,4,5,-1
4160739,6475963,9,9,0
5258016,6843799,1,2,-1
5258016,6843799,2,1,1
5600970,6073462,2,1,1
5600970,6073462,6,11,-5
5600970,6073462,11,3,8
5600970,6073462,12,4,8
4148788,4680276,11,10,1
4864892,6277047,4,12,-8
4864892,6277047,5,13,-8
6491843,7071105,2,1,1
6491843,7071105,6,6,0
6491843,7071105,13,8,5
4220811,6414243,3,6,-3
4220811,6414243,4,12,-8
4220811,6414243,8,13,-5
4850649,8414085,3,5,-2
4850649,8414085,9,10,-1
7797401,8527630,7,3,4
5515489,6408247,1,4,-3
6616607,8473245,3,6,-3
6503011,7954806,2,1,1
6503011,7954806,3,7,-4
6503011,7954806,9,4,5
5488761,7641673,1,10,-9
4256088,7444816,1,1,0
4256088,7444816,4,3,1
4861692,5252416,2,2,0
3998062,6334738,1,6,-5
3998062,6334738,3,5,-2
5354392,7986034,9,2,7
4092787,4396189,1,1,0
4092787,4396189,4,9,-5
6655684,8702101,1,1,0
5118311,6454611,1,8,-7
6450269,8499857,1,3,-2
6450269,8499857,5,6,-1
6450269,8499857,7,2,5
6450269,8499857,13,9,4
4945769,5355712,7,12,-5
6236413,7834882,1,1,0
7135211,7989036,5,3,2
7135211,7989036,6,13,-7
4621271,7744002,1,9,-8
5511413,7169364,2,6,-4
5511413,7169364,7,7,0
5511413,7169364,12,9,3
5073193,7097675,8,5,3
5228341,6073484,10,1,9
5555190,8483979,9,8,1
4922869,5185543,1,2,-1
4922869,5185543,2,10,-8
4922869,5185543,4,8,-4
4922869,5185543,7,12,-5
4751834,5415020,2,1,1
4751834,5415020,5,6,-1
4751834,5415020,6,11,-5
4751834,5415020,10,5,5
4249146,8260204,1,13,-12
4249146,8260204,2,11,-9
4249146,8260204,3,12,-9
4249146,8260204,4,6,-2
4249146,8260204,8,10,-2
4249146,8260204,10,7,3
4636872,4928252,1,1,0
4636872,4928252,6,3,3
4746106,8608141,5,3,2
7024028,8059888,6,7,-1
4239042,4684369,2,1,1
4542072,4708943,1,4,-3
4542072,4708943,8,13,-5
4542072,4708943,12,6,6
4992166,8440079,2,1,1
4628920,6120504,1,1,0
4628920,6120504,2,4,-2
4223638,7581512,2,3,-1
4223638,7581512,10,2,8
4033450,5310038,8,12,-4
4861105,7017921,2,3,-1
6138439,8523437,3,1,2
6582212,7720565,9,6,3
5518960,6359321,3,1,2
5518960,6359321,9,3,6
5518960,6359321,10,4,6
4294095,4430872,7,7,0
4294095,4430872,13,4,9
7805450,8429184,1,2,-1
7805450,8429184,2,1,1
7097524,7335080,1,1,0
7097524,7335080,2,2,0
7097524,7335080,3,5,-2
7097524,7335080,4,7,-3
7097524,7335080,5,3,2
7097524,7335080,6,4,2
7097524,7335080,7,6,1
7097524,7335080,8,8,0
7097524,7335080,11,9,2
7097524,7335080,12,10,2
7097524,7335080,13,11,2
4571674,8489817,2,10,-8
4571674,8489817,6,1,5
4571674,8489817,7,3,4
4590490,4641147,3,9,-6
4590490,4641147,10,3,7
4590490,4641147,12,8,4
5353052,7708362,1,4,-3
6339293,6608435,2,7,-5
6339293,6608435,8,4,4
6339293,6608435,11,2,9
6339293,6608435,12,5,7
6339293,6608435,13,6,7
5141498,8353875,10,2,8
5141498,8353875,13,8,5
5600213,8288742,3,8,-5
5600213,8288742,4,9,-5
5600213,8288742,11,11,0
7338186,7878687,4,9,-5
7338186,7878687,7,6,1
7544192,8337454,1,1,0
6641614,8118869,1,11,-10
4755139,7077646,9,1,8
4450754,7121236,1,3,-2
4450754,7121236,3,4,-1
4025176,4949106,2,2,0
4025176,4949106,8,1,7
4204196,5366553,1,7,-6
7196210,8034952,11,10,1
6470207,8571637,3,3,0
6470207,8571637,6,12,-6
6501091,7350953,2,11,-9
6501091,7350953,3,1,2
4935703,6157255,2,4,-2
4935703,6157255,3,9,-6
4935703,6157255,6,10,-4
4983295,6350374,7,7,0
5518163,7690547,3,3,0
6610060,8696662,1,6,-5
6118485,8212864,1,3,-2
6118485,8212864,5,5,0
6565897,8394434,3,2,1
6565897,8394434,5,11,-6
4682065,5291087,8,2,6
4682065,5291087,11,11,0
6286053,7315902,8,4,4
4278327,4836657,2,6,-4
4278327,4836657,4,2,2
4278327,4836657,7,7,0
7241766,8288391,4,7,-3
7241766,8288391,9,3,6
7241766,8288391,11,4,7
7241766,8288391,13,6,7
5587742,7777812,1,5,-4
4307455,4794525,7,11,-4
4307455,4794525,9,6,3
6219752,7047354,1,1,0
6990009,7701013,1,2,-1
5335389,6892413,5,1,4
5335389,6892413,7,8,-1
6230049,7120489,3,9,-6
5313464,7149948,5,9,-4
5313464,7149948,6,1,5
5313464,7149948,11,3,8
6236059,7374174,7,6,1
4161751,4768229,2,3,-1
4881116,5132770,2,4,-2
6405151,7054800,2,1,1
6405151,7054800,3,2,1
6405151,7054800,6,3,3
6405151,7054800,9,8,1
4611658,8336615,1,10,-9
4611658,8336615,10,4,6
4328803,5103840,7,5,2
4328803,5103840,12,11,1
4328803,5103840,13,12,1
4569894,7503975,1,9,-8
4569894,7503975,6,6,0
4569894,7503975,7,12,-5
4569894,7503975,8,3,5
4925189,7985164,8,1,7
5579302,7099330,12,7,5
4353593,4560245,7,11,-4
7324284,7965447,1,1,0
7324284,7965447,2,2,0
7324284,7965447,3,3,0
7324284,7965447,4,4,0
7324284,7965447,5,5,0
7324284,7965447,6,6,0
7324284,7965447,7,7,0
7324284,7965447,8,8,0
7324284,7965447,9,9,0
7324284,7965447,10,10,0
7324284,7965447,11,11,0
7324284,7965447,12,12,0
7324284,7965447,13,13,0
6298321,7721199,6,6,0
4913991,7211362,1,4,-3
4913991,7211362,9,11,-2
6222774,7263000,1,3,-2
6222774,7263000,2,1,1
6222774,7263000,8,9,-1
6222774,7263000,13,7,6
4991971,5313542,1,5,-4
4991971,5313542,2,6,-4
4991971,5313542,3,12,-9
4991971,5313542,6,7,-1
4991971,5313542,10,8,2
6397821,8140243,10,2,8
6397821,8140243,11,8,3
4536795,7110322,3,1,2
4536795,7110322,9,2,7
4536795,7110322,13,12,1
6883533,7614283,3,7,-4
6883533,7614283,4,1,3
6883533,7614283,9,3,6
6209406,6460425,1,2,-1
6209406,6460425,2,8,-6
6209406,6460425,4,1,3
6209406,6460425,10,5,5
6397170,7913201,6,10,-4
4254468,4686633,4,3,1
4254468,4686633,5,10,-5
7310551,8499252,8,1,7
4296130,4914135,1,1,0
5198931,7466490,1,5,-4
5198931,7466490,2,1,1
5198931,7466490,3,2,1
5198931,7466490,5,13,-8
5198931,7466490,6,6,0
5145587,5352369,2,1,1
4825860,6571792,10,13,-3
5240694,8168629,8,8,0
4793528,8567648,3,1,2
4623550,5250308,2,9,-7
4623550,5250308,3,6,-3
4623550,5250308,7,13,-6
7647916,7913668,1,1,0
7647916,7913668,2,10,-8
7647916,7913668,3,4,-1
7647916,7913668,4,5,-1
7647916,7913668,5,2,3
7647916,7913668,6,9,-3
7647916,7913668,9,11,-2
7647916,7913668,11,12,-1
5097370,5287235,1,8,-7
5097370,5287235,2,1,1
5097370,5287235,12,10,2
6605102,7371250,3,3,0
6605102,7371250,8,10,-2
5455111,6533765,1,8,-7
6618341,8146113,1,1,0
4800275,4992816,1,8,-7
4800275,4992816,2,10,-8
4800275,4992816,4,3,1
4800275,4992816,5,6,-1
4800275,4992816,6,1,5
4800275,4992816,11,11,0
6177846,7276950,1,5,-4
6177846,7276950,4,9,-5
6177846,7276950,5,1,4
6177846,7276950,10,7,3
4475680,7422133,1,6,-5
4475680,7422133,8,2,6
7436357,8116170,5,10,-5
4144448,4975594,1,2,-1
4144448,4975594,2,6,-4
4144448,4975594,11,9,2
4107345,6177116,1,2,-1
4107345,6177116,2,4,-2
5212826,6144243,3,3,0
5212826,6144243,13,1,12
7309927,7549403,7,6,1
7309927,7549403,10,2,8
5049975,5500560,3,5,-2
4703004,7897369,4,5,-1
4306547,4570614,1,1,0
4306547,4570614,6,2,4
4306547,4570614,12,4,8
5337844,6797326,8,4,4
6347532,8434325,3,5,-2
6347532,8434325,10,1,9
7051557,7854022,2,3,-1
7051557,7854022,3,1,2
7051557,7854022,8,2,6
5568639,6263485,4,13,-9
5568639,6263485,10,11,-1
5260988,7324818,3,5,-2
7704131,8286786,2,1,1
4435654,4866303,1,1,0
4435654,4866303,2,12,-10
4435654,4866303,7,7,0
6402678,7033312,7,2,5
6402678,7033312,9,9,0
6334247,7412639,7,2,5
5213555,7273454,6,5,1
5213555,7273454,12,1,11
5322306,7273115,5,12,-7
5066544,5429689,2,2,0
5066544,5429689,5,1,4
5066544,5429689,8,5,3
4229282,4743354,1,2,-1
4229282,4743354,4,8,-4
4229282,4743354,5,10,-5
6077791,7043133,8,9,-1
4390901,8683539,2,8,-6
4390901,8683539,3,11,-8
7142646,7903796,3,10,-7
7142646,7903796,4,4,0
7142646,7903796,7,1,6
7142646,7903796,10,13,-3
5400171,5502782,6,1,5
6275505,7111296,10,12,-2
6275505,7111296,12,1,11
5166584,5289890,1,10,-9
5166584,5289890,2,2,0
5166584,5289890,6,3,3
5166584,5289890,7,13,-6
7286908,7809498,2,8,-6
7085243,8310521,9,1,8
5322573,5639674,5,10,-5
5322573,5639674,11,6,5
5113805,7997237,1,2,-1
5113805,7997237,3,8,-5
5113805,7997237,5,12,-7
5113805,7997237,10,3,7
6889771,7614452,2,10,-8
6889771,7614452,10,4,6
4434234,7297544,4,11,-7
5156315,7354447,8,10,-2
4921005,5309762,1,13,-12
4921005,5309762,3,5,-2
5471533,7822197,9,4,5
5091484,6207722,12,2,10
6643625,7747559,2,7,-5
6661572,7106504,9,3,6
6661572,7106504,11,2,9
6661572,7106504,13,7,6
4356073,6475354,1,5,-4
4356073,6475354,7,6,1
5450381,6487156,1,1,0
5450381,6487156,8,7,1
6304892,8340989,3,7,-4
4461691,4704193,5,3,2
4246222,6197173,1,1,0
4246222,6197173,6,3,3
5048026,5416862,1,2,-1
6466695,8509525,2,3,-1
6137793,6965616,1,1,0
6137793,6965616,2,2,0
6137793,6965616,12,10,2
6137793,6965616,13,4,9
5025874,7900703,6,5,1
5025874,7900703,7,7,0
5025874,7900703,9,9,0
7047299,7155638,1,8,-7
7047299,7155638,5,1,4
7197989,8146516,1,3,-2
5113067,7075722,1,3,-2
5113067,7075722,3,2,1
5113067,7075722,4,1,3
5113067,7075722,7,10,-3
5113067,7075722,8,4,4
6393759,8341874,12,12,0
5605476,7059919,2,5,-3
5605476,7059919,8,9,-1
5548646,6269076,7,6,1
6155331,6868371,2,2,0
4487199,5179939,2,8,-6
5643541,6183704,2,5,-3
5643541,6183704,3,6,-3
7579922,7902891,1,4,-3
7579922,7902891,2,1,1
6273076,7077082,4,12,-8
6273076,7077082,5,2,3
3999376,4451200,3,11,-8
3999376,4451200,10,9,1
6088226,7880331,8,7,1
7924939,8014739,7,10,-3
4743773,8643305,8,11,-3
4743773,8643305,9,4,5
4743773,8643305,11,2,9
6088450,7353391,5,2,3
6088450,7353391,6,12,-6
5150236,7352428,2,2,0
5150236,7352428,4,4,0
5419007,6842942,3,1,2
5382400,6150002,4,2,2
5382400,6150002,7,6,1
5406212,7680622,4,1,3
5406212,7680622,7,7,0
5406212,7680622,11,8,3
5568395,6925624,4,1,3
5086900,5326323,7,4,3
5376376,6852122,11,4,7
5429641,7918853,6,5,1
6272176,7602978,8,11,-3
7351462,8206807,1,1,0
7351462,8206807,2,2,0
7351462,8206807,3,3,0
7351462,8206807,4,4,0
7351462,8206807,5,5,0
7351462,8206807,6,6,0
7351462,8206807,7,7,0
7351462,8206807,8,8,0
7351462,8206807,9,9,0
7351462,8206807,10,10,0
7351462,8206807,11,11,0
7351462,8206807,12,12,0
7351462,8206807,13,13,0
4491258,4773574,11,2,9
5387676,7115715,1,6,-5
5387676,7115715,2,5,-3
5387676,7115715,3,1,2
5387676,7115715,5,9,-4
5387676,7115715,6,13,-7
5387676,7115715,11,3,8
5169621,7943028,3,5,-2
5169621,7943028,5,1,4
5169621,7943028,7,9,-2
4342633,4708783,2,4,-2
4342633,4708783,8,3,5
4342633,4708783,13,9,4
5101824,7725186,3,1,2
5101824,7725186,9,12,-3
7978932,8587665,2,3,-1
7978932,8587665,9,1,8
6087197,6313015,1,1,0
3999055,4123026,7,8,-1
5294655,7741564,3,11,-8
5294655,7741564,4,12,-8
5294655,7741564,5,2,3
5294655,7741564,12,5,7
5578736,6503699,1,1,0
5578736,6503699,2,2,0
5578736,6503699,3,3,0
5578736,6503699,4,5,-1
5578736,6503699,5,6,-1
5578736,6503699,6,7,-1
5578736,6503699,7,8,-1
5578736,6503699,8,9,-1
5578736,6503699,10,10,0
5578736,6503699,11,11,0
5578736,6503699,12,12,0
4484739,7740542,3,1,2
4484739,7740542,13,4,9
4017425,4810682,1,3,-2
4017425,4810682,2,6,-4
4017425,4810682,10,7,3
5578672,6262162,1,3,-2
5578672,6262162,3,9,-6
5578672,6262162,4,1,3
5578672,6262162,9,5,4
5578672,6262162,13,11,2
6176019,7100319,3,5,-2
6176019,7100319,4,12,-8
5089796,7358838,1,1,0
5089796,7358838,2,13,-11
6532329,7193155,1,7,-6
6532329,7193155,6,3,3
6461059,7706692,6,8,-2
6461059,7706692,12,3,9
6884451,7858906,1,2,-1
6884451,7858906,2,1,1
6884451,7858906,4,9,-5
6884451,7858906,5,4,1
6884451,7858906,10,3,7
6884451,7858906,11,7,4
6884451,7858906,12,5,7
6419753,8353259,6,3,3
6419753,8353259,9,6,3
6419753,8353259,11,9,2
5491691,8606979,2,5,-3
6070728,7857514,1,4,-3
6070728,7857514,8,12,-4
5234395,8083653,11,2,9
5072216,6369524,2,10,-8
5210938,6495083,6,6,0
5231086,5648341,1,5,-4
5231086,5648341,2,2,0
4446135,4678661,4,5,-1
4446135,4678661,7,2,5
4450525,6510161,4,3,1
4615903,4818562,1,1,0
4615903,4818562,2,9,-7
4615903,4818562,3,8,-5
4615903,4818562,5,13,-8
6326601,6627866,1,1,0
6326601,6627866,2,2,0
6326601,6627866,3,3,0
6326601,6627866,4,4,0
6326601,6627866,5,5,0
6326601,6627866,6,6,0
6326601,6627866,7,7,0
6326601,6627866,8,8,0
6326601,6627866,9,9,0
6326601,6627866,10,10,0
6326601,6627866,11,11,0
6326601,6627866,12,12,0
6326601,6627866,13,13,0
4918831,5117553,1,3,-2
4918831,5117553,2,2,0
4918831,5117553,5,4,1
4918831,5117553,11,9,2
5598632,6935409,1,3,-2
5598632,6935409,5,4,1
5598632,6935409,10,5,5
4750135,8473396,3,1,2
4750135,8473396,6,13,-7
4750135,8473396,13,11,2
4125873,5129061,3,12,-9
5014125,5262875,10,3,7
6419846,7101805,1,4,-3
6419846,7101805,3,11,-8
6419846,7101805,7,3,4
6419846,7101805,8,10,-2
6604328,8051617,7,3,4
6604328,8051617,9,12,-3
6904329,7200454,8,13,-5
6958362,7637271,3,8,-5
6958362,7637271,8,7,1
6958362,7637271,13,13,0
8383312,8741519,1,2,-1
8383312,8741519,2,4,-2
5626605,8696700,2,3,-1
5626605,8696700,7,9,-2
5626605,8696700,8,4,4
5012386,5118298,6,1,5
5497340,6552567,12,7,5
4345928,6542680,5,2,3
4345928,6542680,9,1,8
4345928,6542680,11,3,8
4345928,6542680,12,7,5
5627935,6430159,3,5,-2
5627935,6430159,4,4,0
5627935,6430159,12,9,3
7076170,7962045,3,12,-9
7076170,7962045,4,4,0
7076170,7962045,10,1,9
5156631,6899737,4,2,2
5156631,6899737,11,1,10
6599288,7476235,4,2,2
6599288,7476235,8,7,1
4698017,7674110,1,3,-2
4698017,7674110,6,1,5
4698017,7674110,8,6,2
4698017,7674110,10,2,8
4698017,7674110,13,7,6
6487594,7177869,7,1,6
5137424,5213474,2,1,1
5137424,5213474,5,3,2
5137424,5213474,6,4,2
5137424,5213474,10,13,-3
5389245,6655366,2,1,1
5389245,6655366,3,3,0
5389245,6655366,4,4,0
5389245,6655366,8,2,6
6638441,8479384,1,1,0
6638441,8479384,2,2,0
6638441,8479384,3,10,-7
6638441,8479384,7,7,0
6638441,8479384,12,8,4
6372538,7476278,10,1,9
6891918,7840255,1,8,-7
6891918,7840255,4,10,-6
4100330,5431707,1,1,0
4100330,5431707,3,8,-5
4100330,5431707,8,2,6
4940052,5074302,1,4,-3
4940052,5074302,2,1,1
4940052,5074302,3,10,-7
4940052,5074302,4,2,2
4940052,5074302,5,3,2
4940052,5074302,7,9,-2
4940052,5074302,9,5,4
4940052,5074302,12,12,0
4940052,5074302,13,13,0
4746371,5248346,1,1,0
4746371,5248346,3,2,1
4559946,6847842,1,3,-2
4559946,6847842,5,10,-5
4559946,6847842,12,2,10
6270177,7726776,1,12,-11
6270177,7726776,4,3,1
6270177,7726776,10,11,-1
6270177,7726776,13,1,12
7440914,8290861,2,8,-6
5416646,8060806,2,13,-11
5522255,7117721,2,1,1
5522255,7117721,4,2,2
5522255,7117721,5,3,2
5522255,7117721,6,4,2
5522255,7117721,8,8,0
5522255,7117721,9,7,2
5522255,7117721,10,5,5
5522255,7117721,11,10,1
5522255,7117721,12,6,6
5522255,7117721,13,9,4
4090031,6075764,5,2,3
6460376,8561430,4,8,-4
5485351,8011933,2,7,-5
6500167,8092444,1,4,-3
6500167,8092444,13,11,2
3964175,7838799,1,2,-1
3964175,7838799,2,1,1
3964175,7838799,3,5,-2
3964175,7838799,6,7,-1
6506997,8274013,1,1,0
6506997,8274013,8,11,-3
4045087,4812081,5,8,-3
4995074,7242754,7,8,-1
4111234,4863203,1,8,-7
4111234,4863203,7,9,-2
4111234,4863203,12,4,8
3960721,6074550,4,5,-1
5573516,7803139,2,2,0
5573516,7803139,6,8,-2
5573516,7803139,11,13,-2
5573516,7803139,13,3,10
6632681,7682801,10,6,4
4623575,8657515,3,10,-7
5497993,8550932,6,4,2
5497993,8550932,12,3,9
4383175,4900937,2,6,-4
4383175,4900937,9,4,5
6506202,8152819,1,3,-2
6506202,8152819,2,2,0
6506202,8152819,5,5,0
5365453,7710119,1,2,-1
5365453,7710119,10,3,7
4597938,6994755,1,5,-4
4597938,6994755,2,6,-4
6539101,8077935,8,6,2
7042444,8172417,4,5,-1
7042444,8172417,7,6,1
6278913,7751947,1,11,-10
4769336,5576291,1,1,0
4769336,5576291,2,13,-11
4769336,5576291,3,2,1
4769336,5576291,11,4,7
4769336,5576291,12,10,2
4918690,7120187,7,3,4
4060600,6610276,1,4,-3
4060600,6610276,5,7,-2
7483937,8495120,5,11,-6
4700429,5331715,5,1,4
4700429,5331715,11,4,7
3943168,4312896,3,5,-2
6502278,7086119,1,12,-11
6502278,7086119,3,1,2
6502278,7086119,5,2,3
6502278,7086119,9,5,4
6502278,7086119,11,10,1
7198643,8673012,3,3,0
7198643,8673012,13,8,5
6085156,7673197,1,2,-1
6085156,7673197,6,7,-1
6085156,7673197,10,3,7
5113496,7840976,5,7,-2
5479627,7853957,1,7,-6
4888258,6203944,1,2,-1
4888258,6203944,5,3,2
5399586,6187933,4,7,-3
5399586,6187933,7,2,5
6287295,7682356,1,1,0
6287295,7682356,3,10,-7
6287295,7682356,4,7,-3
6287295,7682356,9,6,3
3962416,6099856,6,3,3
6330044,8017944,10,11,-1
6330044,8017944,11,1,10
4323075,4774950,13,6,7
6416822,7241686,1,3,-2
6416822,7241686,5,9,-4
6416822,7241686,8,8,0
6416822,7241686,10,10,0
4289100,4378766,1,6,-5
4289100,4378766,2,1,1
4289100,4378766,3,3,0
4289100,4378766,5,2,3
4289100,4378766,8,5,3
4289100,4378766,12,8,4
6321100,8682407,11,2,9
4436379,6229588,1,3,-2
4436379,6229588,2,5,-3
4436379,6229588,5,12,-7
5592054,8716945,1,6,-5
5592054,8716945,5,8,-3
4801897,8661914,3,5,-2
4801897,8661914,4,4,0
4801897,8661914,5,9,-4
7298084,8378343,4,11,-7
7298084,8378343,9,2,7
7298084,8378343,11,4,7
5591279,7195045,1,1,0
5591279,7195045,4,11,-7
5591279,7195045,5,6,-1
5591279,7195045,8,3,5
8113531,8210556,1,1,0
8113531,8210556,2,2,0
8113531,8210556,4,5,-1
8113531,8210556,5,3,2
8113531,8210556,6,7,-1
8113531,8210556,9,10,-1
8113531,8210556,10,9,1
8359451,8656018,4,3,1
8359451,8656018,11,4,7
5099256,6398357,3,5,-2
5099256,6398357,5,9,-4
5099256,6398357,10,8,2
4113382,5264854,8,1,7
4113382,5264854,10,7,3
5166189,6864242,7,2,5
5166189,6864242,8,4,4
5596411,7619752,12,1,11
4677054,5641631,9,11,-2
7333500,7907525,3,1,2
7333500,7907525,8,4,4
6405049,8539025,3,2,1
6405049,8539025,9,4,5
6578188,7073163,1,5,-4
6578188,7073163,4,13,-9
5482269,6089989,2,1,1
5482269,6089989,3,2,1
5482269,6089989,5,7,-2
5482269,6089989,8,12,-4
5482269,6089989,13,3,10
5063125,7622844,2,1,1
6164285,8146704,8,11,-3
5335169,7051212,13,3,10
4780020,7384211,1,4,-3
4780020,7384211,8,1,7
4854891,5123860,1,1,0
4854891,5123860,2,8,-6
4854891,5123860,3,6,-3
4854891,5123860,5,13,-8
4854891,5123860,7,2,5
4854891,5123860,10,9,1
4854891,5123860,11,3,8
4843825,8096134,1,10,-9
4843825,8096134,4,12,-8
6070380,8276340,1,1,0
6070380,8276340,2,2,0
6070380,8276340,3,8,-5
6070380,8276340,4,3,1
6070380,8276340,6,4,2
6070380,8276340,12,5,7
7207548,8181936,1,3,-2
7207548,8181936,10,5,5
5272991,6405880,3,3,0
5272991,6405880,5,1,4
5272991,6405880,7,5,2
3992519,4411885,1,1,0
3992519,4411885,3,9,-6
5528248,6014080,1,2,-1
6374036,8036421,3,1,2
7565336,7941385,1,1,0
7565336,7941385,2,2,0
7565336,7941385,3,3,0
7565336,7941385,4,4,0
7565336,7941385,5,5,0
7565336,7941385,6,6,0
7565336,7941385,7,7,0
7565336,7941385,8,8,0
7565336,7941385,9,9,0
7565336,7941385,10,10,0
7565336,7941385,11,11,0
7565336,7941385,12,12,0
7565336,7941385,13,13,0
4749908,7578598,13,11,2
5454091,8145868,13,10,3
6086003,8240589,7,3,4
6086003,8240589,12,5,7
7789878,8409197,3,1,2
7789878,8409197,5,5,0
7789878,8409197,13,7,6
5550366,7240844,3,12,-9
5550366,7240844,4,13,-9
4344899,6640427,2,1,1
5250266,8329098,2,1,1
5250266,8329098,13,13,0
6315193,7480634,4,4,0
6315193,7480634,7,3,4
6398728,7349742,1,9,-8
4957907,7030077,1,9,-8
4957907,7030077,6,6,0
5015004,6508393,1,1,0
5015004,6508393,11,12,-1
7762373,8155332,1,1,0
7762373,8155332,2,2,0
6236972,7814003,8,12,-4
7609396,8339679,4,4,0
7609396,8339679,5,9,-4
7609396,8339679,6,2,4
7460930,8571717,7,12,-5
7460930,8571717,8,2,6
4850210,7114357,7,3,4
7068544,7776762,5,10,-5
6450981,8452367,8,7,1
4680588,6148048,4,7,-3
4680588,6148048,12,1,11
5088706,8635725,1,4,-3
5088706,8635725,2,8,-6
5088706,8635725,3,1,2
5088706,8635725,7,3,4
6099619,7064070,1,5,-4
6099619,7064070,2,10,-8
5239360,6349160,2,13,-11
5239360,6349160,10,11,-1
5570886,6881159,5,2,3
5570886,6881159,6,8,-2
5570886,6881159,7,9,-2
5570886,6881159,8,13,-5
7302090,8260032,6,3,3
7261479,7728726,1,7,-6
7261479,7728726,4,1,3
6306652,7037716,1,1,0
6306652,7037716,2,12,-10
6306652,7037716,6,10,-4
6306652,7037716,8,8,0
6306652,7037716,9,5,4
6306652,7037716,13,11,2
5337279,6203608,1,4,-3
5648439,6462149,2,13,-11
5648439,6462149,6,3,3
5648439,6462149,7,4,3
5648439,6462149,9,1,8
4053949,7346155,2,13,-11
4326648,5228601,4,1,3
6642994,8451424,1,7,-6
6642994,8451424,2,1,1
6642994,8451424,11,4,7
6251149,6666753,3,2,1
6251149,6666753,4,5,-1
4696188,5656773,2,11,-9
4696188,5656773,3,5,-2
4696188,5656773,7,8,-1
6244338,6966374,3,9,-6
4041691,8213266,3,4,-1
4041691,8213266,4,5,-1
4041691,8213266,7,6,1
6067324,7164704,8,3,5
6067324,7164704,9,6,3
7320611,7452239,3,1,2
7320611,7452239,11,6,5
7666723,8378715,13,10,3
7394186,8093811,1,2,-1
7394186,8093811,3,5,-2
7394186,8093811,5,6,-1
7394186,8093811,8,9,-1
6191746,7659812,2,5,-3
6191746,7659812,6,1,5
6651202,7715255,3,12,-9
6651202,7715255,4,3,1
4115959,5163975,6,2,4
4115959,5163975,10,5,5
4542298,6491757,3,12,-9
3976502,5563008,1,2,-1
3976502,5563008,3,5,-2
3976502,5563008,5,4,1
3976502,5563008,6,1,5
3976502,5563008,7,12,-5
6941905,7841324,2,9,-7
6941905,7841324,9,1,8
6941905,7841324,13,10,3
6484939,7443295,2,3,-1
6484939,7443295,3,7,-4
6484939,7443295,4,1,3
6484939,7443295,5,10,-5
6484939,7443295,6,2,4
6373430,8712441,2,8,-6
6131744,8050462,6,11,-5
6298019,8284644,1,1,0
6298019,8284644,7,10,-3
6298019,8284644,13,8,5
4425120,4842587,3,3,0
4425120,4842587,4,9,-5
4425120,4842587,6,4,2
4425120,4842587,8,11,-3
4425120,4842587,10,12,-2
4425120,4842587,12,8,4
4294974,8568626,13,13,0
6602272,7651521,9,6,3
7026495,8569560,1,1,0
7026495,8569560,4,10,-6
7026495,8569560,9,2,7
6577644,7099932,3,12,-9
6577644,7099932,9,6,3
6577644,7099932,11,4,7
4452644,7056808,3,4,-1
4452644,7056808,5,10,-5
4452644,7056808,9,2,7
5047725,5578932,5,8,-3
5579471,6522780,2,7,-5
4018025,4287693,1,1,0
4018025,4287693,2,13,-11
4018025,4287693,3,11,-8
4018025,4287693,4,2,2
4018025,4287693,6,4,2
4018025,4287693,7,5,2
4018025,4287693,9,10,-1
4018025,4287693,10,12,-2
6447980,7186495,1,11,-10
6447980,7186495,4,8,-4
6447980,7186495,5,2,3
6447980,7186495,9,10,-1
4842579,6887257,11,8,3
4842579,6887257,12,9,3
5523964,6512256,3,8,-5
5523964,6512256,4,11,-7
4206898,4640487,1,7,-6
4206898,4640487,2,3,-1
4206898,4640487,4,1,3
4206898,4640487,5,10,-5
4206898,4640487,6,2,4
4206898,4640487,8,5,3
4206898,4640487,11,6,5
4206898,4640487,13,12,1
5018049,6072312,1,5,-4
5031193,6473473,2,8,-6
5031193,6473473,3,12,-9
5031193,6473473,12,6,6
6142619,6988845,2,11,-9
4750703,5386963,4,5,-1
4750703,5386963,9,7,2
4134320,4228712,1,4,-3
4134320,4228712,8,3,5
6370062,8164950,2,3,-1
6370062,8164950,3,9,-6
6370062,8164950,5,4,1
5238488,7048781,1,3,-2
5238488,7048781,7,5,2
5238488,7048781,11,13,-2
4957087,5237983,1,1,0
4957087,5237983,3,6,-3
5484516,7682923,2,3,-1
5484516,7682923,8,5,3
5484516,7682923,9,6,3
5177097,7449482,8,6,2
5138379,8331820,3,4,-1
5138379,8331820,4,5,-1
5138379,8331820,12,7,5
6466137,7289374,9,13,-4
6466137,7289374,10,1,9
5591955,7780089,6,7,-1
5591955,7780089,13,4,9
7262061,8282576,5,10,-5
4011867,4230107,2,7,-5
4011867,4230107,13,4,9
8060716,8521977,12,4,8
5434787,6236359,1,1,0
5434787,6236359,2,13,-11
5434787,6236359,7,9,-2
5434787,6236359,11,3,8
7264056,8066817,6,10,-4
7264056,8066817,13,9,4
5177663,7307829,3,1,2
5177663,7307829,9,2,7
5073515,6066525,1,2,-1
5073515,6066525,6,11,-5
5073515,6066525,8,7,1
5073515,6066525,12,13,-1
4376522,7232096,2,5,-3
4376522,7232096,8,12,-4
4376522,7232096,13,2,11
4553872,5347871,7,4,3
7128797,7837923,3,6,-3
6101164,7414953,4,1,3
6573180,7622383,3,2,1
6573180,7622383,5,7,-2
5495330,7248354,2,2,0
5031702,6075447,2,10,-8
5031702,6075447,4,5,-1
7054183,8064248,2,1,1
7054183,8064248,3,2,1
7054183,8064248,9,7,2
4886341,6891615,1,3,-2
4886341,6891615,3,2,1
5374265,7637906,10,11,-1
8102173,8687349,4,5,-1
4258009,4532000,8,8,0
4258009,4532000,9,4,5
6325822,8480728,1,2,-1
6597469,8643865,7,8,-1
6597469,8643865,12,9,3
6286763,7360689,4,5,-1
7128500,7883296,1,2,-1
7128500,7883296,2,1,1
7128500,7883296,3,8,-5
7128500,7883296,4,10,-6
7128500,7883296,5,6,-1
7128500,7883296,6,3,3
7128500,7883296,11,11,0
6292389,8755222,3,6,-3
6292389,8755222,5,3,2
5636292,8281140,4,3,1
5636292,8281140,6,12,-6
4041508,4147420,2,6,-4
4041508,4147420,5,1,4
4041508,4147420,12,8,4
4041508,4147420,13,13,0
7033139,7345376,4,3,1
5161210,7664263,6,5,1
4791373,7668583,5,4,1
4791373,7668583,12,3,9
6907497,7957196,2,3,-1
6907497,7957196,3,9,-6
6907497,7957196,4,4,0
6907497,7957196,6,2,4
6531788,7492054,11,11,0
4628332,8025381,8,4,4
4628332,8025381,13,1,12
3977640,7432440,4,1,3
7114652,8282007,5,1,4
6469991,7664068,4,4,0
6469991,7664068,13,3,10
4103895,6347813,2,8,-6
4103895,6347813,5,1,4
4103895,6347813,6,4,2
4950140,5258181,1,1,0
4950140,5258181,9,7,2
5428862,6381797,6,3,3
6897688,7564287,4,6,-2
6897688,7564287,5,5,0
6897688,7564287,6,13,-7
6897688,7564287,9,4,5
6897688,7564287,12,9,3
7546223,7675447,4,5,-1
6515404,6909059,2,4,-2
6515404,6909059,10,2,8
6878643,8349727,2,5,-3
6594600,7421148,5,1,4
6870089,7948208,2,7,-5
6524197,7056228,1,1,0
6524197,7056228,2,5,-3
6524197,7056228,3,12,-9
8193842,8552767,1,3,-2
8193842,8552767,4,11,-7
8193842,8552767,6,4,2
8193842,8552767,10,6,4
8193842,8552767,11,13,-2
4161951,7060077,2,3,-1
4161951,7060077,7,6,1
4188403,4389413,1,4,-3
4188403,4389413,2,2,0
4188403,4389413,4,11,-7
7012549,7706944,1,1,0
7012549,7706944,2,5,-3
7012549,7706944,3,6,-3
7012549,7706944,4,9,-5
4063949,6090532,8,5,3
4183626,5239411,5,8,-3
4183626,5239411,6,1,5
4183626,5239411,13,9,4
6853851,8019331,4,1,3
6853851,8019331,6,2,4
4518851,5395179,1,9,-8
4518851,5395179,9,3,6
6292052,7304536,2,9,-7
6292052,7304536,5,7,-2
5251825,7815851,7,7,0
3992301,4722902,2,4,-2
4876651,6600489,11,11,0
5443495,7491230,5,11,-6
5317663,8086085,9,5,4
4295022,4899022,9,2,7
4715684,5347433,1,1,0
4715684,5347433,3,5,-2
7150462,7380805,1,1,0
7150462,7380805,9,6,3
6321338,7996201,1,2,-1
5076351,6347523,3,6,-3
5076351,6347523,5,9,-4
6879787,7324764,1,1,0
6879787,7324764,2,3,-1
6879787,7324764,5,2,3
6879787,7324764,11,5,6
6879787,7324764,13,7,6
5145409,7927136,2,1,1
4783274,7888542,3,5,-2
6985434,7653142,5,7,-2
6985434,7653142,6,3,3
6985434,7653142,10,5,5
6602137,8241104,1,5,-4
6602137,8241104,3,10,-7
6602137,8241104,4,2,2
6602137,8241104,9,11,-2
7849835,8099224,1,1,0
7849835,8099224,2,7,-5
7849835,8099224,5,3,2
7849835,8099224,7,6,1
7849835,8099224,8,2,6
7849835,8099224,10,5,5
5199491,7013976,3,2,1
5199491,7013976,13,3,10
4761778,8134452,8,6,2
6669291,7681949,4,12,-8
5334141,6408204,1,1,0
5058216,5319810,1,1,0
5058216,5319810,2,2,0
5058216,5319810,5,4,1
6276743,7484784,10,5,5
6276743,7484784,13,7,6
5149659,6282221,1,11,-10
5149659,6282221,2,9,-7
5149659,6282221,3,1,2
5149659,6282221,4,2,2
7041675,8263595,3,12,-9
7041675,8263595,8,10,-2
7041675,8263595,12,3,9
6348827,7109760,10,3,7
5525529,7042064,3,7,-4
7283120,8243038,12,12,0
6252284,7955922,1,1,0
6461461,8262519,4,3,1
6461461,8262519,11,6,5
4116198,8747401,2,3,-1
4324872,4884814,5,8,-3
4324872,4884814,13,12,1
5636276,7243236,9,9,0
6276821,7334922,2,1,1
6276821,7334922,6,11,-5
4043393,7559367,7,8,-1
3938431,5355779,5,1,4
3938431,5355779,10,4,6
4934233,7832314,1,1,0
4934233,7832314,3,3,0
4934233,7832314,12,6,6
4624257,6984238,9,1,8
4003178,4693048,10,8,2
5634214,8257190,2,1,1
5634214,8257190,3,4,-1
5634214,8257190,4,10,-6
5634214,8257190,6,2,4
5634214,8257190,11,13,-2
5634214,8257190,13,11,2
4925183,8430797,2,2,0
4925183,8430797,11,8,3
7396359,7901417,2,7,-5
4692553,4994106,2,4,-2
4692553,4994106,5,2,3
4386305,4550277,1,11,-10
4386305,4550277,2,1,1
4386305,4550277,6,7,-1
5382769,7858187,2,1,1
5382769,7858187,5,13,-8
4361372,4682833,1,2,-1
4361372,4682833,5,5,0
4999443,6225500,2,6,-4
4999443,6225500,3,10,-7
7016904,8086641,2,5,-3
7016904,8086641,3,4,-1
5135500,7048715,11,5,6
5135500,7048715,12,6,6
4927385,8449324,12,10,2
6070179,6438516,4,1,3
4327777,5277648,9,2,7
4441791,8243360,10,10,0
5061255,5484401,2,2,0
5077073,5304665,1,3,-2
5077073,5304665,8,4,4
5077073,5304665,9,11,-2
6118547,8471852,8,7,1
6118547,8471852,12,8,4
4258354,4695954,3,9,-6
4258354,4695954,9,13,-4
7440672,7953309,1,12,-11
7440672,7953309,2,4,-2
4068310,4370646,2,1,1
4068310,4370646,3,6,-3
4068310,4370646,4,10,-6
4785446,5303383,3,13,-10
4785446,5303383,5,2,3
4785446,5303383,8,10,-2
4492112,4716872,1,6,-5
4492112,4716872,4,2,2
4492112,4716872,5,10,-5
4492112,4716872,7,12,-5
4492112,4716872,8,7,1
4492112,4716872,9,5,4
4162563,4922567,2,12,-10
4162563,4922567,3,1,2
4162563,4922567,11,6,5
4162563,4922567,13,10,3
7171727,7967005,6,12,-6
4629484,6560989,1,2,-1
4629484,6560989,7,13,-6
4629484,6560989,9,1,8
7796068,7994959,4,4,0
7008897,7592402,1,1,0
7008897,7592402,2,8,-6
7008897,7592402,3,2,1
7008897,7592402,4,4,0
7008897,7592402,6,10,-4
7008897,7592402,8,11,-3
7008897,7592402,10,13,-3
7008897,7592402,12,6,6
7008897,7592402,13,3,10
5647502,7699247,2,1,1
6159237,7147661,2,4,-2
6159237,7147661,11,11,0
4809183,6496758,3,6,-3
4809183,6496758,6,9,-3
4357072,5017263,4,7,-3
6276478,7280890,1,5,-4
6276478,7280890,3,2,1
6276478,7280890,5,1,4
6276478,7280890,6,11,-5
6276478,7280890,11,8,3
6895317,7793755,2,6,-4
6895317,7793755,3,1,2
6895317,7793755,4,3,1
6895317,7793755,7,10,-3
6895317,7793755,8,8,0
4311782,4889788,1,12,-11
6538577,8462015,1,1,0
6538577,8462015,2,9,-7
4032344,4283477,2,4,-2
4032344,4283477,6,6,0
4032344,4283477,9,8,1
5221256,8323227,1,1,0
5221256,8323227,6,2,4
6351138,7382667,2,1,1
8330556,8749119,2,3,-1
8330556,8749119,6,9,-3
6416490,6976990,13,10,3
5453090,6302892,9,6,3
5453090,6302892,12,5,7
7188358,8327157,1,1,0
7188358,8327157,3,6,-3
5094658,7374627,3,2,1
5094658,7374627,10,5,5
4939685,8170879,1,4,-3
6498377,7170132,3,9,-6
6498377,7170132,9,3,6
6096454,7618678,1,6,-5
6096454,7618678,2,3,-1
6096454,7618678,4,10,-6
6096454,7618678,5,5,0
4889407,5335305,3,11,-8
4889407,5335305,5,7,-2
4123150,7724801,1,2,-1
4123150,7724801,2,3,-1
4123150,7724801,3,11,-8
4123150,7724801,4,1,3
4123150,7724801,5,6,-1
4123150,7724801,12,13,-1
5350397,6547804,5,5,0
5350397,6547804,11,12,-1
6171937,6483156,3,3,0
5533983,7789864,2,8,-6
5533983,7789864,8,1,7
4872970,6506702,2,3,-1
4872970,6506702,9,9,0
5094107,8712731,6,12,-6
5094107,8712731,12,9,3
4398258,7082359,9,2,7
4948864,5316884,6,7,-1
4692941,5163110,1,6,-5
4692941,5163110,5,4,1
4692941,5163110,10,5,5
6064730,7130411,10,7,3
5462353,7077560,2,6,-4
5462353,7077560,4,4,0
5462353,7077560,11,10,1
6092669,8377736,4,12,-8
6092669,8377736,12,3,9
4932969,7270681,7,13,-6
7069101,8745634,6,2,4
6155953,6878091,13,8,5
6511300,7401638,5,3,2
6511300,7401638,12,13,-1
7251314,8422645,8,6,2
6276452,8132625,1,2,-1
6276452,8132625,3,3,0
6276452,8132625,6,1,5
6276452,8132625,10,4,6
4987855,7495240,4,1,3
4209126,4266687,11,3,8
4287541,6347020,11,4,7
4894568,6967520,2,2,0
4894568,6967520,5,13,-8
4894568,6967520,7,8,-1
7903029,8566026,4,1,3
7903029,8566026,12,2,10
6668406,8266745,1,2,-1
6668406,8266745,2,1,1
6668406,8266745,13,8,5
4995762,5207534,9,11,-2
4995762,5207534,13,3,10
6216384,7192600,1,2,-1
6216384,7192600,2,13,-11
7273903,8410220,1,3,-2
7273903,8410220,3,7,-4
7273903,8410220,6,12,-6
7273903,8410220,10,6,4
7273903,8410220,13,11,2
4627244,6354370,4,6,-2
4627244,6354370,7,4,3
4356246,4701395,8,2,6
6638513,7063949,1,3,-2
6638513,7063949,2,9,-7
6638513,7063949,4,10,-6
6638513,7063949,8,1,7
4674364,4928557,2,11,-9
4674364,4928557,13,1,12
6898670,7171434,1,4,-3
6898670,7171434,3,6,-3
6898670,7171434,7,9,-2
4845172,5334676,3,10,-7
4845172,5334676,5,12,-7
4845172,5334676,7,3,4
4845172,5334676,11,13,-2
4845172,5334676,12,8,4
7524324,8016860,1,7,-6
7524324,8016860,3,13,-10
7524324,8016860,7,3,4
5541956,7260162,1,5,-4
5541956,7260162,10,2,8
5219311,7112117,1,9,-8
5219311,7112117,4,10,-6
5219311,7112117,9,4,5
4868682,6542184,5,12,-7
6307782,6867999,3,11,-8
6338046,8531954,5,10,-5
6338046,8531954,8,12,-4
7494459,8038646,4,7,-3
5075596,6091383,3,3,0
5075596,6091383,6,2,4
5075596,6091383,13,13,0
4431193,7335114,5,2,3
4431193,7335114,7,3,4
4431193,7335114,9,5,4
4431193,7335114,13,9,4
6425123,7231600,1,3,-2
6425123,7231600,4,1,3
6425123,7231600,9,2,7
7969826,8619515,1,13,-12
7969826,8619515,3,11,-8
7969826,8619515,5,12,-7
7969826,8619515,7,5,2
7969826,8619515,8,7,1
7969826,8619515,13,8,5
4761976,5582050,1,3,-2
4761976,5582050,5,5,0
4761976,5582050,9,13,-4
4761976,5582050,11,9,2
6161161,7200138,13,11,2
6076041,8073565,12,8,4
4852399,7032689,1,1,0
4852399,7032689,2,10,-8
4852399,7032689,8,12,-4
5400995,7676865,7,11,-4
5400995,7676865,8,10,-2
5325300,6663113,1,1,0
5325300,6663113,5,9,-4
5325300,6663113,7,2,5
5325300,6663113,8,6,2
5325300,6663113,9,8,1
6273884,8435230,1,4,-3
6360364,7117364,5,4,1
4142113,5396112,2,4,-2
4294407,6205999,1,6,-5
4294407,6205999,8,7,1
5235167,7546954,1,5,-4
5235167,7546954,4,1,3
5235167,7546954,5,2,3
5235167,7546954,6,3,3
3936338,7673742,1,10,-9
5059622,5223285,6,1,5
5059622,5223285,10,10,0
6212617,7944450,2,4,-2
4543345,8648284,2,5,-3
4543345,8648284,9,8,1
5234000,8262586,4,5,-1
5234000,8262586,7,2,5
4565181,6494178,1,4,-3
4565181,6494178,6,6,0
4565181,6494178,11,2,9
7315679,7853101,4,1,3
4354851,4406662,4,10,-6
4354851,4406662,8,2,6
4354851,4406662,9,9,0
4280578,8500143,7,2,5
4898450,5187761,2,13,-11
4898450,5187761,8,9,-1
4765343,6551312,2,11,-9
4765343,6551312,4,8,-4
6415160,7010701,1,1,0
6415160,7010701,2,2,0
6415160,7010701,9,3,6
6415160,7010701,13,5,8
5086781,8750980,6,10,-4
6566997,8226003,1,8,-7
6566997,8226003,12,9,3
7261569,7758351,13,13,0
7487262,7623515,2,3,-1
7487262,7623515,7,4,3
6179796,8034007,4,2,2
6370573,7984443,1,4,-3
6370573,7984443,2,5,-3
6370573,7984443,5,10,-5
6370573,7984443,6,7,-1
6062473,7614562,1,1,0
6062473,7614562,4,2,2
6062473,7614562,5,6,-1
5414881,7748582,3,5,-2
5414881,7748582,5,1,4
5414881,7748582,8,6,2
5208728,8031473,8,2,6
5208728,8031473,12,6,6
5303171,8671299,5,9,-4
5303171,8671299,12,1,11
5491018,6645616,2,10,-8
5491018,6645616,6,4,2
6311277,7711714,1,1,0
6311277,7711714,2,3,-1
6311277,7711714,3,2,1
6311277,7711714,4,4,0
6311277,7711714,6,6,0
6311277,7711714,7,8,-1
6311277,7711714,8,9,-1
6311277,7711714,9,10,-1
6311277,7711714,10,11,-1
6311277,7711714,11,12,-1
6311277,7711714,12,13,-1
6480014,7565461,3,5,-2
4566725,7942457,2,10,-8
5428761,7552286,8,12,-4
5428761,7552286,13,1,12
4771185,7346467,4,3,1
5356993,7947779,3,13,-10
5356993,7947779,5,9,-4
5356993,7947779,10,1,9
4605414,7637949,4,2,2
4605414,7637949,13,11,2
4228549,6247182,4,11,-7
5415624,7442177,1,2,-1
7497385,7789314,1,2,-1
7497385,7789314,3,3,0
7497385,7789314,6,4,2
4750147,6839573,4,5,-1
4750147,6839573,12,10,2
7362966,8098292,1,4,-3
4722877,6369159,3,12,-9
4455247,4779675,2,1,1
6929952,8727862,5,8,-3
6929952,8727862,9,6,3
6275760,6500091,12,2,10
6151277,6853604,8,7,1
6151277,6853604,10,4,6
4690149,6330470,5,10,-5
4690149,6330470,9,6,3
5386023,7858772,1,4,-3
6958986,8483616,1,4,-3
6958986,8483616,8,11,-3
6958986,8483616,9,5,4
6644986,7690942,1,2,-1
6644986,7690942,3,3,0
6644986,7690942,9,8,1
6253059,7181758,1,5,-4
6253059,7181758,2,1,1
6253059,7181758,3,2,1
6253059,7181758,4,3,1
6253059,7181758,5,4,1
6253059,7181758,6,7,-1
6253059,7181758,7,8,-1
6253059,7181758,9,11,-2
6253059,7181758,10,12,-2
6253059,7181758,13,9,4
5298701,5588853,5,12,-7
4910064,5505815,2,3,-1
5579486,7613712,2,13,-11
5579486,7613712,6,9,-3
5092915,6280506,2,9,-7
5092915,6280506,3,1,2
5092915,6280506,8,3,5
5557799,8078855,3,2,1
5557799,8078855,6,7,-1
4119753,5334444,3,8,-5
5102745,6479176,3,2,1
5184956,8503062,5,13,-8
6798274,7656221,1,4,-3
6798274,7656221,13,6,7
6523023,8280983,1,11,-10
6523023,8280983,5,7,-2
7379899,7962367,3,4,-1
7379899,7962367,5,13,-8
4935060,7442249,1,1,0
6597691,7697419,6,8,-2
6597691,7697419,11,1,10
7444182,8265737,10,2,8
4229737,4398198,1,2,-1
4229737,4398198,12,5,7
6439145,6663130,1,2,-1
6439145,6663130,6,3,3
5221256,6217546,1,6,-5
5522512,7313898,5,8,-3
5522512,7313898,9,12,-3
6299333,8179236,1,3,-2
6299333,8179236,2,12,-10
6299333,8179236,3,2,1
6299333,8179236,6,10,-4
6299333,8179236,8,8,0
6918862,8262547,5,8,-3
6918862,8262547,8,12,-4
7146025,7352880,7,1,6
4489413,5261120,1,2,-1
4489413,5261120,2,8,-6
4489413,5261120,3,11,-8
4489413,5261120,5,6,-1
4485088,8461303,3,5,-2
4194262,4691407,2,1,1
5614909,7973700,1,2,-1
5614909,7973700,8,3,5
5614909,7973700,11,7,4
6275106,7126421,4,5,-1
6275106,7126421,5,9,-4
4640590,4834522,1,1,0
4640590,4834522,5,11,-6
7688098,7782075,5,4,1
7688098,7782075,6,8,-2
7688098,7782075,7,10,-3
3969139,4064325,2,2,0
3969139,4064325,8,7,1
6577855,7196574,2,9,-7
6577855,7196574,3,12,-9
6577855,7196574,12,2,10
4637399,6580943,7,2,5
7709244,7947455,1,1,0
7709244,7947455,2,2,0
7709244,7947455,3,3,0
7709244,7947455,4,4,0
7709244,7947455,5,5,0
7709244,7947455,6,6,0
7709244,7947455,7,7,0
7709244,7947455,8,8,0
7709244,7947455,9,9,0
7709244,7947455,10,10,0
7709244,7947455,11,11,0
7197474,7707130,4,8,-4
4372316,8267946,2,8,-6
4372316,8267946,3,1,2
4372316,8267946,6,4,2
4229714,8113879,3,3,0
4229714,8113879,5,5,0
6168287,6533432,3,2,1
6168287,6533432,9,7,2
7534082,8387917,4,11,-7
7534082,8387917,9,9,0
6615166,8627211,12,6,6
7164665,8189586,5,8,-3
4210258,8074831,2,3,-1
5632235,6431123,2,2,0
5561531,7319811,1,9,-8
5561531,7319811,11,4,7
4273133,6904316,4,9,-5
4273133,6904316,7,3,4
6479374,7473653,7,5,2
6479374,7473653,8,10,-2
5108205,7083258,7,13,-6
5615445,6453563,2,3,-1
5615445,6453563,4,8,-4
7255344,8702100,1,1,0
7255344,8702100,4,2,2
3934660,7311148,1,2,-1
6330666,7079690,3,9,-6
4322919,4635405,2,13,-11
4322919,4635405,3,1,2
4322919,4635405,9,3,6
6853089,7479705,1,6,-5
6853089,7479705,2,3,-1
6853089,7479705,3,13,-10
6853089,7479705,4,4,0
6853089,7479705,5,2,3
6853089,7479705,7,7,0
5186939,8614274,10,9,1
4721021,7363685,1,1,0
8126528,8630691,3,7,-4
8126528,8630691,8,10,-2
5084637,5469082,4,5,-1
5084637,5469082,13,4,9
5637414,7250231,1,1,0
5637414,7250231,3,3,0
5637414,7250231,4,8,-4
5522184,6324810,3,10,-7
5522184,6324810,7,1,6
5522184,6324810,11,11,0
6253234,6477550,3,3,0
6253234,6477550,6,2,4
5380475,6231791,3,6,-3
5380475,6231791,6,2,4
5380475,6231791,12,9,3
4070152,5516578,2,1,1
4070152,5516578,5,2,3
4070152,5516578,6,4,2
4070152,5516578,11,3,8
5218376,7771026,1,12,-11
5218376,7771026,3,11,-8
5218376,7771026,10,5,5
5550016,6548244,1,1,0
6577735,7617537,8,9,-1
6577735,7617537,12,13,-1
7713482,8252172,1,1,0
7713482,8252172,2,2,0
7713482,8252172,5,3,2
6081519,7876776,11,2,9
4828485,5069200,4,4,0
4828485,5069200,11,7,4
4828485,5069200,13,1,12
4949674,5337698,7,5,2
4312295,4784082,1,2,-1
4312295,4784082,2,9,-7
4312295,4784082,4,6,-2
4312295,4784082,5,5,0
6463375,6959238,1,6,-5
6463375,6959238,6,2,4
6463375,6959238,9,12,-3
4837465,7755968,8,10,-2
6248672,7429717,8,2,6
6248672,7429717,10,6,4
4665776,4838126,2,1,1
4665776,4838126,7,7,0
4665776,4838126,8,3,5
4665776,4838126,12,9,3
6582511,7445834,3,2,1
5087834,7859240,1,12,-11
5087834,7859240,2,13,-11
5087834,7859240,5,11,-6
6174673,7838287,1,1,0
6174673,7838287,10,3,7
4446190,5401343,2,4,-2
4446190,5401343,3,5,-2
6278461,8478036,3,4,-1
6278461,8478036,4,5,-1
6301115,7265973,7,7,0
6553223,7734285,1,6,-5
6553223,7734285,9,3,6
5479286,7058966,3,9,-6
5448773,6421002,5,6,-1
5448773,6421002,12,4,8
6456775,7389032,3,1,2
6456775,7389032,4,2,2
6456775,7389032,6,11,-5
6456775,7389032,10,4,6
6456775,7389032,11,5,6
4009814,4951223,1,2,-1
5164185,7527811,2,1,1
5164185,7527811,4,8,-4
5352564,6586152,7,11,-4
4751737,4984275,3,1,2
4751737,4984275,4,7,-3
4751737,4984275,8,11,-3
6429930,8057967,1,1,0
6429930,8057967,7,5,2
6429930,8057967,10,4,6
5411552,8251067,2,5,-3
5411552,8251067,7,13,-6
6253175,7257273,4,2,2
6253175,7257273,7,5,2
6253175,7257273,13,4,9
4768499,5147261,1,1,0
4768499,5147261,5,3,2
4768499,5147261,6,2,4
6289334,7647504,7,7,0
6289334,7647504,10,3,7
4837521,5488325,1,7,-6
4837521,5488325,6,4,2
4837521,5488325,10,10,0
4837521,5488325,11,3,8
6434524,8219407,4,2,2
6434524,8219407,9,10,-1
6434524,8219407,11,6,5
5516107,7402112,1,1,0
5516107,7402112,3,2,1
5516107,7402112,6,9,-3
5516107,7402112,7,12,-5
6350208,7354356,1,2,-1
6350208,7354356,9,7,2
4290258,5284006,2,11,-9
4290258,5284006,8,2,6
6782179,8358880,3,2,1
6782179,8358880,4,1,3
6070752,6648134,1,8,-7
6070752,6648134,2,10,-8
6273421,8500453,9,11,-2
4135035,5259614,4,3,1
4135035,5259614,11,2,9
4135035,5259614,13,5,8
4098430,7661534,8,10,-2
4075260,4496709,1,1,0
4075260,4496709,2,4,-2
4075260,4496709,13,12,1
5356277,6890158,4,4,0
5356277,6890158,8,3,5
5004508,6170735,1,2,-1
5004508,6170735,6,3,3
5004508,6170735,7,8,-1
5004508,6170735,8,9,-1
5504882,7155587,1,2,-1
5504882,7155587,3,10,-7
5504882,7155587,4,13,-9
5504882,7155587,9,1,8
7282370,8415177,6,6,0
4888180,6632465,1,9,-8
4888180,6632465,9,10,-1
4888180,6632465,11,2,9
5202624,7080301,1,2,-1
5202624,7080301,2,7,-5
5202624,7080301,11,4,7
4448273,4906054,2,8,-6
4448273,4906054,3,3,0
4448273,4906054,4,1,3
5215539,7244251,12,1,11
5584490,7527269,1,1,0
5584490,7527269,4,5,-1
7480692,8121319,3,7,-4
7480692,8121319,5,2,3
6275519,6975610,1,3,-2
6275519,6975610,9,12,-3
4204854,4360374,1,7,-6
4204854,4360374,2,6,-4
4204854,4360374,3,3,0
4204854,4360374,5,5,0
4204854,4360374,6,2,4
6889105,7699021,4,5,-1
5616140,7303578,1,6,-5
4889478,5304051,3,3,0
5245721,6578222,1,13,-12
5245721,6578222,3,1,2
4871470,5399689,10,11,-1
6369974,8023221,4,1,3
6369974,8023221,7,6,1
6369974,8023221,9,4,5
6369974,8023221,10,10,0
7366188,8576854,1,2,-1
7366188,8576854,2,1,1
7366188,8576854,5,11,-6
7366188,8576854,11,6,5
5594367,7292064,2,1,1
5594367,7292064,5,5,0
5373535,7216319,2,1,1
5373535,7216319,4,10,-6
5373535,7216319,10,8,2
5373535,7216319,11,9,2
5373535,7216319,12,12,0
4556317,6288782,4,10,-6
6990755,7707748,10,11,-1
5527752,6214954,1,3,-2
5527752,6214954,4,6,-2
5527752,6214954,6,2,4
5527752,6214954,12,12,0
4535246,5296712,1,1,0
4535246,5296712,2,11,-9
4535246,5296712,9,3,6
4319079,4764959,8,8,0
5384261,6897073,10,2,8
4761839,8613419,4,2,2
4431977,4716391,2,2,0
4431977,4716391,4,3,1
4431977,4716391,6,1,5
4431977,4716391,12,5,7
4573778,8480659,4,7,-3
5404282,7329029,1,1,0
6659139,7299828,5,2,3
6659139,7299828,7,10,-3
6659139,7299828,9,8,1
6659139,7299828,12,4,8
7050555,7570749,1,3,-2
7050555,7570749,9,4,5
4875525,6085844,13,6,7
5364543,6148518,5,12,-7
5364543,6148518,10,6,4
4363046,5047883,2,3,-1
4363046,5047883,7,2,5
5204952,6988221,1,2,-1
5204952,6988221,2,1,1
5124332,5314896,1,1,0
5124332,5314896,3,4,-1
5124332,5314896,4,5,-1
5124332,5314896,5,10,-5
5124332,5314896,6,6,0
5124332,5314896,7,7,0
5124332,5314896,8,8,0
5124332,5314896,9,9,0
5124332,5314896,10,11,-1
5124332,5314896,11,12,-1
5124332,5314896,12,13,-1
6091223,7453267,6,3,3
6091223,7453267,8,8,0
6091223,7453267,10,10,0
5434407,7378633,2,10,-8
5434407,7378633,3,1,2
5434407,7378633,12,5,7
6087907,7479841,3,4,-1
4717414,8598194,10,10,0
5403605,7455867,1,1,0
5403605,7455867,2,2,0
4924186,6467157,5,2,3
4959652,5357399,2,2,0
4959652,5357399,10,4,6
4198266,5562803,2,1,1
6666330,7451627,1,1,0
6666330,7451627,12,9,3
4594724,4713827,1,12,-11
5575474,6554709,1,7,-6
5491800,6272555,9,1,8
5491800,6272555,10,2,8
5356500,7362889,3,7,-4
6456590,8085789,3,10,-7
6645068,7722462,1,1,0
6645068,7722462,6,5,1
6533946,8162079,3,11,-8
5387539,7250378,2,7,-5
7427988,7865068,10,13,-3
5412629,7539103,2,4,-2
5412629,7539103,8,7,1
6154278,6970412,1,5,-4
6154278,6970412,6,3,3
6154278,6970412,8,10,-2
6154278,6970412,10,13,-3
4310722,4654867,3,2,1
6601026,7729904,1,10,-9
6601026,7729904,2,12,-10
6093205,7566345,10,6,4
5114399,6669710,6,1,5
6249087,7719487,4,2,2
6249087,7719487,5,9,-4
6249087,7719487,7,6,1
4172621,8336210,1,4,-3
4172621,8336210,6,1,5
4172621,8336210,7,6,1
3993485,6507681,4,5,-1
3993485,6507681,7,8,-1
3993485,6507681,12,3,9
5258979,6023474,1,2,-1
6885418,7408602,3,5,-2
6885418,7408602,5,8,-3
6885418,7408602,7,4,3
6885418,7408602,11,1,10
5208530,7545166,1,9,-8
5208530,7545166,11,13,-2
4824793,7429523,9,8,1
4056255,5336845,2,10,-8
7633194,8492952,1,2,-1
7633194,8492952,4,1,3
5582103,6918616,3,2,1
5582103,6918616,8,4,4
5582103,6918616,11,7,4
6994979,7589191,8,13,-5
4311145,7578818,4,1,3
4311145,7578818,6,10,-4
4945238,5396081,1,6,-5
5142680,8499030,1,4,-3
7688621,8094489,2,1,1
7688621,8094489,3,3,0
7688621,8094489,4,10,-6
7688621,8094489,7,6,1
7688621,8094489,8,7,1
6180557,6420596,1,6,-5
6180557,6420596,5,3,2
7485064,8409050,2,6,-4
7485064,8409050,5,1,4
6297722,6854176,3,1,2
6297722,6854176,9,3,6
6297722,6854176,11,2,9
5268097,6294498,1,8,-7
6205789,7926279,2,8,-6
6205789,7926279,6,5,1
6205789,7926279,10,9,1
6205789,7926279,13,6,7
6181872,6925248,5,2,3
6256592,7233153,1,2,-1
6256592,7233153,7,12,-5
6256592,7233153,10,9,1
4721473,5024607,1,6,-5
4721473,5024607,2,1,1
4721473,5024607,3,7,-4
4721473,5024607,4,13,-9
4395046,6554674,1,1,0
4395046,6554674,4,5,-1
5102296,7119451,4,4,0
4566175,5414277,4,8,-4
4566175,5414277,8,5,3
7800986,8488425,2,4,-2
7800986,8488425,3,3,0
7800986,8488425,4,6,-2
7800986,8488425,5,9,-4
7800986,8488425,7,8,-1
4090076,4641103,1,2,-1
4090076,4641103,4,10,-6
5401946,6885994,1,8,-7
5401946,6885994,2,3,-1
5288976,7818423,6,12,-6
5288976,7818423,12,13,-1
6636250,8510429,10,5,5
5408600,5583993,6,4,2
5408600,5583993,10,1,9
7306613,8672955,4,10,-6
7306613,8672955,5,2,3
6269342,7597254,3,4,-1
6269342,7597254,11,6,5
6576912,7732793,5,8,-3
6576912,7732793,6,1,5
4915639,7514814,7,1,6
7533181,8489656,1,8,-7
7533181,8489656,10,10,0
6508620,7118326,4,7,-3
4037658,7640980,3,2,1
6360220,7062543,9,3,6
6360220,7062543,11,10,1
4608138,5292418,4,3,1
4608138,5292418,13,8,5
5381350,6983212,2,1,1
4492459,5166754,3,1,2
4492459,5166754,8,6,2
4492459,5166754,11,2,9
7880999,8213103,4,9,-5
7880999,8213103,7,1,6
7880999,8213103,9,6,3
3978846,8556855,1,1,0
4556082,5522433,1,5,-4
4556082,5522433,3,11,-8
4556082,5522433,6,6,0
4556082,5522433,8,4,4
4109599,6386013,1,3,-2
4109599,6386013,3,12,-9
4109599,6386013,6,1,5
5584070,7760905,8,11,-3
6149535,7878928,2,2,0
6149535,7878928,3,3,0
6149535,7878928,4,1,3
6149535,7878928,13,13,0
5524693,7261140,1,2,-1
5524693,7261140,10,4,6
5396483,7137292,11,3,8
7529660,8218787,4,3,1
7529660,8218787,6,5,1
7529660,8218787,7,11,-4
7529660,8218787,8,7,1
4535483,7476247,3,4,-1
7043213,8050353,2,5,-3
7043213,8050353,4,2,2
7043213,8050353,5,1,4
5484470,7704298,1,3,-2
6149618,7947061,2,12,-10
6608816,8213347,3,6,-3
5242457,8211124,5,2,3
4799909,5527227,2,2,0
4799909,5527227,13,10,3
6300947,8533628,2,1,1
6300947,8533628,3,3,0
6648198,7422132,1,3,-2
6648198,7422132,2,5,-3
6648198,7422132,8,6,2
6648198,7422132,10,10,0
6370513,7117163,3,7,-4
6370513,7117163,7,2,5
6370513,7117163,10,1,9
5404040,6093588,8,1,7
6363359,7062451,1,5,-4
4195956,4946319,2,2,0
4195956,4946319,4,1,3
4195956,4946319,8,10,-2
7120586,8548808,8,3,5
5006158,7153813,12,3,9
4335166,4698891,3,11,-8
5522807,8348908,12,1,11
6670992,8224108,3,7,-4
4004974,4990367,1,1,0
4004974,4990367,3,5,-2
4004974,4990367,4,2,2
5214402,6420948,1,1,0
5214402,6420948,4,7,-3
5625820,7502662,8,13,-5
6228066,7018344,1,1,0
4341353,5071075,2,10,-8
4341353,5071075,11,9,2
4341353,5071075,13,11,2
6172595,7141184,4,6,-2
6172595,7141184,7,11,-4
6172595,7141184,10,3,7
6458206,8756710,2,4,-2
6458206,8756710,4,5,-1
4833463,7339319,5,4,1
4290063,4812998,4,10,-6
4290063,4812998,5,1,4
4290063,4812998,12,3,9
6569095,8607790,4,6,-2
6569095,8607790,9,13,-4
5312343,6913600,1,1,0
5312343,6913600,7,6,1
4822680,8147974,2,5,-3
6238839,6843175,1,1,0
6238839,6843175,7,3,4
6238839,6843175,8,2,6
6238839,6843175,11,12,-1
6238839,6843175,12,8,4
6077315,6665766,6,4,2
6356930,8166095,5,4,1
6356930,8166095,7,6,1
4778253,6316099,1,7,-6
4778253,6316099,10,13,-3
6215812,7212580,13,6,7
6145089,6895526,1,1,0
6145089,6895526,5,10,-5
6872226,7267686,5,11,-6
3980688,4814409,1,1,0
3980688,4814409,3,10,-7
3980688,4814409,4,2,2
3980688,4814409,5,7,-2
3980688,4814409,11,9,2
4076218,4226404,1,3,-2
4076218,4226404,4,7,-3
4076218,4226404,5,1,4
4076218,4226404,7,12,-5
7330046,7798703,1,2,-1
5294335,8506811,4,1,3
4204701,4607858,4,12,-8
4204701,4607858,11,8,3
4204701,4607858,12,2,10
4842278,7416483,3,3,0
4842278,7416483,7,10,-3
4842278,7416483,8,6,2
4842278,7416483,12,9,3
6670654,7138669,1,1,0
6670654,7138669,2,2,0
6670654,7138669,3,3,0
6670654,7138669,5,4,1
6670654,7138669,6,5,1
6670654,7138669,7,6,1
6670654,7138669,8,7,1
6670654,7138669,9,8,1
6670654,7138669,10,9,1
6670654,7138669,11,10,1
6670654,7138669,12,11,1
6670654,7138669,13,13,0
5651606,7077545,3,4,-1
6954993,7264007,1,1,0
6954993,7264007,2,4,-2
6954993,7264007,3,2,1
6954993,7264007,10,8,2
5578482,7041292,6,5,1
5578482,7041292,9,10,-1
6558948,8236293,5,1,4
6558948,8236293,8,6,2
4600401,7731689,8,2,6
7536325,8595077,11,6,5
4669781,5360256,1,1,0
4669781,5360256,3,4,-1
4669781,5360256,5,5,0
4669781,5360256,8,6,2
4803032,6077390,1,1,0
4548676,5482595,8,2,6
4548676,5482595,13,3,10
5026215,5307876,2,6,-4
6182062,7689629,11,7,4
4497440,6450731,11,3,8
6579139,7355335,5,3,2
6579139,7355335,10,1,9
6141737,7944936,8,4,4
6389360,8086426,6,6,0
6389360,8086426,11,3,8
5280863,7494094,1,3,-2
5280863,7494094,9,6,3
5037983,5318963,5,3,2
5037983,5318963,11,5,6
5084699,5317330,10,2,8
4280918,8323899,1,1,0
4280918,8323899,2,7,-5
4280918,8323899,3,4,-1
6262242,8735066,1,1,0
6262242,8735066,2,2,0
6262242,8735066,3,3,0
6262242,8735066,4,4,0
6262242,8735066,5,5,0
6262242,8735066,6,6,0
6262242,8735066,7,7,0
6262242,8735066,8,8,0
6262242,8735066,9,9,0
6262242,8735066,10,10,0
6262242,8735066,11,11,0
6262242,8735066,12,12,0
6262242,8735066,13,13,0
5294898,6441703,6,7,-1
5294898,6441703,10,6,4
7050087,8702234,1,1,0
4794262,7925328,12,2,10
6099134,8654061,10,1,9
5024737,6602321,5,2,3
5024737,6602321,8,1,7
5024737,6602321,13,10,3
5590939,7318380,5,5,0
5443458,8568469,1,1,0
5443458,8568469,7,8,-1
6487421,7999964,10,9,1
4076304,7007963,5,10,-5
5182774,5343523,1,4,-3
5182774,5343523,4,5,-1
5182774,5343523,5,1,4
5182774,5343523,10,3,7
4108983,7708987,2,3,-1
4108983,7708987,10,2,8
4595296,6629773,4,8,-4
4595296,6629773,7,2,5
4595296,6629773,12,5,7
6454003,7195068,13,6,7
7114396,7302855,2,4,-2
7114396,7302855,3,1,2
7114396,7302855,4,2,2
4315318,5260873,4,1,3
4315318,5260873,10,5,5
7130630,8755777,5,4,1
5389890,6882239,6,13,-7
6864034,8585390,7,3,4
6864034,8585390,9,4,5
4933270,6413706,2,1,1
4933270,6413706,5,3,2
5276468,6086194,7,13,-6
5251109,7414854,1,11,-10
5251109,7414854,8,4,4
6459285,7317311,3,1,2
6459285,7317311,9,12,-3
6514430,7727308,1,1,0
6514430,7727308,2,12,-10
6514430,7727308,3,10,-7
6514430,7727308,9,2,7
4863755,5284789,1,8,-7
4863755,5284789,2,5,-3
4863755,5284789,3,9,-6
5334873,6069812,7,5,2
4183554,5074593,4,2,2
4183554,5074593,7,4,3
4135459,4665847,1,1,0
4135459,4665847,3,2,1
6345302,7673072,11,10,1
6435147,6994060,2,1,1
6435147,6994060,10,9,1
5278329,7087775,7,12,-5
6483031,7499261,6,4,2
6483031,7499261,13,2,11
5156800,6901990,8,1,7
6953265,8004203,1,5,-4
7251017,8755028,1,9,-8
7251017,8755028,12,1,11
4563738,4862350,1,12,-11
4563738,4862350,3,1,2
3986578,5253730,2,1,1
5654516,6907189,3,2,1
5654516,6907189,8,3,5
5654516,6907189,9,7,2
5654516,6907189,10,6,4
4783719,6222379,5,7,-2
5635313,6066416,1,2,-1
5635313,6066416,2,1,1
5635313,6066416,7,11,-4
5635313,6066416,10,8,2
4711683,8100878,1,1,0
7717485,8091940,1,1,0
7717485,8091940,2,2,0
7717485,8091940,4,3,1
7717485,8091940,8,13,-5
7717485,8091940,11,11,0
6387075,8172864,1,5,-4
6387075,8172864,2,1,1
7359224,8698433,5,6,-1
7359224,8698433,8,5,3
6195606,7668637,1,3,-2
6195606,7668637,3,2,1
6195606,7668637,4,6,-2
6195606,7668637,5,10,-5
6195606,7668637,6,5,1
6195606,7668637,11,1,10
4447591,5380806,2,1,1
4444188,5125895,2,1,1
4444188,5125895,7,9,-2
4444188,5125895,8,8,0
4444188,5125895,9,5,4
4444188,5125895,11,6,5
4892543,6638305,2,4,-2
4892543,6638305,4,1,3
4892543,6638305,7,10,-3
8016024,8342728,3,3,0
8016024,8342728,5,2,3
5093235,8163237,7,10,-3
4574720,7114641,2,1,1
7619987,7826400,3,7,-4
7619987,7826400,7,3,4
7619987,7826400,8,1,7
7619987,7826400,9,2,7
4835771,5103117,8,7,1
6165195,6955687,1,3,-2
6165195,6955687,2,6,-4
6165195,6955687,5,1,4
4173739,4530026,1,5,-4
4173739,4530026,4,6,-2
4173739,4530026,5,1,4
4173739,4530026,6,3,3
4173739,4530026,9,11,-2
7074197,7811238,2,10,-8
7074197,7811238,3,3,0
5133758,6447549,6,9,-3
4523435,6481229,3,1,2
4523435,6481229,4,3,1
6064463,7657213,2,13,-11
6064463,7657213,4,2,2
6503285,8500826,2,2,0
6907084,7954016,3,5,-2
6907084,7954016,7,12,-5
4746593,4945036,1,1,0
4746593,4945036,2,2,0
4746593,4945036,3,5,-2
4746593,4945036,6,6,0
4746593,4945036,8,8,0
4949081,5323143,2,5,-3
4949081,5323143,5,2,3
6198473,6351257,1,5,-4
5042178,6119375,1,1,0
4393802,8327784,1,2,-1
4393802,8327784,7,10,-3
4393802,8327784,9,7,2
5132036,6391838,2,2,0
5132036,6391838,6,1,5
5191284,6288534,12,2,10
7379074,8269790,1,1,0
7379074,8269790,3,5,-2
7379074,8269790,8,9,-1
7379074,8269790,10,4,6
7470739,8152079,1,2,-1
7470739,8152079,6,1,5
7012919,8730961,7,1,6
4349862,5056216,12,1,11
5352289,7722713,3,1,2
5352289,7722713,7,2,5
3987193,4144331,3,3,0
4676080,7191623,9,3,6
5374110,8528987,4,1,3
5374110,8528987,5,2,3
5374110,8528987,13,4,9
4678339,7635217,1,3,-2
4678339,7635217,3,2,1
4990060,7127762,1,2,-1
4990060,7127762,3,11,-8
4990060,7127762,9,1,8
7845583,8453954,12,6,6
6629308,7570077,9,3,6
6363198,7083051,1,1,0
6363198,7083051,7,2,5
7171252,8542122,3,4,-1
7171252,8542122,4,11,-7
7152151,7889226,1,13,-12
7152151,7889226,9,5,4
4714816,4939335,1,1,0
4714816,4939335,7,4,3
4714816,4939335,10,3,7
4714816,4939335,11,10,1
6443772,6971920,1,1,0
6443772,6971920,5,3,2
5455536,6295614,2,10,-8
5455536,6295614,4,11,-7
5455536,6295614,10,2,8
5358692,8424542,2,4,-2
7225184,8296294,1,1,0
6460655,8347618,1,1,0
6460655,8347618,2,2,0
6460655,8347618,13,9,4
4152891,7959749,4,11,-7
5288247,7131874,3,4,-1
5288247,7131874,5,2,3
5288247,7131874,7,9,-2
6367381,7682775,3,7,-4
6367381,7682775,9,13,-4
5086793,7481592,13,2,11
6266664,7748038,9,4,5
4917378,6343838,2,3,-1
4917378,6343838,7,9,-2
4980939,8584286,1,1,0
4980939,8584286,13,9,4
5354099,8490879,1,5,-4
5354099,8490879,8,4,4
7053207,7906639,8,2,6
7053207,7906639,10,1,9
7053207,7906639,13,6,7
4520812,8381729,4,6,-2
4293519,6646063,2,9,-7
4293519,6646063,8,3,5
4293519,6646063,13,12,1
4427303,4847818,4,5,-1
6355520,7109544,2,11,-9
6355520,7109544,5,5,0
7454516,8285825,1,2,-1
5134827,8074418,5,4,1
5134827,8074418,10,5,5
5019213,6513263,6,6,0
5232225,5542126,1,1,0
5232225,5542126,5,10,-5
5232225,5542126,7,12,-5
5232225,5542126,9,6,3
7293562,8394090,3,5,-2
7293562,8394090,8,7,1
5560385,6669045,5,8,-3
5560385,6669045,7,1,6
5241542,5625829,7,2,5
5241542,5625829,8,6,2
7052394,8708814,1,12,-11
7052394,8708814,2,1,1
7052394,8708814,9,9,0
6407922,6921462,6,1,5
6407922,6921462,9,9,0
6407922,6921462,11,3,8
4554410,4817126,7,1,6
4554410,4817126,8,5,3
4701017,8360985,6,1,5
6430176,7680262,7,2,5
6430176,7680262,13,3,10
6243260,7453440,1,9,-8
6243260,7453440,7,11,-4
5055257,7875133,2,12,-10
5055257,7875133,3,1,2
5055257,7875133,4,3,1
5055257,7875133,9,9,0
5055257,7875133,11,11,0
5055257,7875133,13,2,11
3933723,6414083,5,2,3
4781285,6298979,8,11,-3
5111423,5287460,4,7,-3
5111423,5287460,10,3,7
5111423,5287460,13,11,2
6595919,8622906,1,2,-1
4270799,6616237,3,3,0
4270799,6616237,6,6,0
4270799,6616237,7,12,-5
4209918,4430806,4,3,1
4209918,4430806,12,13,-1
4209918,4430806,13,11,2
4711013,7901162,1,1,0
4711013,7901162,6,5,1
6153150,6527828,6,5,1
6153150,6527828,12,2,10
4628882,4945879,3,1,2
4628882,4945879,4,4,0
4628882,4945879,5,5,0
4628882,4945879,8,9,-1
4628882,4945879,10,7,3
4628882,4945879,13,8,5
7025622,8043095,2,2,0
7025622,8043095,3,6,-3
7025622,8043095,7,4,3
4259552,4808775,2,2,0
4259552,4808775,6,13,-7
4241125,7048879,1,4,-3
4696409,7677277,1,4,-3
4696409,7677277,3,1,2
4696409,7677277,4,5,-1
4696409,7677277,6,11,-5
6140779,6611112,1,3,-2
6140779,6611112,4,7,-3
6140779,6611112,7,5,2
6495016,7105810,1,4,-3
6495016,7105810,6,1,5
4333537,7748478,4,2,2
4333537,7748478,7,9,-2
6092101,7328250,1,1,0
6092101,7328250,5,12,-7
6602274,7501509,7,13,-6
6602274,7501509,12,12,0
7538791,7999852,13,2,11
4271511,4385392,2,2,0
4271511,4385392,5,7,-2
7163209,8256156,2,1,1
7163209,8256156,7,4,3
4298026,4397335,1,3,-2
4177692,4926710,1,3,-2
4177692,4926710,7,9,-2
4177692,4926710,8,1,7
4825765,6079332,8,1,7
4825765,6079332,12,3,9
4681080,6065450,3,9,-6
4681080,6065450,4,3,1
3940617,4188532,1,1,0
3940617,4188532,2,8,-6
3940617,4188532,4,3,1
3940617,4188532,5,6,-1
3940617,4188532,9,4,5
3940617,4188532,10,2,8
3940617,4188532,11,5,6
3940617,4188532,13,7,6
5063965,6631734,8,1,7
6122722,7055018,3,6,-3
5416510,8184961,1,3,-2
5416510,8184961,6,1,5
6084026,7169875,12,11,1
6100804,7059535,3,6,-3
6100804,7059535,5,3,2
7582827,8669471,3,2,1
7582827,8669471,4,5,-1
4674669,8056785,1,5,-4
5028821,5448185,1,2,-1
5028821,5448185,10,3,7
5051391,5620669,3,2,1
5051391,5620669,7,5,2
5051391,5620669,11,1,10
6821967,7482368,2,12,-10
6821967,7482368,12,13,-1
4327669,5189984,1,9,-8
4327669,5189984,3,1,2
4327669,5189984,5,5,0
4327669,5189984,9,4,5
4327669,5189984,13,3,10
6540779,7892279,1,5,-4
6540779,7892279,3,1,2
6540779,7892279,6,11,-5
4625903,8342375,1,3,-2
4625903,8342375,11,13,-2
6234417,8091929,3,2,1
5599261,7044898,2,4,-2
5599261,7044898,8,9,-1
5279403,6549131,6,6,0
6121675,7749797,2,1,1
6121675,7749797,4,3,1
6121675,7749797,7,5,2
4447905,4523961,5,6,-1
4447905,4523961,8,7,1
4447905,4523961,11,11,0
4943796,8095260,8,8,0
7012726,8520285,1,1,0
5549071,7246565,1,7,-6
5549071,7246565,2,3,-1
5549071,7246565,3,1,2
5281198,8226618,6,1,5
5281198,8226618,8,11,-3
5267039,6947069,3,3,0
4548463,4758058,3,12,-9
4548463,4758058,4,5,-1
4548463,4758058,5,8,-3
4548463,4758058,6,2,4
4548463,4758058,9,4,5
6850140,7872553,1,1,0
5481735,7711844,1,12,-11
6148357,7705850,11,3,8
5618246,6478038,5,2,3
5618246,6478038,8,4,4
6926894,8394373,11,4,7
6265994,6476737,8,5,3
6265994,6476737,9,1,8
6265994,6476737,10,3,7
4564848,6452620,2,3,-1
4564848,6452620,3,6,-3
4564848,6452620,5,9,-4
4564848,6452620,6,4,2
6927400,7227140,1,1,0
5348924,6303530,2,3,-1
5348924,6303530,3,6,-3
6510741,7298280,11,2,9
6597933,8581732,4,4,0
6239102,7883855,5,12,-7
6655172,7827809,2,1,1
4452053,7624599,2,1,1
4452053,7624599,13,2,11
4831649,5583926,4,1,3
4831649,5583926,8,9,-1
4831649,5583926,9,11,-2
4831649,5583926,12,13,-1
4768141,5107151,6,5,1
5168374,5331425,2,1,1
5168374,5331425,3,2,1
6555227,8491749,8,8,0
4869719,7547296,1,3,-2
4869719,7547296,11,6,5
4489880,7264114,5,2,3
4489880,7264114,11,8,3
4489880,7264114,12,10,2
4489880,7264114,13,11,2
6999414,7773631,3,3,0
6999414,7773631,9,11,-2
6856651,8502707,3,2,1
6856651,8502707,6,1,5
7671023,8389477,1,1,0
7671023,8389477,2,2,0
7671023,8389477,3,3,0
7671023,8389477,4,4,0
7671023,8389477,5,5,0
7671023,8389477,6,6,0
7671023,8389477,9,7,2
7671023,8389477,11,8,3
7671023,8389477,12,9,3
7671023,8389477,13,10,3
5488007,6080652,5,5,0
5488007,6080652,6,4,2
5488007,6080652,7,7,0
5488007,6080652,9,6,3
5488007,6080652,10,12,-2
4775901,6519352,4,6,-2
6573947,8502924,1,3,-2
6573947,8502924,2,2,0
6573947,8502924,3,5,-2
6573947,8502924,11,12,-1
6390704,7634839,9,6,3
6390704,7634839,13,7,6
6557778,8296993,8,6,2
5073382,5211855,10,5,5
5375033,7045466,13,7,6
4723908,6543931,3,2,1
4723908,6543931,5,8,-3
4002213,8613330,7,9,-2
5625629,6539242,7,10,-3
5625629,6539242,11,2,9
4836940,7070001,1,4,-3
4619584,5601464,1,2,-1
4619584,5601464,6,4,2
4619584,5601464,8,7,1
5612713,7702192,11,7,4
5290286,7101372,3,5,-2
5290286,7101372,7,4,3
5290286,7101372,9,11,-2
4910755,5138634,1,4,-3
4910755,5138634,3,6,-3
4910755,5138634,4,2,2
4910755,5138634,6,3,3
4910755,5138634,7,1,6
4910755,5138634,8,12,-4
4910755,5138634,11,9,2
6309809,8139253,1,10,-9
5268983,6205277,1,3,-2
5268983,6205277,5,2,3
5268983,6205277,7,5,2
7328829,8701959,3,12,-9
7328829,8701959,9,7,2
7328829,8701959,10,2,8
5631874,7176589,1,7,-6
4356985,8037909,2,11,-9
4356985,8037909,8,8,0
6878712,7763726,4,12,-8
6878712,7763726,6,3,3
6120952,7712068,1,4,-3
6120952,7712068,9,11,-2
6120952,7712068,12,5,7
4823166,7628533,3,6,-3
6904594,8104022,10,10,0
4949001,7061133,2,4,-2
4949001,7061133,7,12,-5
6887350,7462258,3,9,-6
8061014,8348967,1,2,-1
8061014,8348967,2,7,-5
8061014,8348967,4,1,3
8061014,8348967,5,4,1
8061014,8348967,9,6,3
4782380,5582971,2,1,1
4782380,5582971,9,4,5
4782380,5582971,10,11,-1
4998871,6119501,1,1,0
4998871,6119501,6,12,-6
4998871,6119501,9,8,1
4401897,5347172,1,12,-11
4401897,5347172,9,6,3
4354458,8011465,1,7,-6
4354458,8011465,2,2,0
4354458,8011465,7,10,-3
5267970,6315789,4,9,-5
5267970,6315789,6,8,-2
4246668,5119647,5,1,4
5556825,7084091,1,13,-12
5556825,7084091,12,1,11
5241869,6302200,1,10,-9
5241869,6302200,2,4,-2
4887647,6176268,3,2,1
6119255,7345495,2,13,-11
6119255,7345495,6,10,-4
4150912,6578458,2,5,-3
4150912,6578458,13,2,11
6280898,7449277,1,8,-7
6280898,7449277,2,9,-7
6280898,7449277,3,13,-10
7189045,7988396,3,7,-4
7189045,7988396,5,1,4
7189045,7988396,9,12,-3
7167872,8050708,3,13,-10
5054492,5485840,1,13,-12
5054492,5485840,2,5,-3
5054492,5485840,4,9,-5
5054492,5485840,13,7,6
4193495,4807763,2,1,1
4193495,4807763,4,13,-9
4193495,4807763,7,9,-2
4193495,4807763,9,2,7
7147533,7859184,5,1,4
7147533,7859184,13,5,8
6224584,8002739,10,7,3
7145969,7266359,7,4,3
6374336,8230195,2,5,-3
6374336,8230195,7,7,0
7893378,8459466,11,11,0
4179828,8136268,4,2,2
4179828,8136268,11,7,4
5263930,7198611,2,2,0
6855979,8530951,1,11,-10
6855979,8530951,3,1,2
6855979,8530951,8,5,3
4135883,7390665,3,1,2
5117812,8235923,2,12,-10
5117812,8235923,4,7,-3
4057184,4427142,1,2,-1
4057184,4427142,3,13,-10
5420759,6543696,1,4,-3
5239594,7233692,3,12,-9
5239594,7233692,4,2,2
5239594,7233692,13,4,9
6851778,7255428,1,1,0
6851778,7255428,2,2,0
6851778,7255428,10,6,4
6650998,7693823,3,1,2
6650998,7693823,6,5,1
6160379,8493033,3,5,-2
6160379,8493033,4,1,3
6160379,8493033,7,12,-5
4345053,7605203,3,1,2
4345053,7605203,9,10,-1
4345053,7605203,11,2,9
5118395,5562754,2,2,0
5118395,5562754,4,4,0
5118395,5562754,5,3,2
5118395,5562754,6,1,5
5118395,5562754,9,6,3
4087685,6653146,12,10,2
4144527,5600322,1,2,-1
4144527,5600322,4,4,0
4144527,5600322,5,7,-2
4144527,5600322,13,6,7
5433472,7004499,1,13,-12
4552247,7753170,2,2,0
6182249,8014767,10,1,9
6182249,8014767,13,5,8
4706602,7845540,2,3,-1
5251950,6527330,1,11,-10
5251950,6527330,6,4,2
6313587,7791278,1,4,-3
4160926,4486506,3,13,-10
5406682,7948156,2,1,1
6154600,7557813,1,10,-9
7711064,8098772,1,1,0
7711064,8098772,2,2,0
7711064,8098772,3,3,0
7711064,8098772,4,4,0
7711064,8098772,5,5,0
7711064,8098772,6,6,0
7711064,8098772,7,7,0
7711064,8098772,8,8,0
7711064,8098772,9,9,0
7711064,8098772,10,10,0
7711064,8098772,11,11,0
7711064,8098772,12,12,0
7711064,8098772,13,13,0
6608737,8503131,1,2,-1
6608737,8503131,3,9,-6
6608737,8503131,4,1,3
6608737,8503131,5,3,2
6608737,8503131,7,4,3
6311634,7150662,4,6,-2
4346164,8570486,13,10,3
5127158,6120901,1,4,-3
4185896,4679921,3,1,2
4185896,4679921,6,11,-5
4938753,6524293,4,3,1
4938753,6524293,13,13,0
4594748,6951511,2,2,0
6881192,7881798,3,1,2
6881192,7881798,6,2,4
6201980,8229535,1,1,0
6201980,8229535,4,2,2
6201980,8229535,11,5,6
7404690,8216453,11,6,5
5629707,8032153,1,1,0
5629707,8032153,8,2,6
5572787,6226857,2,3,-1
5572787,6226857,3,10,-7
5572787,6226857,5,1,4
5572787,6226857,13,4,9
6598216,7764498,1,3,-2
6598216,7764498,2,12,-10
5165550,6364118,1,4,-3
5165550,6364118,5,3,2
5165550,6364118,12,5,7
5253854,5374047,1,1,0
5253854,5374047,2,4,-2
5253854,5374047,4,2,2
7201003,7570173,4,8,-4
7201003,7570173,12,4,8
6633311,7783765,4,2,2
5579466,8434014,1,2,-1
5579466,8434014,3,5,-2
5579466,8434014,10,9,1
7185805,7391934,1,1,0
7363332,7941404,1,3,-2
6928393,7890803,1,4,-3
5224851,6662547,1,2,-1
5224851,6662547,3,11,-8
5224851,6662547,7,6,1
5224851,6662547,8,7,1
5224851,6662547,9,3,6
5224851,6662547,10,8,2
5222402,6260922,4,4,0
5222402,6260922,8,3,5
5222402,6260922,12,2,10
5327172,5491794,1,9,-8
5327172,5491794,3,5,-2
5327172,5491794,4,6,-2
5327172,5491794,5,3,2
5327172,5491794,6,13,-7
5327172,5491794,8,4,4
5327172,5491794,13,12,1
4322737,8659896,11,3,8
5173193,6299839,2,3,-1
4697184,8232909,2,1,1
4697184,8232909,8,2,6
6640666,7128313,1,2,-1
6640666,7128313,2,1,1
6640666,7128313,5,12,-7
4860752,8306628,13,12,1
5101501,7773993,5,12,-7
5101501,7773993,9,3,6
4675538,5039930,4,5,-1
4675538,5039930,10,12,-2
5439843,8723335,3,6,-3
5439843,8723335,6,8,-2
4943111,6439525,1,5,-4
4943111,6439525,9,13,-4
6283961,7384421,7,2,5
5175717,5397898,1,1,0
4247908,5406626,5,8,-3
5593147,8282088,1,2,-1
5076268,7124489,3,3,0
4349198,6506134,6,1,5
4349198,6506134,11,3,8
6560155,7218568,6,1,5
5202415,7166571,1,5,-4
6378591,8256486,2,1,1
6378591,8256486,4,10,-6
6336935,7083839,1,8,-7
6336935,7083839,11,5,6
6336935,7083839,13,3,10
5301150,7071507,2,1,1
5301150,7071507,7,4,3
5114745,5314652,1,1,0
5114745,5314652,7,10,-3
4683202,7455965,9,3,6
3993333,7075007,3,2,1
7119550,8089289,1,6,-5
7119550,8089289,4,1,3
5467101,7961153,1,3,-2
5467101,7961153,4,1,3
7027876,8423139,2,6,-4
7027876,8423139,8,5,3
7027876,8423139,10,1,9
4386924,4692134,1,1,0
5129608,8439317,8,6,2
5129608,8439317,13,3,10
4089780,5639379,5,4,1
6304818,7668650,1,2,-1
6304818,7668650,13,8,5
4841877,7044068,4,5,-1
4841877,7044068,5,9,-4
5603952,6638555,1,1,0
7188000,8412377,1,1,0
7188000,8412377,2,13,-11
7188000,8412377,3,2,1
7188000,8412377,9,9,0
4396637,6165530,1,11,-10
4396637,6165530,2,13,-11
4381729,5326599,1,2,-1
4381729,5326599,8,8,0
4371843,4893092,1,2,-1
4371843,4893092,5,1,4
4371843,4893092,7,10,-3
7304078,7989653,1,6,-5
7304078,7989653,3,12,-9
5564038,8244579,13,6,7
5414369,6992496,7,13,-6
4940594,8226401,1,1,0
4940594,8226401,9,9,0
4756759,8218292,2,2,0
4756759,8218292,3,7,-4
4756759,8218292,4,5,-1
6079621,6938825,13,13,0
5227598,7674539,1,8,-7
5227598,7674539,7,6,1
4002588,4445521,2,4,-2
4002588,4445521,5,5,0
7729750,8681247,2,1,1
7729750,8681247,6,6,0
7098661,8212564,1,2,-1
7098661,8212564,3,4,-1
7098661,8212564,4,6,-2
7098661,8212564,7,9,-2
7098661,8212564,9,1,8
7098661,8212564,12,5,7
7098661,8212564,13,3,10
6329850,8120389,1,6,-5
6329850,8120389,2,3,-1
6329850,8120389,6,5,1
4314331,5603003,5,8,-3
4314331,5603003,7,3,4
5240062,5532513,2,13,-11
5240062,5532513,6,4,2
4289548,5310521,7,2,5
4289548,5310521,10,6,4
6499674,7337768,3,2,1
6499674,7337768,4,1,3
6365326,7435514,3,1,2
6365326,7435514,10,4,6
6184946,7420209,1,2,-1
5283914,6513168,2,5,-3
5283914,6513168,3,6,-3
5283914,6513168,10,2,8
5328504,7307109,1,1,0
5328504,7307109,3,2,1
6544616,7704581,1,1,0
6544616,7704581,2,4,-2
6544616,7704581,7,3,4
6544616,7704581,12,7,5
5635517,7635700,8,4,4
3974298,5439696,4,2,2
6622220,7184378,6,2,4
6622220,7184378,11,4,7
5210902,5655254,1,2,-1
5210902,5655254,5,6,-1
5210902,5655254,9,4,5
5550928,7382903,1,12,-11
5550928,7382903,11,1,10
5220621,8385647,1,2,-1
5220621,8385647,7,6,1
4533633,6242225,1,3,-2
4533633,6242225,4,2,2
4084228,6182120,13,6,7
4685222,6349484,2,11,-9
5185549,5321332,1,7,-6
5185549,5321332,6,11,-5
6631229,8195018,1,5,-4
6631229,8195018,3,7,-4
6631229,8195018,11,6,5
5055607,5628804,8,10,-2
4634346,5240378,1,1,0
4634346,5240378,2,9,-7
4334586,8606552,2,2,0
4334586,8606552,4,9,-5
4334586,8606552,10,8,2
7145075,8378232,2,1,1
7145075,8378232,13,6,7
6949031,8597139,1,9,-8
6949031,8597139,2,5,-3
6949031,8597139,6,3,3
6949031,8597139,7,8,-1
6949031,8597139,9,1,8
6949031,8597139,12,2,10
3985462,4162065,9,2,7
3985462,4162065,12,3,9
6408272,7634064,3,2,1
6408272,7634064,4,3,1
6408272,7634064,5,1,4
5396787,6484401,10,8,2
5396787,6484401,11,6,5
5405972,6066747,7,11,-4
5405972,6066747,8,12,-4
5405972,6066747,9,9,0
4072642,6083312,1,6,-5
4691816,5409093,1,8,-7
4691816,5409093,4,1,3
4633269,5555010,1,3,-2
4633269,5555010,2,1,1
4781177,8715313,2,3,-1
6241153,8382000,1,3,-2
8077776,8326063,3,1,2
8077776,8326063,6,11,-5
7533141,7925785,3,2,1
4830640,4997462,1,5,-4
4830640,4997462,3,2,1
4830640,4997462,10,7,3
5104755,7966070,4,1,3
5104755,7966070,5,12,-7
6519290,7313678,2,1,1
6249053,6476331,4,10,-6
6249053,6476331,7,9,-2
6249053,6476331,12,7,5
7017188,7493488,12,10,2
4672583,4984208,1,12,-11
4672583,4984208,7,9,-2
4672583,4984208,9,4,5
4672583,4984208,13,2,11
5390798,6527123,2,3,-1
5390798,6527123,10,8,2
5390798,6527123,12,4,8
5390798,6527123,13,1,12
4919565,5201843,1,1,0
6880147,7882490,3,2,1
6880147,7882490,10,10,0
7142645,8103666,7,4,3
4331924,5077686,6,12,-6
4331924,5077686,9,9,0
4331924,5077686,11,2,9
6932830,7611524,4,4,0
8309551,8741910,7,4,3
8309551,8741910,11,8,3
8309551,8741910,12,10,2
7415239,8517371,2,2,0
7415239,8517371,4,6,-2
7415239,8517371,6,4,2
7415239,8517371,9,11,-2
6266642,8041560,1,6,-5
5615552,7222483,1,3,-2
5615552,7222483,2,5,-3
5615552,7222483,3,1,2
5615552,7222483,5,7,-2
5615552,7222483,8,11,-3
5349250,5636368,3,3,0
5349250,5636368,4,5,-1
4073804,4684483,3,6,-3
4073804,4684483,4,5,-1
4073804,4684483,9,10,-1
6330008,6476829,9,9,0
7072686,8217757,3,5,-2
7072686,8217757,4,2,2
4103395,4519136,1,5,-4
4103395,4519136,4,13,-9
4103395,4519136,5,8,-3
4103395,4519136,9,3,6
4103395,4519136,10,10,0
6572641,8040493,1,10,-9
3942183,4557573,1,1,0
3942183,4557573,2,3,-1
3942183,4557573,4,13,-9
3942183,4557573,5,4,1
5358704,7011815,5,12,-7
5358704,7011815,6,3,3
3986313,4094114,1,1,0
6533729,7822299,13,6,7
7099659,7251476,2,3,-1
4747881,5576042,6,7,-1
6324581,7305393,6,1,5
4963624,6075094,4,1,3
4963624,6075094,6,3,3
4963624,6075094,7,5,2
5151019,8353864,1,4,-3
5151019,8353864,2,3,-1
6392626,8228287,1,1,0
6392626,8228287,2,2,0
6392626,8228287,9,7,2
6392626,8228287,10,10,0
5233990,8731641,3,5,-2
5559367,6287990,10,11,-1
6925360,8600559,8,2,6
6925360,8600559,9,11,-2
5212542,6500765,3,7,-4
5212542,6500765,6,5,1
5149202,6231233,3,7,-4
5149202,6231233,4,12,-8
5348177,7131430,1,1,0
3996557,4495646,2,4,-2
3996557,4495646,5,3,2
4714304,5349832,6,7,-1
4714304,5349832,10,8,2
5362263,7302316,3,8,-5
7127685,7917582,1,11,-10
7127685,7917582,2,2,0
7127685,7917582,6,4,2
4217387,5252158,2,5,-3
4217387,5252158,11,3,8
6335728,7893948,2,9,-7
6335728,7893948,3,1,2
6648496,7108396,1,1,0
6648496,7108396,4,8,-4
6648496,7108396,5,7,-2
6648496,7108396,7,4,3
5648904,6640188,3,12,-9
5648904,6640188,5,4,1
4870144,7659342,2,5,-3
4870144,7659342,7,6,1
6190751,7749635,1,1,0
5062898,8192555,7,6,1
5603161,6513370,1,1,0
5603161,6513370,6,9,-3
7101847,8680088,2,3,-1
7101847,8680088,4,4,0
7101847,8680088,5,12,-7
7101847,8680088,6,5,1
6348103,6972057,2,3,-1
6348103,6972057,3,2,1
4669004,6288861,1,2,-1
4669004,6288861,6,9,-3
4669004,6288861,12,1,11
4571296,4830741,2,1,1
7234624,8056789,3,1,2
7234624,8056789,8,4,4
6070003,8527949,3,13,-10
5244047,7530405,3,1,2
5244047,7530405,4,3,1
5244047,7530405,5,6,-1
5244047,7530405,13,9,4
5343084,5532629,10,13,-3
6609050,8005609,6,3,3
5255691,8696559,10,8,2
6128237,8156398,6,2,4
6128237,8156398,9,10,-1
5225081,7291264,1,1,0
5225081,7291264,3,4,-1
5225081,7291264,5,6,-1
5209602,5318377,1,1,0
5209602,5318377,2,3,-1
5209602,5318377,3,2,1
5209602,5318377,6,6,0
6436525,7553925,3,9,-6
5568838,7661487,2,8,-6
6874327,7211977,2,1,1
6874327,7211977,4,4,0
6874327,7211977,12,7,5
6631167,6988117,5,3,2
4251851,5351165,2,6,-4
4251851,5351165,3,1,2
4251851,5351165,10,3,7
6269840,6539970,8,3,5
6269840,6539970,11,2,9
6461823,8329179,1,1,0
6461823,8329179,2,2,0
6461823,8329179,3,3,0
6461823,8329179,4,8,-4
6461823,8329179,5,9,-4
6461823,8329179,6,10,-4
6461823,8329179,7,11,-4
6461823,8329179,8,4,4
6461823,8329179,9,13,-4
6461823,8329179,10,5,5
6461823,8329179,13,6,7
8205287,8662246,4,9,-5
8205287,8662246,11,2,9
6085067,8254832,1,1,0
6085067,8254832,3,3,0
6085067,8254832,7,8,-1
6085067,8254832,13,11,2
6523024,8243080,6,6,0
5132585,5614353,8,2,6
4947552,6305041,3,13,-10
4947552,6305041,9,5,4
4750896,7479100,1,8,-7
4750896,7479100,2,4,-2
4750896,7479100,4,3,1
4750896,7479100,9,6,3
4750896,7479100,12,2,10
5293269,5638214,1,4,-3
7632050,7942616,1,1,0
7632050,7942616,2,2,0
7632050,7942616,3,3,0
7632050,7942616,4,4,0
7632050,7942616,5,5,0
7632050,7942616,6,6,0
7632050,7942616,7,7,0
7632050,7942616,8,8,0
7632050,7942616,9,9,0
7632050,7942616,10,10,0
7632050,7942616,11,11,0
7632050,7942616,12,12,0
7632050,7942616,13,13,0
6087417,8092876,10,1,9
6087417,8092876,12,5,7
5304576,7416641,2,13,-11
5304846,6213194,8,1,7
5017912,7973671,1,3,-2
5017912,7973671,2,7,-5
6513605,8584773,1,5,-4
6513605,8584773,11,4,7
4390414,4839025,7,7,0
4390414,4839025,9,8,1
4689465,7038160,2,8,-6
4689465,7038160,5,9,-4
4689465,7038160,7,3,4
5350316,7896712,6,4,2
4491317,7878915,2,2,0
4491317,7878915,13,4,9
7391952,8452148,3,1,2
7391952,8452148,4,2,2
7391952,8452148,7,4,3
6531772,7446410,2,3,-1
4942923,7665534,2,1,1
4942923,7665534,4,4,0
7339614,8687073,7,4,3
7339614,8687073,8,1,7
7339614,8687073,10,6,4
7542442,7684762,1,1,0
7542442,7684762,3,5,-2
7542442,7684762,7,4,3
5023269,7399871,1,4,-3
7788243,8392388,3,4,-1
7788243,8392388,5,11,-6
7788243,8392388,12,5,7
5361871,7789304,9,13,-4
4694573,6549193,2,7,-5
4694573,6549193,10,12,-2
4834906,5354503,3,7,-4
4834906,5354503,4,13,-9
4834906,5354503,7,12,-5
4834906,5354503,11,5,6
4834906,5354503,12,10,2
7222787,7635088,1,1,0
7222787,7635088,6,2,4
7222787,7635088,9,6,3
4643030,7992455,1,2,-1
5344081,6431474,3,10,-7
5344081,6431474,6,2,4
5344081,6431474,13,11,2
5026624,5334487,13,1,12
6312012,7377543,1,6,-5
6312012,7377543,2,11,-9
6385806,7344328,10,1,9
7035659,8290090,3,4,-1
7035659,8290090,8,10,-2
5146439,8583430,3,4,-1
5146439,8583430,5,7,-2
5450691,7310910,2,6,-4
7061678,7808703,1,5,-4
7061678,7808703,6,4,2
7061678,7808703,8,2,6
7061678,7808703,9,3,6
5026180,5547297,1,1,0
5026180,5547297,2,2,0
5026180,5547297,4,7,-3
5026180,5547297,6,4,2
5026180,5547297,7,10,-3
5026180,5547297,9,13,-4
5026180,5547297,13,11,2
5583920,6445779,7,3,4
5583920,6445779,8,5,3
5583920,6445779,12,11,1
5057220,6423236,1,1,0
5057220,6423236,2,4,-2
5057220,6423236,6,5,1
5057220,6423236,7,9,-2
5057220,6423236,10,13,-3
6476848,8134591,5,9,-4
6440164,7789909,2,3,-1
6440164,7789909,11,6,5
4935903,7139217,1,3,-2
4935903,7139217,6,6,0
5231319,6166577,2,3,-1
5231319,6166577,4,10,-6
5231319,6166577,5,2,3
5610686,6392741,2,10,-8
5610686,6392741,9,6,3
5112164,7780380,2,12,-10
5112164,7780380,7,2,5
4354208,4858212,9,2,7
4193931,7098025,12,9,3
5634671,7028586,1,1,0
5655577,7082406,1,3,-2
5655577,7082406,3,7,-4
4332535,5000669,2,1,1
4332535,5000669,3,2,1
4332535,5000669,4,5,-1
5163519,5488998,6,2,4
5163519,5488998,10,7,3
4720633,5362964,1,6,-5
4720633,5362964,2,3,-1
4720633,5362964,4,11,-7
4720633,5362964,9,10,-1
4002848,4251692,5,2,3
6349308,7127670,6,1,5
7009596,8108793,8,11,-3
4716410,7098869,7,9,-2
5417883,6309561,1,6,-5
5417883,6309561,2,5,-3
5417883,6309561,5,8,-3
7249804,7883156,2,1,1
7249804,7883156,3,3,0
7249804,7883156,4,9,-5
7249804,7883156,6,5,1
7249804,7883156,7,8,-1
7249804,7883156,8,10,-2
7249804,7883156,9,11,-2
4348991,7717069,3,1,2
4348991,7717069,4,2,2
4348991,7717069,5,9,-4
6926700,8628497,1,1,0
6926700,8628497,11,12,-1
6926700,8628497,13,7,6
5382024,8475252,3,3,0
4696489,5193844,1,1,0
4696489,5193844,2,6,-4
4696489,5193844,5,2,3
4696489,5193844,12,3,9
4820175,7488222,1,5,-4
4820175,7488222,7,1,6
5642314,8630139,3,2,1
5642314,8630139,5,8,-3
5642314,8630139,12,10,2
5637075,7691087,11,2,9
6067574,7487255,4,5,-1
6067574,7487255,9,6,3
6067574,7487255,13,1,12
5617653,8713819,1,3,-2
5617653,8713819,7,1,6
4422186,6216271,2,4,-2
4422186,6216271,3,12,-9
4529476,5180466,1,1,0
4529476,5180466,2,3,-1
4529476,5180466,3,5,-2
4529476,5180466,4,4,0
4529476,5180466,9,11,-2
3954803,5431452,2,2,0
4334288,4597054,1,1,0
4334288,4597054,13,5,8
4686542,6400390,1,5,-4
6255889,7109793,1,13,-12
6255889,7109793,4,4,0
6545994,8000341,2,1,1
6545994,8000341,5,4,1
6545994,8000341,11,13,-2
4928709,6539328,2,5,-3
4928709,6539328,7,12,-5
4928709,6539328,9,13,-4
4339798,8251801,2,4,-2
4339798,8251801,4,1,3
4339798,8251801,6,8,-2
4339798,8251801,8,5,3
4339798,8251801,9,7,2
6970792,7530949,3,8,-5
5395663,6667196,3,2,1
6501950,7107582,12,7,5
4155042,8719878,13,12,1
5326019,7993254,1,1,0
5326019,7993254,2,13,-11
6346771,7073618,4,2,2
6514588,7462383,3,11,-8
4139085,5279182,1,3,-2
4139085,5279182,10,13,-3
5104341,7722400,1,7,-6
5104341,7722400,6,1,5
5104341,7722400,13,12,1
6207218,8641418,1,3,-2
6207218,8641418,5,9,-4
5342511,7384547,1,1,0
5342511,7384547,3,8,-5
6199008,8285427,7,1,6
6143190,7051426,3,1,2
5618744,6928633,1,3,-2
5618744,6928633,5,11,-6
4828764,5254732,1,2,-1
4828764,5254732,6,9,-3
4828764,5254732,9,4,5
5195541,7108705,12,1,11
4346335,7312550,5,6,-1
4346335,7312550,8,2,6
7139679,8261350,2,5,-3
7139679,8261350,3,1,2
7139679,8261350,8,2,6
6203553,8348122,2,2,0
6203553,8348122,8,5,3
6203553,8348122,9,12,-3
4968921,5574342,1,5,-4
4968921,5574342,2,2,0
6507629,7127004,2,8,-6
6507629,7127004,11,2,9
4769279,6268302,2,7,-5
4769279,6268302,8,3,5
4769279,6268302,11,1,10
4769279,6268302,12,4,8
4141336,6463926,1,1,0
4141336,6463926,2,4,-2
4141336,6463926,5,2,3
4324426,6848284,2,10,-8
4324426,6848284,4,3,1
4324426,6848284,9,4,5
6237062,7111113,3,8,-5
6237062,7111113,11,7,4
6955587,7377840,2,3,-1
6955587,7377840,6,2,4
6411679,8477637,2,1,1
4904078,7452073,3,3,0
5126760,6864033,4,1,3
6396958,7720305,3,5,-2
6396958,7720305,8,4,4
6567718,8357286,3,11,-8
8252092,8647477,2,1,1
8252092,8647477,5,3,2
8252092,8647477,6,5,1
8252092,8647477,7,12,-5
8252092,8647477,9,4,5
8252092,8647477,10,6,4
8252092,8647477,13,11,2
5007655,5301971,3,1,2
5007655,5301971,4,4,0
5007655,5301971,5,5,0
4485146,7713632,2,9,-7
4795888,5627566,2,5,-3
4795888,5627566,13,1,12
6594099,7468852,2,1,1
6594099,7468852,12,11,1
6417990,7576952,1,8,-7
6417990,7576952,7,11,-4
5261909,6063090,2,3,-1
6558435,8513428,1,3,-2
6079878,7553083,3,3,0
6079878,7553083,4,7,-3
6079878,7553083,10,6,4
4783511,7938922,2,3,-1
4699890,5002907,1,2,-1
4699890,5002907,2,1,1
4699890,5002907,4,10,-6
6380852,7135974,10,11,-1
4364981,5445865,4,4,0
4364981,5445865,5,10,-5
5549584,8257326,1,1,0
5549584,8257326,4,5,-1
5549584,8257326,7,3,4
5549584,8257326,12,13,-1
6546257,8606851,2,1,1
6546257,8606851,4,10,-6
6546257,8606851,5,7,-2
6546257,8606851,6,3,3
3984075,5406809,10,8,2
4716296,8687965,3,10,-7
7005204,7752845,3,9,-6
5311355,5576892,1,5,-4
5311355,5576892,2,8,-6
5311355,5576892,4,1,3
5311355,5576892,5,9,-4
5311355,5576892,6,2,4
3938865,5582483,1,1,0
3938865,5582483,4,10,-6
3938865,5582483,10,9,1
4837193,8637722,3,6,-3
4837193,8637722,8,5,3
4837193,8637722,12,4,8
5405478,7267856,1,11,-10
5405478,7267856,2,10,-8
5405478,7267856,3,4,-1
5405478,7267856,5,7,-2
5405478,7267856,7,8,-1
5405478,7267856,8,9,-1
6083662,6440633,2,13,-11
6270178,7645010,1,1,0
6270178,7645010,3,4,-1
6270178,7645010,6,11,-5
6270178,7645010,8,10,-2
4897899,7861487,11,7,4
4757114,5559165,2,3,-1
4757114,5559165,7,6,1
4757114,5559165,8,7,1
4757114,5559165,10,8,2
3962109,5342537,2,12,-10
3962109,5342537,8,4,4
4918586,5247636,2,7,-5
4918586,5247636,6,6,0
4458017,4859474,1,9,-8
4458017,4859474,3,2,1
4458017,4859474,6,5,1
6548282,7713562,9,2,7
6548282,7713562,13,9,4
5251725,7971507,1,8,-7
5251725,7971507,3,3,0
4041479,5485144,1,3,-2
5486337,7597850,1,1,0
6948484,8356588,1,1,0
6948484,8356588,3,12,-9
5556429,8142808,2,1,1
6179809,6530914,1,1,0
6179809,6530914,4,3,1
5430552,7747217,6,11,-5
6212974,8256750,5,3,2
6212974,8256750,8,5,3
5414684,7616540,4,1,3
5520629,6264976,3,6,-3
5520629,6264976,7,11,-4
5520629,6264976,9,5,4
4437579,7909207,4,11,-7
4437579,7909207,5,7,-2
4996058,8268349,3,2,1
4996058,8268349,11,6,5
4369685,6945850,1,2,-1
4369685,6945850,2,1,1
6650916,8265724,8,11,-3
7706866,8145310,1,3,-2
5246265,8585135,10,12,-2
6100875,6321281,8,4,4
5019974,6355018,10,2,8
6422876,7821792,12,1,11
5580876,8105631,1,1,0
5580876,8105631,3,7,-4
5580876,8105631,4,5,-1
4872853,6409521,10,6,4
4411414,4847970,3,1,2
4411414,4847970,5,4,1
4411414,4847970,7,5,2
4411414,4847970,10,12,-2
4411414,4847970,11,6,5
5052138,5142805,1,1,0
5052138,5142805,3,5,-2
5052138,5142805,5,6,-1
5052138,5142805,13,8,5
6263337,7246125,1,1,0
6263337,7246125,2,4,-2
6263337,7246125,4,3,1
6869829,8710630,4,8,-4
7150738,8377083,1,4,-3
4132323,4796029,9,12,-3
5654962,7852839,3,1,2
7577207,8621315,4,8,-4
7577207,8621315,5,1,4
7577207,8621315,12,13,-1
5625549,7888819,9,2,7
5482279,7850544,1,3,-2
5482279,7850544,5,5,0
4609518,7175616,5,3,2
7480239,7707297,4,2,2
7480239,7707297,8,7,1
7480239,7707297,9,1,8
4946074,5477989,1,7,-6
4946074,5477989,13,3,10
6384456,8710584,9,1,8
6384456,8710584,10,4,6
6384456,8710584,11,10,1
6384456,8710584,12,13,-1
7354598,8444007,4,8,-4
7354598,8444007,5,9,-4
7354598,8444007,7,4,3
5323871,6991079,1,7,-6
5323871,6991079,3,2,1
5323871,6991079,5,8,-3
5323871,6991079,10,1,9
6957737,8256669,1,1,0
6957737,8256669,2,3,-1
6957737,8256669,12,2,10
4105193,4690430,2,4,-2
4105193,4690430,6,8,-2
4105193,4690430,10,10,0
6958074,7854747,1,7,-6
5644539,8495432,1,1,0
5644539,8495432,8,6,2
5644539,8495432,12,10,2
5262480,7776441,2,4,-2
6174134,7137779,3,2,1
6174134,7137779,7,4,3
6174134,7137779,11,7,4
4859204,4944693,7,6,1
6178505,8626160,2,7,-5
6953876,8748709,2,2,0
6953876,8748709,4,4,0
6953876,8748709,5,8,-3
6953876,8748709,6,10,-4
6953876,8748709,10,11,-1
6953876,8748709,11,3,8
6953876,8748709,13,5,8
6430268,8410931,3,3,0
6430268,8410931,6,7,-1
6734455,7528401,4,2,2
6734455,7528401,8,3,5
6734455,7528401,9,10,-1
6734455,7528401,11,1,10
6734455,7528401,13,8,5
4029913,4438298,1,9,-8
4029913,4438298,3,1,2
7168900,8678725,1,1,0
7168900,8678725,3,7,-4
7168900,8678725,10,4,6
5032450,6884375,2,4,-2
6350349,7651589,1,2,-1
6350349,7651589,6,9,-3
6350349,7651589,10,10,0
4635144,6633440,13,3,10
4696065,5317759,1,1,0
4696065,5317759,2,2,0
4735616,7749235,1,5,-4
6071392,7041401,1,7,-6
7414116,7566537,2,1,1
7414116,7566537,3,3,0
7414116,7566537,4,4,0
7414116,7566537,5,8,-3
7414116,7566537,6,5,1
7414116,7566537,9,2,7
7453051,8669496,1,1,0
7453051,8669496,2,2,0
7453051,8669496,3,3,0
7453051,8669496,4,4,0
7453051,8669496,5,5,0
7453051,8669496,6,6,0
7453051,8669496,7,7,0
7453051,8669496,8,8,0
7453051,8669496,9,9,0
7453051,8669496,10,10,0
7453051,8669496,11,11,0
7453051,8669496,12,12,0
7453051,8669496,13,13,0
4600415,5065574,1,6,-5
4153152,8678180,2,7,-5
4153152,8678180,3,8,-5
7053400,7875543,1,6,-5
7053400,7875543,9,8,1
5557437,6941077,7,13,-6
3969745,4107720,3,8,-5
3969745,4107720,7,13,-6
3969745,4107720,10,4,6
5343395,8155806,2,11,-9
5343395,8155806,4,4,0
5343395,8155806,7,3,4
5343395,8155806,9,2,7
4347527,8526781,8,3,5
6470227,7676294,1,1,0
6470227,7676294,4,6,-2
6470227,7676294,5,8,-3
6470227,7676294,7,10,-3
5126332,7067147,1,2,-1
5126332,7067147,2,7,-5
5126332,7067147,5,8,-3
6928571,7484064,2,8,-6
6928571,7484064,5,4,1
4726181,5161366,1,3,-2
4726181,5161366,6,12,-6
4124899,4930107,1,1,0
4124899,4930107,2,2,0
4124899,4930107,3,5,-2
4124899,4930107,10,13,-3
6360405,7096696,10,1,9
6360405,7096696,12,6,6
5329095,5482558,9,2,7
5434362,6655017,1,6,-5
5434362,6655017,2,11,-9
5434362,6655017,5,2,3
5434362,6655017,13,3,10
4122867,4941508,1,5,-4
4122867,4941508,10,1,9
4774468,5050605,1,1,0
4774468,5050605,8,6,2
4774468,5050605,10,4,6
4999813,5293340,2,4,-2
4999813,5293340,3,3,0
4999813,5293340,7,11,-4
7215568,7936580,2,11,-9
7215568,7936580,3,5,-2
6577060,8089434,1,1,0
6577060,8089434,4,4,0
6577060,8089434,5,2,3
6577060,8089434,8,11,-3
6577060,8089434,11,8,3
4090013,5149335,5,3,2
5092085,8147293,2,1,1
5092085,8147293,3,11,-8
5092085,8147293,10,13,-3
5561465,8208546,3,13,-10
5561465,8208546,7,4,3
5561465,8208546,13,6,7
4409453,7601932,9,11,-2
5596595,7372886,1,6,-5
5596595,7372886,7,7,0
5235036,7572768,7,11,-4
5578072,8491646,2,2,0
4444268,4691779,6,2,4
4444268,4691779,7,7,0
4444268,4691779,9,9,0
4444268,4691779,10,10,0
4444268,4691779,11,3,8
6085201,8601078,2,10,-8
4466772,8262340,11,9,2
4188214,7524612,2,8,-6
4188214,7524612,4,2,2
4188214,7524612,5,1,4
4106508,4815466,1,13,-12
4106508,4815466,3,4,-1
4391634,6143241,7,10,-3
6883929,8356912,6,13,-7
5321614,7444206,4,9,-5
6986523,7390003,1,1,0
6986523,7390003,13,5,8
5526729,6253656,4,1,3
5526729,6253656,5,13,-8
5526729,6253656,6,8,-2
4432007,6645145,1,3,-2
7224683,8155096,13,6,7
7175530,8348766,1,2,-1
7175530,8348766,3,11,-8
7175530,8348766,4,3,1
3974412,4365186,1,4,-3
6601458,7152460,8,12,-4
6601458,7152460,11,4,7
4023221,7017234,1,2,-1
4023221,7017234,2,12,-10
4023221,7017234,3,6,-3
4023221,7017234,10,13,-3
4809839,7233838,6,10,-4
6484155,7558819,9,10,-1
6484155,7558819,10,3,7
6484155,7558819,13,13,0
5432104,7135757,7,1,6
5432104,7135757,8,13,-5
5432104,7135757,10,5,5
6283855,7837547,1,3,-2
6283855,7837547,7,5,2
5251353,7337486,1,6,-5
5251353,7337486,5,4,1
5251353,7337486,8,1,7
5399522,7846802,4,3,1
5399522,7846802,10,5,5
5399522,7846802,11,7,4
7121801,8393869,1,1,0
7121801,8393869,4,8,-4
7121801,8393869,5,13,-8
7121801,8393869,10,11,-1
5413114,6123677,2,1,1
5413114,6123677,3,2,1
5413114,6123677,9,5,4
5413114,6123677,10,12,-2
5413114,6123677,11,8,3
5413114,6123677,13,3,10
4330687,8582598,7,3,4
4428366,4674482,1,3,-2
4428366,4674482,6,6,0
5158567,8474677,1,11,-10
5204916,5301036,4,11,-7
5204916,5301036,6,1,5
5204916,5301036,10,6,4
4920480,5179668,2,4,-2
4920480,5179668,3,7,-4
4920480,5179668,9,1,8
4920480,5179668,11,3,8
4920480,5179668,13,6,7
4958968,8292150,5,7,-2
4958968,8292150,6,8,-2
6881707,8440593,1,1,0
6881707,8440593,3,3,0
6881707,8440593,4,4,0
6881707,8440593,5,10,-5
5160881,7705602,6,2,4
4183015,6185767,1,3,-2
4183015,6185767,5,9,-4
6456252,8315557,2,1,1
6456252,8315557,3,5,-2
6456252,8315557,4,4,0
6456252,8315557,6,11,-5
6456252,8315557,13,9,4
5410016,8535705,1,10,-9
5410016,8535705,2,8,-6
5002562,7547326,2,10,-8
6134702,6957410,5,10,-5
6134702,6957410,6,5,1
5630103,6845273,13,6,7
5414287,6630713,8,11,-3
6481801,7356912,1,1,0
4399402,4817678,5,4,1
4399402,4817678,7,13,-6
4464067,7749170,1,1,0
6561279,7416027,1,8,-7
3963169,8152051,1,1,0
3963169,8152051,10,8,2
3963169,8152051,11,4,7
6621616,8049640,2,13,-11
6621616,8049640,3,3,0
5024764,7335299,1,1,0
5024764,7335299,4,9,-5
5239647,7844573,10,13,-3
4943090,5407199,1,1,0
4943090,5407199,3,3,0
5254094,8226293,5,1,4
5234145,5505355,10,5,5
6256497,7664460,1,12,-11
6256497,7664460,3,3,0
6629106,8549017,13,9,4
6633898,7197570,1,9,-8
6633898,7197570,2,4,-2
4347900,8118105,7,9,-2
4347900,8118105,12,13,-1
6354877,7462924,2,5,-3
6354877,7462924,3,13,-10
4683202,7771935,1,2,-1
4683202,7771935,3,4,-1
4683202,7771935,12,1,11
6146378,8262574,8,12,-4
7469983,7971950,2,8,-6
7469983,7971950,7,4,3
7469983,7971950,8,5,3
5205467,6508394,8,4,4
5205467,6508394,11,9,2
4598488,5408944,1,4,-3
7784696,8657200,1,1,0
7784696,8657200,2,2,0
7784696,8657200,8,3,5
7784696,8657200,13,5,8
4618190,5482364,4,2,2
4618190,5482364,5,11,-6
4618190,5482364,13,8,5
4995617,5316311,2,1,1
4995617,5316311,3,2,1
4995617,5316311,4,3,1
4995617,5316311,5,4,1
4995617,5316311,6,5,1
4995617,5316311,7,9,-2
4995617,5316311,8,10,-2
4995617,5316311,10,11,-1
4995617,5316311,12,12,0
4995617,5316311,13,13,0
6853244,8026764,1,5,-4
6853244,8026764,4,2,2
6853244,8026764,11,6,5
6580872,7653285,10,9,1
6580872,7653285,13,8,5
5133504,6138931,1,2,-1
5133504,6138931,5,8,-3
6513949,6994453,3,2,1
5072876,8479973,1,2,-1
5072876,8479973,2,5,-3
5072876,8479973,3,3,0
5072876,8479973,5,7,-2
5072876,8479973,7,11,-4
4190746,5205897,1,1,0
4190746,5205897,2,4,-2
4539900,5178059,2,11,-9
4539900,5178059,9,2,7
6194323,7781850,3,9,-6
4161219,5318127,2,3,-1
4161219,5318127,3,4,-1
4161219,5318127,10,2,8
7068791,7702904,3,1,2
6917109,7913221,1,6,-5
6917109,7913221,2,10,-8
6917109,7913221,3,2,1
6917109,7913221,4,5,-1
6917109,7913221,5,13,-8
6917109,7913221,11,7,4
4327705,6220339,2,4,-2
4487163,5396864,4,10,-6
4487163,5396864,7,8,-1
4886412,7413040,6,4,2
4886412,7413040,10,1,9
4309777,7503936,1,3,-2
4309777,7503936,2,2,0
6255698,7160779,1,5,-4
6255698,7160779,9,4,5
6255698,7160779,13,6,7
7474589,8325562,6,7,-1
5049164,8323367,4,3,1
4553192,7601039,6,12,-6
4553192,7601039,11,9,2
6656835,7105065,10,6,4
6656835,7105065,11,3,8
7301211,8450144,2,2,0
7301211,8450144,11,8,3
7440330,8289778,5,1,4
7440330,8289778,7,4,3
7440330,8289778,11,2,9
6557755,6977353,1,1,0
6557755,6977353,2,11,-9
6557755,6977353,3,2,1
6557755,6977353,9,13,-4
4958145,5402107,8,11,-3
7120202,8155235,3,6,-3
6596343,8163087,4,6,-2
6596343,8163087,8,9,-1
4190885,5317711,1,5,-4
6213226,7128170,5,5,0
4970546,6456363,4,8,-4
4970546,6456363,5,10,-5
4970546,6456363,11,1,10
6082153,8347674,4,3,1
6082153,8347674,9,8,1
7133798,8063650,4,8,-4
7133798,8063650,5,12,-7
7133798,8063650,7,5,2
7133798,8063650,9,13,-4
5052131,8683719,1,1,0
5052131,8683719,3,7,-4
5052131,8683719,4,4,0
5052131,8683719,8,5,3
4838853,6478781,11,5,6
5282799,6503248,1,4,-3
5282799,6503248,4,3,1
6952739,7669028,1,2,-1
6952739,7669028,6,3,3
5330226,6459973,4,6,-2
5197555,7086489,1,6,-5
5197555,7086489,5,5,0
5197555,7086489,12,2,10
5197555,7086489,13,3,10
4994427,5200380,1,12,-11
4994427,5200380,2,3,-1
4994427,5200380,6,4,2
4994427,5200380,12,11,1
5329238,7065435,13,1,12
7431287,7657205,3,9,-6
7049761,8376582,9,8,1
7193985,8411858,1,2,-1
7193985,8411858,3,1,2
4710772,5563605,11,1,10
3990327,4354400,1,1,0
3990327,4354400,2,2,0
3990327,4354400,3,10,-7
3990327,4354400,8,8,0
3990327,4354400,9,3,6
3990327,4354400,11,9,2
6882825,8467715,2,1,1
6882825,8467715,4,11,-7
6882825,8467715,7,9,-2
6882825,8467715,8,3,5
5088281,6490860,8,2,6
5088281,6490860,9,13,-4
6482228,8470024,3,5,-2
6482228,8470024,13,7,6
4318123,6133954,8,1,7
6440385,7695709,1,13,-12
6440385,7695709,2,1,1
6440385,7695709,4,2,2
4199664,4396805,1,8,-7
4199664,4396805,2,2,0
4199664,4396805,3,4,-1
7656055,7863767,1,4,-3
5329942,7163549,4,1,3
5091782,7417568,6,1,5
7378680,7781777,10,1,9
7450509,8045454,2,5,-3
4990180,5314675,2,12,-10
5245347,7263386,11,1,10
5592584,6438525,11,5,6
6848940,8348692,1,7,-6
6848940,8348692,6,2,4
6848940,8348692,7,3,4
6848940,8348692,11,9,2
4956944,6547638,1,1,0
4077059,7398422,4,4,0
4957596,6422494,5,2,3
4957596,6422494,12,9,3
4788857,7421888,1,7,-6
4788857,7421888,2,12,-10
4788857,7421888,8,1,7
4355476,5237762,1,3,-2
4355476,5237762,5,11,-6
4606174,4709532,2,9,-7
6985839,8281027,3,5,-2
5044531,8056752,11,5,6
4616682,6075313,1,2,-1
4616682,6075313,11,5,6
6131631,6269691,4,1,3
6131631,6269691,5,2,3
6131631,6269691,7,8,-1
6433261,8039713,3,3,0
6433261,8039713,4,2,2
6433261,8039713,5,5,0
6433261,8039713,6,8,-2
6433261,8039713,7,9,-2
6433261,8039713,12,12,0
6433261,8039713,13,11,2
6064457,6630973,1,2,-1
6064457,6630973,4,5,-1
6064457,6630973,5,9,-4
6064457,6630973,12,8,4
4733665,8235047,10,2,8
7300853,7601217,2,9,-7
7300853,7601217,8,8,0
7300853,7601217,11,7,4
5565354,8697072,3,6,-3
5571444,7763083,5,11,-6
5571444,7763083,7,6,1
5042922,6298313,13,10,3
5650132,7285189,1,1,0
6417311,7485693,2,1,1
6417311,7485693,11,5,6
5167716,6321681,4,8,-4
6078403,6552814,8,10,-2
6632175,7650180,2,10,-8
6596583,6852167,2,7,-5
6644302,7472796,1,4,-3
6644302,7472796,12,2,10
4835088,5340700,13,10,3
6598392,8661808,2,3,-1
5204310,5626637,1,4,-3
5204310,5626637,2,5,-3
5204310,5626637,8,1,7
5386574,6944826,10,5,5
6262767,7720798,4,3,1
6262767,7720798,9,12,-3
6138477,8119224,1,3,-2
6138477,8119224,7,1,6
4003460,4661003,1,1,0
6859882,7694159,1,1,0
6859882,7694159,7,4,3
6859882,7694159,12,6,6
6537255,7828773,1,1,0
6537255,7828773,3,8,-5
6537255,7828773,6,2,4
6537255,7828773,7,10,-3
4966031,7116215,1,4,-3
4966031,7116215,2,1,1
5116526,5607912,2,1,1
5116526,5607912,7,5,2
5410834,7975417,1,1,0
5410834,7975417,3,3,0
5410834,7975417,5,4,1
5410834,7975417,8,11,-3
5410834,7975417,11,8,3
5410834,7975417,12,7,5
4689102,7836648,2,6,-4
6462742,7379066,3,3,0
4958277,7882197,6,11,-5
6538601,8078118,1,5,-4
6538601,8078118,8,3,5
6538601,8078118,10,8,2
6538601,8078118,11,4,7
3933815,4035365,4,8,-4
3933815,4035365,5,12,-7
4995041,6233716,7,8,-1
4995041,6233716,8,11,-3
4995041,6233716,10,5,5
7391583,8531798,1,1,0
7391583,8531798,5,10,-5
7391583,8531798,7,5,2
7391583,8531798,8,6,2
7391583,8531798,9,8,1
5232747,6323132,1,1,0
5232747,6323132,11,3,8
4441050,4644224,1,3,-2
4441050,4644224,2,7,-5
4441050,4644224,4,13,-9
4441050,4644224,7,2,5
5636641,6083259,6,1,5
4358362,8013199,4,1,3
6202171,7642671,1,3,-2
6202171,7642671,3,4,-1
6202171,7642671,6,9,-3
6202171,7642671,13,13,0
6664128,7541275,5,13,-8
4600458,6437214,2,2,0
4600458,6437214,8,1,7
7656103,7969125,10,5,5
6473763,7181540,3,2,1
6473763,7181540,4,1,3
5576929,7440292,1,1,0
5576929,7440292,9,12,-3
5139752,7935173,13,5,8
4461454,7185792,2,6,-4
4461454,7185792,3,5,-2
5586986,8221454,1,9,-8
5586986,8221454,9,6,3
6159752,8324048,1,2,-1
6159752,8324048,10,3,7
6159752,8324048,12,5,7
5562685,8333767,1,11,-10
5562685,8333767,12,3,9
5562685,8333767,13,6,7
6091406,7456825,5,1,4
6091406,7456825,6,2,4
6091406,7456825,7,4,3
6091406,7456825,8,6,2
7728405,8389375,2,7,-5
7728405,8389375,4,6,-2
7728405,8389375,5,13,-8
4403708,6207897,3,1,2
4721112,6246745,1,1,0
4721112,6246745,2,3,-1
4201442,6310712,9,6,3
5644642,8081670,10,5,5
3952002,4079143,11,2,9
4025435,6436286,1,1,0
4025435,6436286,3,6,-3
5394809,6119989,1,2,-1
5394809,6119989,10,1,9
4803534,5194749,2,9,-7
6211002,7525156,1,1,0
6211002,7525156,3,6,-3
6211002,7525156,9,9,0
6211002,7525156,10,5,5
7188658,8118077,1,10,-9
7188658,8118077,2,2,0
7188658,8118077,3,7,-4
7188658,8118077,4,6,-2
7188658,8118077,8,5,3
7188658,8118077,13,11,2
7498665,8547127,7,2,5
6437326,6978832,5,4,1
6437326,6978832,8,1,7
8063466,8421162,8,3,5
5035495,7061950,1,5,-4
5346453,6506002,1,1,0
5346453,6506002,3,3,0
5598608,7487808,4,1,3
5016255,5627856,1,9,-8
5016255,5627856,2,10,-8
5016255,5627856,3,4,-1
5016255,5627856,6,1,5
6492228,6953964,1,2,-1
6492228,6953964,2,1,1
6492228,6953964,3,8,-5
6492228,6953964,7,3,4
6492228,6953964,8,5,3
6492228,6953964,9,6,3
6610139,7086466,1,3,-2
4979516,5455842,12,6,6
4893191,5142302,3,5,-2
4893191,5142302,12,11,1
6656181,7909848,5,4,1
6656181,7909848,9,8,1
6389403,7870592,1,2,-1
6389403,7870592,12,12,0
4457035,6728987,4,5,-1
4457035,6728987,13,3,10
5116964,8445230,2,1,1
5116964,8445230,6,3,3
5116964,8445230,11,7,4
5632449,6349889,1,1,0
5632449,6349889,2,3,-1
5632449,6349889,3,2,1
5632449,6349889,4,4,0
5632449,6349889,10,12,-2
7000271,7847275,4,3,1
5329475,7616820,1,6,-5
4810136,7322774,9,2,7
4672518,5034872,11,4,7
4274845,8141624,1,12,-11
4274845,8141624,2,1,1
4274845,8141624,3,5,-2
4274845,8141624,6,4,2
6254121,8469397,2,8,-6
7162575,7406622,3,2,1
4599474,7998438,1,10,-9
4433082,8585931,9,11,-2
6167337,6542789,2,1,1
6167337,6542789,5,13,-8
4675850,5307314,2,12,-10
4675850,5307314,8,3,5
6025094,7494742,5,1,4
6025094,7494742,10,4,6
4406729,8480835,2,3,-1
4406729,8480835,3,6,-3
5227334,6472756,1,1,0
5227334,6472756,3,6,-3
5227334,6472756,4,12,-8
5227334,6472756,10,9,1
4493995,4712004,4,13,-9
4493995,4712004,5,8,-3
4493995,4712004,9,2,7
4718218,8607957,1,1,0
4488027,5406056,2,4,-2
4029360,8608249,3,4,-1
4029360,8608249,7,2,5
4029360,8608249,11,1,10
6701378,8060564,6,1,5
6701378,8060564,7,10,-3
6701378,8060564,11,2,9
4866454,5327149,4,1,3
6597954,7596408,2,12,-10
5600142,7090808,1,13,-12
5600142,7090808,2,4,-2
5600142,7090808,5,8,-3
5600142,7090808,8,1,7
6845596,7007358,5,5,0
6845596,7007358,7,2,5
5547474,8007512,1,1,0
5547474,8007512,12,4,8
7239960,8090532,8,10,-2
6075499,6668176,2,1,1
6075499,6668176,3,6,-3
5127404,6083248,1,12,-11
5127404,6083248,2,3,-1
5127404,6083248,5,2,3
4168446,4712032,1,1,0
4168446,4712032,2,6,-4
4168446,4712032,7,12,-5
4168446,4712032,9,3,6
4168446,4712032,10,4,6
4168446,4712032,11,5,6
5234089,5653038,8,7,1
5574790,7089420,3,3,0
7091453,8097085,2,4,-2
5586264,6415373,3,7,-4
5586264,6415373,4,1,3
5586264,6415373,5,2,3
5596676,6438518,3,6,-3
5596676,6438518,4,9,-5
5596676,6438518,5,2,3
6575894,8082040,5,13,-8
6575894,8082040,11,10,1
6567726,7363130,1,2,-1
6567726,7363130,2,6,-4
6567726,7363130,3,3,0
6567726,7363130,8,4,4
6185677,6453461,1,3,-2
6185677,6453461,2,1,1
6185677,6453461,8,2,6
6185677,6453461,9,4,5
5449048,7571782,1,12,-11
5449048,7571782,8,6,2
6639938,8116684,8,9,-1
4571350,5180686,5,6,-1
4571350,5180686,9,13,-4
5018736,5527033,6,10,-4
5018736,5527033,12,1,11
7364150,7445205,1,1,0
7364150,7445205,3,9,-6
6272337,8009646,13,8,5
6923830,8187332,3,12,-9
6923830,8187332,4,2,2
6923830,8187332,5,1,4
5238001,7933642,1,5,-4
5238001,7933642,2,1,1
5238001,7933642,10,13,-3
7344383,8188594,12,4,8
4808175,7717266,1,1,0
4808175,7717266,2,9,-7
4808175,7717266,5,13,-8
4808175,7717266,7,2,5
5450503,7388693,1,1,0
5450503,7388693,12,13,-1
5601845,8231901,3,6,-3
4914586,7664775,3,10,-7
4914586,7664775,6,3,3
5042868,7100962,1,1,0
5042868,7100962,11,4,7
5042868,7100962,12,7,5
6968466,7636861,1,6,-5
6968466,7636861,6,4,2
4661933,5317111,5,1,4
4661933,5317111,8,7,1
4899265,6296368,1,5,-4
4899265,6296368,3,9,-6
4899265,6296368,4,11,-7
4899265,6296368,8,6,2
4899265,6296368,9,12,-3
4899265,6296368,10,2,8
4899265,6296368,13,3,10
4913823,5346626,2,3,-1
4913823,5346626,3,1,2
4913823,5346626,9,10,-1
6326757,6552506,2,5,-3
6326757,6552506,3,1,2
6261286,7766693,1,1,0
6261286,7766693,10,8,2
5320484,6390771,5,1,4
6996521,8081757,1,2,-1
6996521,8081757,3,5,-2
6996521,8081757,6,3,3
4069810,4273105,4,4,0
4069810,4273105,5,1,4
4069810,4273105,7,13,-6
7401093,8725690,8,2,6
6371982,8728012,9,12,-3
6371982,8728012,11,4,7
4254445,5132878,4,4,0
4254445,5132878,8,2,6
4254445,5132878,11,10,1
4242226,7241430,3,7,-4
6128279,7886076,2,12,-10
6128279,7886076,10,2,8
6348125,6593656,4,4,0
6348125,6593656,9,8,1
4933545,6483619,1,4,-3
4933545,6483619,9,2,7
4903581,7044537,3,1,2
4903581,7044537,4,2,2
4903581,7044537,7,12,-5
6618096,7065154,1,1,0
6618096,7065154,2,11,-9
6618096,7065154,6,2,4
6618096,7065154,10,8,2
4213486,5279864,2,6,-4
4213486,5279864,6,11,-5
6183890,7672086,1,6,-5
6183890,7672086,2,12,-10
4698666,7107540,2,1,1
4755669,6868720,3,10,-7
4755669,6868720,10,9,1
7478290,8564304,1,1,0
7982465,8264227,2,7,-5
7982465,8264227,8,5,3
4991876,6848719,6,7,-1
5519963,6195932,3,1,2
5519963,6195932,11,8,3
6156715,7037886,4,1,3
6156715,7037886,5,2,3
5067738,6851693,1,2,-1
5067738,6851693,5,8,-3
5067738,6851693,7,7,0
7210147,8127296,11,1,10
4120641,4339115,9,12,-3
6343120,7280647,4,3,1
6343120,7280647,6,1,5
6343120,7280647,8,10,-2
4382298,4926496,13,5,8
4017880,4080245,2,1,1
4017880,4080245,4,3,1
4908087,7658217,8,1,7
5378762,6541560,4,6,-2
6571507,7757424,1,2,-1
6571507,7757424,2,1,1
6571507,7757424,10,6,4
6409832,7867763,13,4,9
7318808,8453645,1,7,-6
6907473,8462630,1,3,-2
4992650,7593593,6,1,5
5043476,7960205,6,1,5
6338640,7114978,2,1,1
6338640,7114978,4,3,1
6338640,7114978,6,4,2
6338640,7114978,11,2,9
6544193,8275553,5,6,-1
6139182,7108419,1,2,-1
6139182,7108419,13,4,9
3971925,4107781,1,4,-3
3971925,4107781,2,5,-3
5037434,8430925,4,11,-7
5037434,8430925,5,2,3
4625213,4804973,9,13,-4
4240116,4689688,1,1,0
4240116,4689688,3,2,1
4240116,4689688,5,9,-4
4240116,4689688,6,5,1
4444802,5374303,7,2,5
4444802,5374303,10,10,0
6954378,7339834,2,1,1
6248939,8217224,3,4,-1
4237484,7136503,8,12,-4
4212766,4418007,3,3,0
4212766,4418007,9,1,8
4948725,5623053,1,3,-2
4502060,4794410,1,4,-3
4502060,4794410,2,2,0
4502060,4794410,3,5,-2
4502060,4794410,4,3,1
4502060,4794410,5,7,-2
4502060,4794410,8,11,-3
4856991,7056115,1,8,-7
4856991,7056115,4,3,1
4750641,7156662,1,7,-6
4750641,7156662,8,4,4
4750641,7156662,13,5,8
5018839,8654433,4,6,-2
5656317,8568363,5,6,-1
5248207,6302601,1,13,-12
5248207,6302601,4,5,-1
5248207,6302601,7,1,6
5297529,7077112,1,13,-12
5297529,7077112,2,3,-1
5297529,7077112,3,1,2
5297529,7077112,12,8,4
6855607,8361854,2,2,0
5293084,8159287,2,3,-1
5293084,8159287,7,8,-1
5263800,6880214,11,3,8
5041956,8654547,1,7,-6
5041956,8654547,3,6,-3
5041956,8654547,4,11,-7
5041956,8654547,7,8,-1
5041956,8654547,8,4,4
5041956,8654547,9,10,-1
5041956,8654547,13,13,0
6628915,7450891,1,1,0
6628915,7450891,2,2,0
6628915,7450891,3,3,0
6628915,7450891,4,4,0
6628915,7450891,5,5,0
6628915,7450891,6,6,0
6628915,7450891,7,7,0
6628915,7450891,8,8,0
6628915,7450891,9,9,0
6628915,7450891,10,10,0
6628915,7450891,11,11,0
6628915,7450891,12,12,0
6628915,7450891,13,13,0
6172703,8553064,1,1,0
6172703,8553064,2,6,-4
6172703,8553064,7,5,2
3989033,7204811,7,12,-5
3989033,7204811,10,4,6
7193668,8605236,2,1,1
7193668,8605236,4,2,2
7193668,8605236,6,3,3
7193668,8605236,12,10,2
6421590,8358205,2,2,0
6421590,8358205,3,7,-4
5212757,7088897,2,11,-9
5154401,6244570,1,1,0
5154401,6244570,4,7,-3
5154401,6244570,5,6,-1
5154401,6244570,9,3,6
4800870,5374273,1,2,-1
4800870,5374273,2,5,-3
4353078,4822418,1,1,0
4353078,4822418,5,11,-6
4353078,4822418,10,5,5
4899643,6516511,1,2,-1
4899643,6516511,2,1,1
4899643,6516511,7,5,2
4899643,6516511,8,9,-1
4916738,6120550,8,2,6
5036860,5383886,3,9,-6
6290646,7329226,2,11,-9
6290646,7329226,11,6,5
7133474,7336598,1,13,-12
7133474,7336598,6,8,-2
6228146,6497748,1,7,-6
6228146,6497748,6,1,5
6919345,8492544,5,6,-1
6919345,8492544,11,11,0
4347665,7146736,1,1,0
4347665,7146736,2,7,-5
4347665,7146736,6,8,-2
4460261,5151732,5,4,1
4460261,5151732,8,2,6
5321697,7061818,4,2,2
6280473,8277500,13,11,2
4136849,4440376,2,2,0
4136849,4440376,3,13,-10
5344792,6093615,2,8,-6
5344792,6093615,6,13,-7
7731736,8016861,2,2,0
7731736,8016861,3,10,-7
7731736,8016861,4,7,-3
7731736,8016861,8,13,-5
7731736,8016861,10,6,4
7731736,8016861,11,4,7
6462722,8247967,1,10,-9
6462722,8247967,3,3,0
6462722,8247967,6,4,2
6076144,7797517,1,13,-12
6076144,7797517,2,3,-1
4868654,6249643,12,6,6
6144367,8277297,3,10,-7
5601600,7887582,6,1,5
5344415,7070584,2,3,-1
5344415,7070584,4,10,-6
5344415,7070584,5,2,3
5277275,8327486,3,5,-2
5277275,8327486,5,1,4
5017459,7833612,7,3,4
5017459,7833612,11,6,5
3970985,4130080,13,4,9
7343320,7900822,1,3,-2
7343320,7900822,4,6,-2
7343320,7900822,11,1,10
4811993,7230393,3,5,-2
6526039,7430197,2,6,-4
6526039,7430197,8,4,4
4869038,5299403,1,7,-6
4869038,5299403,9,1,8
4869038,5299403,10,4,6
7350936,8540401,1,9,-8
7350936,8540401,3,1,2
7350936,8540401,6,2,4
7350936,8540401,11,13,-2
7622308,8494798,4,6,-2
7622308,8494798,5,7,-2
7622308,8494798,6,1,5
7622308,8494798,11,3,8
6430937,7945423,13,6,7
5188183,6588505,4,7,-3
6339874,7874058,1,6,-5
6339874,7874058,7,5,2
6339874,7874058,9,13,-4
6339874,7874058,11,1,10
3995020,4756904,7,1,6
4918588,5335172,1,2,-1
4709416,5502298,2,1,1
4272271,6427492,3,13,-10
4272271,6427492,4,1,3
7131203,8533961,2,3,-1
7131203,8533961,6,10,-4
7131203,8533961,10,2,8
4675362,5323863,5,1,4
6239762,6911939,2,9,-7
6239762,6911939,3,10,-7
6239762,6911939,4,3,1
6239762,6911939,5,1,4
6239762,6911939,6,8,-2
7115379,7442775,4,2,2
7115379,7442775,5,9,-4
7115379,7442775,7,5,2
7115379,7442775,12,11,1
7245614,8077615,1,1,0
7245614,8077615,4,13,-9
6210778,8726553,7,9,-2
6210778,8726553,8,12,-4
4398965,7491134,1,2,-1
4398965,7491134,2,3,-1
4398965,7491134,4,1,3
4398965,7491134,5,11,-6
4838668,5241337,1,8,-7
4838668,5241337,3,11,-8
4838668,5241337,6,4,2
4838668,5241337,11,2,9
5280353,6091446,7,5,2
7927596,8524236,1,1,0
7927596,8524236,2,2,0
7927596,8524236,4,3,1
7927596,8524236,5,4,1
7927596,8524236,6,5,1
7927596,8524236,7,6,1
7927596,8524236,8,7,1
7927596,8524236,9,8,1
7927596,8524236,10,10,0
7927596,8524236,11,11,0
7927596,8524236,12,12,0
7927596,8524236,13,13,0
4985388,6905651,1,4,-3
5279304,6565517,8,1,7
6359892,7061902,9,9,0
6359892,7061902,11,1,10
6334110,6886037,2,2,0
6334110,6886037,6,1,5
6334110,6886037,10,8,2
4914768,6938288,3,1,2
7511048,8207172,2,2,0
7511048,8207172,3,1,2
7511048,8207172,4,4,0
7511048,8207172,5,6,-1
7511048,8207172,6,7,-1
7511048,8207172,7,8,-1
7511048,8207172,8,10,-2
7511048,8207172,9,11,-2
7511048,8207172,10,5,5
7511048,8207172,11,12,-1
6984582,8721401,1,1,0
6984582,8721401,2,5,-3
4552232,8002052,2,2,0
4552232,8002052,3,12,-9
4552232,8002052,4,1,3
5639973,7123028,2,2,0
5492034,7070534,1,13,-12
5492034,7070534,11,7,4
4348165,4702685,2,2,0
4348165,4702685,11,3,8
7478690,7952306,7,4,3
7478690,7952306,11,1,10
7478690,7952306,13,2,11
5201426,7490701,2,6,-4
5201426,7490701,3,1,2
5201426,7490701,5,9,-4
5201426,7490701,7,12,-5
5005321,7909680,1,2,-1
5005321,7909680,2,6,-4
5005321,7909680,10,3,7
5005321,7909680,12,12,0
7260773,8171393,2,1,1
5201640,6506028,1,6,-5
5201640,6506028,2,11,-9
5201640,6506028,9,8,1
5201640,6506028,13,4,9
6168523,7121943,2,2,0
6168523,7121943,4,6,-2
6168523,7121943,5,3,2
6168523,7121943,10,9,1
7197022,8160101,1,9,-8
7197022,8160101,2,10,-8
7197022,8160101,5,1,4
7197022,8160101,10,6,4
5602987,8745328,9,7,2
5478895,6974849,1,7,-6
5338081,6092705,5,6,-1
5338081,6092705,7,7,0
5338081,6092705,8,2,6
5068894,6122704,11,10,1
6314108,7894797,1,11,-10
6314108,7894797,2,2,0
5647655,7925129,1,1,0
4043646,4418689,2,13,-11
4043646,4418689,3,6,-3
7448948,8740689,1,13,-12
7448948,8740689,4,3,1
7448948,8740689,7,8,-1
4505589,6519037,1,3,-2
4248151,4531851,4,12,-8
4248151,4531851,12,9,3
5476510,7959666,4,5,-1
5476510,7959666,8,4,4
4877530,6224774,7,5,2
3991954,4289087,1,4,-3
3991954,4289087,7,2,5
4147088,4722107,1,2,-1
4147088,4722107,6,4,2
4147088,4722107,10,9,1
6126631,8323227,1,1,0
6126631,8323227,2,2,0
6126631,8323227,6,3,3
6126631,8323227,10,6,4
4560908,5084652,1,2,-1
5384884,6522797,6,5,1
5597107,8733613,2,1,1
5597107,8733613,7,2,5
5597107,8733613,11,5,6
6955762,7718057,1,5,-4
4173637,4659724,2,4,-2
4173637,4659724,6,2,4
4173637,4659724,7,6,1
4173637,4659724,8,1,7
4173637,4659724,10,9,1
4442170,6091563,9,3,6
4162009,6520325,4,2,2
5149949,5550367,2,2,0
5149949,5550367,4,9,-5
5149949,5550367,5,7,-2
6249772,8738532,6,4,2
6249772,8738532,13,8,5
4274408,6254574,6,5,1
4274408,6254574,10,8,2
7432143,8279703,1,1,0
7432143,8279703,4,7,-3
7432143,8279703,6,12,-6
7922193,8714587,1,2,-1
7922193,8714587,3,7,-4
7922193,8714587,4,4,0
4968941,8547240,2,2,0
4968941,8547240,8,4,4
4433639,4848271,9,10,-1
4433639,4848271,10,11,-1
4433639,4848271,13,6,7
5097767,7874253,2,2,0
7270692,8048187,1,3,-2
7270692,8048187,2,7,-5
7270692,8048187,3,2,1
7270692,8048187,9,1,8
5198346,6329190,2,3,-1
5198346,6329190,5,13,-8
6304994,7757156,1,1,0
6304994,7757156,3,3,0
6304994,7757156,5,2,3
6304994,7757156,8,8,0
6304994,7757156,10,10,0
6304994,7757156,11,11,0
5169400,6916321,1,4,-3
5169400,6916321,3,2,1
5169400,6916321,4,7,-3
5169400,6916321,9,3,6
7152031,7991608,4,8,-4
3981289,4892068,2,1,1
3981289,4892068,6,2,4
3981289,4892068,7,5,2
3981289,4892068,8,6,2
3981289,4892068,9,13,-4
5447267,7105383,1,2,-1
5447267,7105383,4,6,-2
5447267,7105383,12,3,9
3948678,7870990,1,4,-3
3948678,7870990,2,2,0
3948678,7870990,4,1,3
3948678,7870990,7,13,-6
7424808,7674325,1,10,-9
7424808,7674325,2,1,1
7424808,7674325,3,2,1
7424808,7674325,4,3,1
7027408,8743885,1,1,0
7027408,8743885,11,5,6
7079078,7639183,2,2,0
7079078,7639183,5,11,-6
7079078,7639183,7,1,6
7079078,7639183,8,12,-4
7079078,7639183,12,3,9
6873065,7612636,9,12,-3
4851695,5335361,3,8,-5
6172084,7799774,4,1,3
5578976,7196450,7,5,2
4998752,6164970,4,1,3
4998752,6164970,12,4,8
4847787,5642136,2,2,0
4847787,5642136,6,3,3
4847787,5642136,10,1,9
5263914,7549949,3,10,-7
5263914,7549949,13,2,11
5350885,7954530,2,3,-1
5350885,7954530,12,11,1
5481385,8118468,2,1,1
5481385,8118468,6,4,2
6406379,8083611,1,10,-9
6406379,8083611,5,13,-8
6406379,8083611,7,6,1
4831018,5554379,13,9,4
5223679,6505991,2,2,0
5223679,6505991,6,9,-3
5440723,7380277,8,4,4
6197956,7705150,1,3,-2
6197956,7705150,2,1,1
4224744,6138893,1,1,0
4801445,7662324,1,12,-11
4801445,7662324,10,3,7
4611090,7435897,3,7,-4
4611090,7435897,6,3,3
6496704,8190708,8,6,2
6170866,6921107,1,7,-6
6170866,6921107,4,10,-6
6170866,6921107,9,12,-3
6170866,6921107,11,5,6
4417044,6528663,7,2,5
3938171,4054902,5,12,-7
3938171,4054902,9,1,8
5303344,7133940,2,3,-1
5303344,7133940,8,9,-1
5303344,7133940,13,7,6
5052947,8287320,4,11,-7
5052947,8287320,9,3,6
4779812,7124977,6,2,4
4779812,7124977,8,1,7
6104922,7796013,1,1,0
6104922,7796013,3,13,-10
6104922,7796013,11,9,2
4664753,8575403,4,2,2
4664753,8575403,12,13,-1
6220669,8616653,1,6,-5
6220669,8616653,8,7,1
6220669,8616653,10,13,-3
7547048,7758087,6,8,-2
6386602,7137657,7,10,-3
6386602,7137657,11,3,8
4945560,6971897,1,4,-3
4945560,6971897,4,5,-1
4945560,6971897,8,13,-5
4887320,8286270,1,1,0
6942246,7213833,1,4,-3
6443108,7063062,2,2,0
6443108,7063062,9,10,-1
4854324,8500677,5,5,0
5442726,8755663,1,2,-1
5442726,8755663,2,1,1
5067313,7832182,2,13,-11
6595857,7690996,1,5,-4
6595857,7690996,5,2,3
6595857,7690996,8,10,-2
4853686,7046811,1,4,-3
5403490,6454958,2,13,-11
5403490,6454958,11,12,-1
7182689,7819744,1,6,-5
7182689,7819744,2,1,1
7182689,7819744,4,3,1
7182689,7819744,6,4,2
7182689,7819744,7,12,-5
5319181,6123263,4,13,-9
5319181,6123263,9,12,-3
6091263,8683410,4,3,1
6091263,8683410,11,11,0
5341376,7684399,13,2,11
6263436,8341141,1,1,0
6263436,8341141,6,3,3
6263436,8341141,8,10,-2
6626357,7717327,9,3,6
6626357,7717327,10,9,1
4822957,5332238,6,5,1
4911327,7158011,7,3,4
4911327,7158011,8,10,-2
4911327,7158011,9,11,-2
4911327,7158011,13,4,9
5296410,7651929,5,12,-7
4000828,5577526,6,3,3
4437114,5195234,4,11,-7
4437114,5195234,6,6,0
5631995,8457475,3,2,1
5631995,8457475,10,8,2
6335548,7196354,10,5,5
5155563,8692324,1,12,-11
5155563,8692324,4,6,-2
5155563,8692324,6,3,3
5408395,6220724,5,3,2
5408395,6220724,11,12,-1
7391644,7668007,1,1,0
7391644,7668007,2,2,0
7391644,7668007,3,3,0
7391644,7668007,5,12,-7
7391644,7668007,6,11,-5
7391644,7668007,7,5,2
7046489,7990660,2,8,-6
7046489,7990660,3,4,-1
6249432,6650533,6,5,1
6965502,7249267,11,10,1
6965502,7249267,12,4,8
5636963,6435809,3,3,0
5636963,6435809,4,2,2
6221044,8668670,2,4,-2
6221044,8668670,10,1,9
5042486,6968224,9,6,3
7573982,8032112,1,9,-8
7573982,8032112,13,4,9
4993311,8134438,7,5,2
6931543,8416950,2,2,0
6931543,8416950,3,12,-9
5450530,6078973,5,1,4
5450530,6078973,6,8,-2
5450530,6078973,13,4,9
5096950,7550599,1,6,-5
4069677,4693044,5,3,2
4069677,4693044,8,4,4
7079499,7636569,3,8,-5
7079499,7636569,10,3,7
5247612,6330666,4,11,-7
3944156,4090677,4,12,-8
3944156,4090677,10,2,8
6070742,8427835,5,7,-2
6070742,8427835,12,11,1
5640546,7133845,10,2,8
5640546,7133845,11,10,1
4417339,7243296,1,4,-3
4417339,7243296,2,11,-9
4417339,7243296,4,1,3
4417339,7243296,7,6,1
5333487,5490490,2,1,1
5333487,5490490,3,5,-2
5333487,5490490,7,2,5
5333487,5490490,12,6,6
6643035,8270049,4,8,-4
5505726,7018397,8,10,-2
5505726,7018397,12,2,10
4834200,7684896,8,5,3
7911868,8058920,2,4,-2
7911868,8058920,3,2,1
7911868,8058920,10,7,3
7911868,8058920,12,11,1
7911868,8058920,13,12,1
5574507,8743228,1,11,-10
5574507,8743228,2,1,1
5574507,8743228,3,3,0
5574507,8743228,13,13,0
4889818,6329178,10,13,-3
4549844,6422372,1,7,-6
4549844,6422372,6,6,0
6483081,7192494,6,13,-7
3943387,4595515,3,2,1
3943387,4595515,9,3,6
7186304,8425691,2,11,-9
7186304,8425691,4,3,1
7186304,8425691,9,1,8
4961598,5364281,1,1,0
5327500,8503703,1,1,0
6267067,7387078,7,8,-1
6267067,7387078,8,9,-1
5230424,8383030,1,1,0
5230424,8383030,3,3,0
5647037,6341186,4,2,2
5647037,6341186,10,5,5
4228088,4766101,1,3,-2
6176108,7171715,6,3,3
6176108,7171715,8,2,6
6912315,8682026,1,10,-9
6912315,8682026,9,9,0
5590738,6516918,6,6,0
6942335,8079765,2,11,-9
5255391,6374410,1,1,0
5255391,6374410,3,2,1
5561457,8185921,1,2,-1
5561457,8185921,7,9,-2
4217587,6453150,1,6,-5
4217587,6453150,3,1,2
4380172,6195621,3,8,-5
4380172,6195621,6,4,2
5580364,6396633,1,5,-4
5580364,6396633,10,9,1
4104408,6074679,1,1,0
4104408,6074679,5,6,-1
4104408,6074679,12,4,8
6327492,7072703,3,11,-8
6603482,8077378,13,7,6
5559611,8045203,1,1,0
4946499,7585459,1,1,0
4946499,7585459,2,4,-2
4087097,4764086,4,1,3
4087097,4764086,9,4,5
6198965,7904162,6,3,3
6198965,7904162,10,11,-1
4115829,6144540,3,7,-4
4115829,6144540,4,2,2
4115829,6144540,6,5,1
4115829,6144540,8,1,7
7149111,7660941,1,6,-5
4772530,5153100,2,11,-9
6208925,6842689,1,11,-10
6208925,6842689,6,2,4
6208925,6842689,12,10,2
7254221,8600021,1,1,0
7254221,8600021,3,3,0
6236363,6546256,10,2,8
5112085,6182347,11,6,5
6345323,7818367,1,1,0
6345323,7818367,2,2,0
6345323,7818367,3,3,0
6345323,7818367,4,4,0
6345323,7818367,5,5,0
6345323,7818367,6,6,0
6345323,7818367,7,7,0
6345323,7818367,8,8,0
6345323,7818367,9,9,0
6345323,7818367,10,10,0
6345323,7818367,11,11,0
6345323,7818367,12,12,0
6345323,7818367,13,13,0
4385899,4909774,5,1,4
4385899,4909774,9,2,7
5482921,7696241,2,3,-1
5611444,7828172,1,2,-1
5611444,7828172,8,4,4
4766064,6358685,6,6,0
4766064,6358685,7,3,4
4992780,6348919,3,9,-6
4992780,6348919,4,2,2
4992780,6348919,10,12,-2
6966931,8163022,1,1,0
6966931,8163022,6,2,4
4664772,6843924,5,7,-2
4833057,5279915,3,2,1
4833057,5279915,5,1,4
4833057,5279915,7,4,3
4833057,5279915,8,8,0
6473858,8698603,7,12,-5
6489670,7573547,5,1,4
6489670,7573547,13,5,8
5266852,7132860,3,2,1
5266852,7132860,9,7,2
5266852,7132860,12,1,11
5102435,8118541,1,8,-7
7454002,8060229,3,1,2
7454002,8060229,5,8,-3
7030596,8466668,3,1,2
7030596,8466668,4,10,-6
7030596,8466668,6,9,-3
4418733,6286798,11,5,6
4418733,6286798,12,1,11
4497358,8637127,8,5,3
7039221,8660322,1,6,-5
7039221,8660322,6,12,-6
7039221,8660322,9,10,-1
7574417,7672740,1,1,0
7574417,7672740,2,3,-1
8091532,8215288,2,8,-6
8091532,8215288,3,1,2
8091532,8215288,6,3,3
8091532,8215288,7,2,5
8091532,8215288,9,6,3
4381086,6474586,1,1,0
4381086,6474586,3,2,1
4381086,6474586,5,9,-4
6218371,7709617,2,7,-5
6218371,7709617,6,1,5
6218371,7709617,7,5,2
6218371,7709617,8,6,2
4236360,4856042,13,1,12
6159097,8727866,1,6,-5
6159097,8727866,2,4,-2
6159097,8727866,6,5,1
6159097,8727866,7,7,0
4364601,4929019,1,4,-3
4499082,6297217,6,5,1
4873978,7094249,1,10,-9
6464649,7699791,7,4,3
5261922,7621930,2,3,-1
4399620,6314662,1,1,0
4399620,6314662,7,4,3
7594863,8579723,3,6,-3
7594863,8579723,4,2,2
7594863,8579723,5,10,-5
7594863,8579723,6,3,3
7594863,8579723,10,13,-3
7488502,8172545,1,1,0
5656048,8292987,1,6,-5
5656048,8292987,2,3,-1
5656048,8292987,4,7,-3
6951218,8479741,4,2,2
6951218,8479741,9,9,0
7293166,7975304,4,11,-7
6472897,7782083,1,1,0
6472897,7782083,3,2,1
6472897,7782083,5,13,-8
4328127,7754068,7,7,0
4795167,5513856,1,6,-5
6388286,8659076,1,13,-12
5652626,7756290,10,6,4
5652626,7756290,12,7,5
5201554,6488316,1,9,-8
5201554,6488316,8,7,1
7332135,8178064,3,6,-3
7332135,8178064,8,3,5
5485057,7102298,4,1,3
4093806,6136042,13,9,4
4221882,4487871,1,7,-6
6514693,8084203,12,1,11
5399167,6228059,1,2,-1
6187666,7294580,6,9,-3
6187666,7294580,9,12,-3
5623568,7058245,2,4,-2
5623568,7058245,12,3,9
4275423,6386452,2,8,-6
4816263,7351740,3,12,-9
4360618,6204315,4,2,2
5086374,6556863,4,2,2
4356473,7672499,3,2,1
6144668,7564789,1,6,-5
6144668,7564789,11,11,0
4748371,6278232,1,1,0
4748371,6278232,2,2,0
4748371,6278232,12,5,7
4748371,6278232,13,6,7
4007049,4981823,6,1,5
4007049,4981823,9,3,6
5226593,6547153,1,4,-3
5226593,6547153,9,1,8
6537981,7511030,3,6,-3
6537981,7511030,4,7,-3
5282860,8337650,2,2,0
5569186,7946984,1,9,-8
5569186,7946984,3,4,-1
5601546,6551294,10,4,6
4050084,4754322,1,10,-9
4050084,4754322,4,1,3
4050084,4754322,8,8,0
4050084,4754322,11,4,7
5336229,8292921,2,6,-4
5336229,8292921,8,12,-4
6909421,8284161,3,11,-8
6909421,8284161,4,12,-8
6909421,8284161,5,1,4
6909421,8284161,9,3,6
6473960,8274758,2,6,-4
5567982,7723850,2,5,-3
5567982,7723850,10,9,1
5527430,6077394,1,10,-9
5527430,6077394,2,2,0
5527430,6077394,4,1,3
5527430,6077394,13,3,10
5173055,7120999,5,3,2
5173055,7120999,7,12,-5
6136685,6633076,11,7,4
5254178,7638705,3,5,-2
5254178,7638705,5,1,4
5254178,7638705,7,3,4
5254178,7638705,11,8,3
5254178,7638705,12,9,3
6911881,8330558,4,2,2
6911881,8330558,13,8,5
4222200,7681360,1,3,-2
4222200,7681360,2,1,1
4222200,7681360,3,4,-1
4222200,7681360,5,5,0
4222200,7681360,13,2,11
7231430,8145837,5,6,-1
7107271,7725467,1,4,-3
7107271,7725467,2,7,-5
4910700,5151970,2,2,0
4910700,5151970,8,5,3
4786004,5383620,2,2,0
4786004,5383620,4,5,-1
4786004,5383620,8,1,7
6636587,7245714,5,8,-3
7214555,8610152,1,9,-8
6141901,8162999,6,3,3
7527684,7704311,1,3,-2
7527684,7704311,2,1,1
7527684,7704311,6,12,-6
7527684,7704311,12,6,6
4031702,4311011,4,1,3
4031702,4311011,6,8,-2
4031702,4311011,8,11,-3
4031702,4311011,10,7,3
6343138,8391541,2,4,-2
6343138,8391541,4,8,-4
5529192,8191720,1,2,-1
5529192,8191720,2,4,-2
5529192,8191720,3,13,-10
4932938,5501669,6,12,-6
5269891,7835777,2,6,-4
5269891,7835777,8,10,-2
5269891,7835777,13,3,10
6429724,6914823,13,7,6
5582935,7468224,1,11,-10
5582935,7468224,4,12,-8
5582935,7468224,8,2,6
6906352,8395165,3,4,-1
6906352,8395165,6,6,0
4716951,6330896,3,4,-1
4716951,6330896,4,9,-5
4716951,6330896,10,3,7
5592363,6366461,1,5,-4
5592363,6366461,2,4,-2
5592363,6366461,4,1,3
5592363,6366461,7,7,0
5592363,6366461,12,6,6
4288396,6155268,3,9,-6
4879755,8115622,2,3,-1
4879755,8115622,4,2,2
4879755,8115622,8,1,7
7425620,8669349,1,2,-1
7425620,8669349,10,6,4
4442950,4673099,4,2,2
4442950,4673099,5,5,0
4442950,4673099,6,6,0
4442950,4673099,8,1,7
4442950,4673099,9,4,5
7572146,8277253,2,1,1
7572146,8277253,5,2,3
4564079,5231381,11,4,7
5118802,8067386,1,5,-4
4836945,6863723,1,1,0
6490601,7624356,6,13,-7
4979500,5178134,2,9,-7
6508515,8118361,1,4,-3
4466390,5140953,7,3,4
5268569,6617604,2,1,1
5268569,6617604,4,8,-4
5268569,6617604,5,12,-7
5268569,6617604,7,6,1
4422132,5615943,3,5,-2
4422132,5615943,4,1,3
4422132,5615943,7,7,0
4422132,5615943,8,2,6
6463396,6630754,2,3,-1
6339658,7006697,3,8,-5
5656550,8659164,3,11,-8
5656550,8659164,6,5,1
4232948,4988167,3,1,2
4232948,4988167,7,3,4
6514718,8290560,1,4,-3
4607628,7059329,1,6,-5
4607628,7059329,2,11,-9
4607628,7059329,7,3,4
6183846,7455918,2,12,-10
6183846,7455918,9,2,7
6231443,8414402,1,1,0
8187959,8686511,3,5,-2
8187959,8686511,11,13,-2
8187959,8686511,13,7,6
5401313,6083476,1,8,-7
5401313,6083476,3,3,0
4357978,4987943,1,4,-3
4357978,4987943,2,5,-3
4357978,4987943,4,7,-3
4843265,6484265,11,5,6
6271963,6865013,2,2,0
6271963,6865013,4,1,3
5104792,7803550,3,13,-10
6098860,8006419,12,13,-1
5533898,8425230,4,6,-2
5533898,8425230,6,12,-6
4813834,4995777,2,9,-7
4813834,4995777,4,2,2
4813834,4995777,6,4,2
4813834,4995777,7,1,6
4813834,4995777,10,6,4
4134123,7635909,3,5,-2
5591177,8585733,2,2,0
5591177,8585733,9,12,-3
5213114,8464721,1,2,-1
5213114,8464721,2,1,1
5213114,8464721,10,6,4
5213114,8464721,12,7,5
6579319,7758619,1,12,-11
4193360,4669171,1,1,0
4193360,4669171,3,3,0
4193360,4669171,4,11,-7
4193360,4669171,7,7,0
5346783,7659031,4,9,-5
5346783,7659031,7,4,3
4673327,5257877,3,2,1
6995205,8334592,1,2,-1
6995205,8334592,4,13,-9
6995205,8334592,9,7,2
4568171,5467173,1,3,-2
4568171,5467173,13,6,7
5602112,7544364,2,2,0
5602112,7544364,11,5,6
4935146,5527982,2,2,0
4256730,6162055,7,6,1
7447144,8503282,1,1,0
7447144,8503282,2,3,-1
7447144,8503282,3,2,1
7447144,8503282,4,4,0
7447144,8503282,5,5,0
7447144,8503282,6,6,0
7447144,8503282,7,7,0
7447144,8503282,8,8,0
7447144,8503282,9,9,0
7447144,8503282,10,10,0
7447144,8503282,11,11,0
7447144,8503282,12,12,0
7447144,8503282,13,13,0
5313648,8601528,3,7,-4
6151115,7283252,2,3,-1
5597767,6972244,1,3,-2
6274020,7138045,2,1,1
6274020,7138045,6,6,0
6274020,7138045,9,7,2
7387165,8281865,7,9,-2
7387165,8281865,8,4,4
5585666,6989882,3,9,-6
5585666,6989882,4,5,-1
6412364,8350561,4,6,-2
6191692,6474117,13,6,7
5188258,8684239,6,3,3
5188258,8684239,10,1,9
6122252,7864774,7,3,4
7685061,8600877,4,8,-4
7685061,8600877,9,3,6
5281215,7387126,1,2,-1
5281215,7387126,4,6,-2
6177767,7466293,1,3,-2
6177767,7466293,7,1,6
4842832,6599631,2,3,-1
4711180,5257936,7,9,-2
4711180,5257936,8,10,-2
5008156,5330883,9,10,-1
4600918,4763291,6,3,3
4600918,4763291,10,11,-1
7102172,7922354,12,1,11
4122916,5337855,4,2,2
4122916,5337855,8,3,5
4677528,6324067,4,6,-2
4677528,6324067,5,10,-5
4677528,6324067,7,8,-1
4677528,6324067,9,7,2
6947672,7447240,5,7,-2
6886877,8608219,1,1,0
6886877,8608219,6,13,-7
6219653,7120596,9,6,3
6256882,7541821,8,2,6
6190381,7297145,1,3,-2
6190381,7297145,2,1,1
6190381,7297145,9,5,4
4485506,6574811,1,1,0
4485506,6574811,2,6,-4
4485506,6574811,4,2,2
4485506,6574811,5,8,-3
4485506,6574811,7,11,-4
5648429,7705083,2,3,-1
5219941,6277905,6,2,4
5374564,6150239,5,6,-1
6126345,7185967,2,4,-2
7288102,8496601,1,1,0
7288102,8496601,2,3,-1
7288102,8496601,8,6,2
4517763,7598441,2,2,0
4517763,7598441,8,10,-2
7176792,8018859,1,1,0
7176792,8018859,7,11,-4
7176792,8018859,11,5,6
4164025,7720682,2,7,-5
4164025,7720682,3,1,2
4164025,7720682,9,11,-2
5260961,6549555,3,8,-5
5260961,6549555,5,7,-2
5260961,6549555,8,2,6
5260961,6549555,11,3,8
7070598,8540721,2,2,0
7070598,8540721,12,5,7
4617374,5030708,10,3,7
4617374,5030708,11,13,-2
7097665,8029455,7,1,6
7169060,7717804,1,1,0
7169060,7717804,2,2,0
7169060,7717804,5,3,2
7678078,8652118,3,3,0
7678078,8652118,6,4,2
7678078,8652118,9,9,0
7678078,8652118,13,2,11
4262886,4895353,9,6,3
4187512,4555719,1,1,0
4187512,4555719,8,3,5
4187512,4555719,11,10,1
8234494,8533485,2,3,-1
8234494,8533485,6,4,2
6171970,6555863,4,8,-4
4898183,6096059,8,13,-5
4898183,6096059,13,2,11
4067254,4270430,2,2,0
4067254,4270430,9,7,2
4067254,4270430,11,9,2
4846644,6551087,12,2,10
4743926,5526029,1,5,-4
4743926,5526029,6,2,4
4743926,5526029,7,3,4
4743926,5526029,9,6,3
4743926,5526029,11,4,7
4091584,4878322,2,8,-6
4091584,4878322,4,2,2
6388591,6865231,3,7,-4
6388591,6865231,11,8,3
4924949,7350564,2,2,0
7446675,8274783,1,1,0
7446675,8274783,2,3,-1
7446675,8274783,7,5,2
4040873,4698102,8,3,5
4030121,5491520,4,2,2
6968917,8047324,13,4,9
6083762,6893611,3,11,-8
6083762,6893611,11,13,-2
3953978,5642534,2,1,1
4342539,8562300,2,8,-6
4342539,8562300,8,10,-2
6631519,7275216,1,1,0
5656296,7635490,2,3,-1
5640954,7648468,10,2,8
6876646,7633929,2,1,1
7914591,8721740,6,3,3
7914591,8721740,7,1,6
7914591,8721740,8,8,0
7914591,8721740,10,12,-2
7914591,8721740,13,9,4
6947778,7218509,2,1,1
6947778,7218509,4,6,-2
6947778,7218509,8,11,-3
7045141,8524662,10,9,1
6345291,8266266,5,7,-2
4609266,8102279,1,1,0
4609266,8102279,4,7,-3
7251281,7970345,6,13,-7
7251281,7970345,8,8,0
7251281,7970345,12,12,0
6294627,6730760,12,9,3
6440396,8323683,7,5,2
4190483,5273228,5,1,4
4374529,6540601,1,1,0
4374529,6540601,4,5,-1
4374529,6540601,6,7,-1
6508623,8439639,2,2,0
6508623,8439639,4,7,-3
6508623,8439639,6,6,0
6508623,8439639,12,9,3
6183058,7980196,3,3,0
6183058,7980196,12,5,7
6227483,7219855,6,2,4
4768785,6443860,1,3,-2
4768785,6443860,8,4,4
4183011,7250087,3,5,-2
6118648,6346161,9,9,0
4065432,4161607,1,1,0
4065432,4161607,2,3,-1
4065432,4161607,4,4,0
4065432,4161607,5,2,3
4065432,4161607,6,5,1
4065432,4161607,8,6,2
4065432,4161607,9,7,2
4065432,4161607,12,8,4
4065432,4161607,13,9,4
7214224,8172124,2,3,-1
7214224,8172124,3,8,-5
6225466,8741188,2,1,1
4664259,6949086,1,1,0
4664259,6949086,10,11,-1
5271787,6082777,1,1,0
6617135,7906118,3,5,-2
6617135,7906118,4,1,3
6617135,7906118,6,7,-1
4293192,8607782,3,2,1
4293192,8607782,4,6,-2
5425149,6212706,2,8,-6
6478729,8382654,2,3,-1
6478729,8382654,4,2,2
6478729,8382654,9,9,0
4887369,7107235,6,9,-3
4353829,4874871,2,1,1
4353829,4874871,3,2,1
4353829,4874871,6,3,3
4353829,4874871,9,10,-1
4353829,4874871,11,4,7
4386463,4680617,1,1,0
4386463,4680617,2,2,0
6394175,6918429,1,2,-1
7253429,8350316,1,11,-10
7253429,8350316,2,4,-2
4056405,4116207,4,2,2
4056405,4116207,8,5,3
5481826,5564226,3,9,-6
5481826,5564226,8,3,5
7247484,8551784,2,5,-3
7247484,8551784,4,6,-2
7247484,8551784,6,8,-2
6937164,7696869,5,1,4
6601746,7699251,1,4,-3
6601746,7699251,11,7,4
4760031,7999342,1,3,-2
4760031,7999342,9,8,1
4760031,7999342,12,2,10
4760031,7999342,13,12,1
5371415,8154261,4,1,3
5371415,8154261,7,7,0
5371415,8154261,12,4,8
6665633,7756648,1,1,0
6665633,7756648,5,5,0
6181052,7250706,1,6,-5
6575047,7250018,3,3,0
6575047,7250018,6,1,5
7576415,8022511,1,4,-3
7576415,8022511,4,9,-5
7576415,8022511,6,2,4
7576415,8022511,8,1,7
7576415,8022511,11,6,5
7576415,8022511,13,5,8
5550375,7817274,9,1,8
5211628,8002745,1,4,-3
5211628,8002745,2,1,1
5211628,8002745,3,3,0
5211628,8002745,10,2,8
5211628,8002745,12,9,3
4604876,4708001,1,3,-2
4604876,4708001,3,9,-6
4886960,6501387,1,1,0
4886960,6501387,2,13,-11
4886960,6501387,4,10,-6
4886960,6501387,5,3,2
4886960,6501387,6,11,-5
4886960,6501387,9,4,5
5073857,6522774,5,1,4
4303189,6450381,2,13,-11
4303189,6450381,4,7,-3
5611535,6413162,1,5,-4
5611535,6413162,2,3,-1
5611535,6413162,3,4,-1
5611535,6413162,4,1,3
5592936,7636955,7,8,-1
5103095,5274230,2,5,-3
5103095,5274230,5,10,-5
5103095,5274230,9,11,-2
6212416,8135548,3,1,2
6212416,8135548,4,5,-1
6212416,8135548,7,3,4
5015247,6428541,9,4,5
5559549,7930715,2,1,1
5559549,7930715,3,8,-5
5559549,7930715,4,3,1
6550420,8336502,1,1,0
6550420,8336502,5,9,-4
6550420,8336502,6,4,2
4400979,5587530,2,9,-7
4400979,5587530,12,1,11
4684211,7870666,7,3,4
3935093,6499979,8,4,4
7625345,8555881,5,7,-2
5109274,7103221,1,4,-3
5109274,7103221,3,1,2
4152432,5389627,2,3,-1
4152432,5389627,3,11,-8
7776286,8025773,2,5,-3
7776286,8025773,3,2,1
7776286,8025773,12,3,9
6622421,8276310,1,1,0
6622421,8276310,2,3,-1
6622421,8276310,3,10,-7
6622421,8276310,6,2,4
6622421,8276310,12,13,-1
4227975,8362595,8,2,6
6637049,8215065,9,9,0
6637049,8215065,10,10,0
6078031,6575240,2,3,-1
6078031,6575240,7,2,5
4288914,4910859,1,1,0
4288914,4910859,2,2,0
4288914,4910859,5,5,0
4288914,4910859,6,3,3
4979009,5598015,1,1,0
4979009,5598015,4,5,-1
4979009,5598015,5,2,3
6298183,6539154,2,2,0
5142141,7445073,6,11,-5
5142141,7445073,7,7,0
7800442,8526536,1,4,-3
7800442,8526536,5,2,3
7800442,8526536,6,1,5
5638514,8488495,4,9,-5
5638514,8488495,5,6,-1
7069349,7966389,2,6,-4
7069349,7966389,6,9,-3
7069349,7966389,11,10,1
4261608,5336155,7,9,-2
4261608,5336155,8,2,6
6958436,7498491,2,2,0
6958436,7498491,4,4,0
6958436,7498491,5,8,-3
6958436,7498491,6,3,3
6958436,7498491,7,10,-3
6958436,7498491,11,11,0
6958436,7498491,13,5,8
4830035,5275187,2,5,-3
4830035,5275187,5,8,-3
5341371,6067417,1,1,0
5341371,6067417,6,12,-6
5341371,6067417,8,11,-3
4392263,5243761,2,1,1
4392263,5243761,4,2,2
5493317,7844902,1,9,-8
5493317,7844902,4,3,1
5493317,7844902,13,4,9
5262954,6338003,12,9,3
7471399,7718948,1,1,0
7471399,7718948,13,4,9
6475411,8282714,2,9,-7
6475411,8282714,7,1,6
3941355,7690539,2,11,-9
3941355,7690539,12,6,6
6446192,8630012,12,2,10
4978889,5646488,1,4,-3
6887680,7771963,3,8,-5
6887680,7771963,4,1,3
6887680,7771963,7,5,2
6887680,7771963,9,6,3
6887680,7771963,11,2,9
6887680,7771963,12,3,9
5108680,7700707,2,2,0
4905141,5293608,3,2,1
4905141,5293608,4,3,1
4905141,5293608,11,12,-1
6951538,8512235,1,9,-8
6444672,6905813,4,13,-9
6444672,6905813,12,10,2
4134542,4356965,5,1,4
6867354,7297851,2,10,-8
6867354,7297851,5,2,3
5266491,8101720,7,3,4
6226486,8606152,2,3,-1
6226486,8606152,5,2,3
6226486,8606152,6,4,2
6226486,8606152,10,1,9
6473647,7925349,11,7,4
4595980,5185866,13,8,5
4859517,6530330,2,5,-3
4859517,6530330,3,3,0
4859517,6530330,5,4,1
4886495,5188615,1,4,-3
4886495,5188615,7,5,2
4775282,5011361,1,2,-1
4775282,5011361,4,3,1
4775282,5011361,9,11,-2
5177438,7304488,7,1,6
3967833,5244443,1,2,-1
3967833,5244443,12,4,8
5599976,8536368,11,12,-1
5198187,8114340,1,6,-5
5198187,8114340,6,5,1
5198187,8114340,12,11,1
6077733,6916745,3,3,0
6077733,6916745,11,11,0
5019096,6656156,2,4,-2
6178442,7139803,1,1,0
6178442,7139803,2,5,-3
4380692,6220145,1,1,0
4380692,6220145,10,5,5
7552400,8087033,1,2,-1
7552400,8087033,3,7,-4
7552400,8087033,5,3,2
7552400,8087033,9,11,-2
7242950,8621055,2,3,-1
7242950,8621055,4,12,-8
7242950,8621055,5,5,0
7242950,8621055,6,9,-3
5621779,7983391,2,11,-9
6322695,7731844,2,3,-1
6322695,7731844,3,5,-2
6322695,7731844,4,2,2
6322695,7731844,5,6,-1
6322695,7731844,6,7,-1
6322695,7731844,7,8,-1
6322695,7731844,8,1,7
6322695,7731844,9,9,0
6322695,7731844,10,10,0
6322695,7731844,11,11,0
6322695,7731844,12,12,0
6322695,7731844,13,13,0
4745142,7314839,1,1,0
6608514,6995591,1,2,-1
6608514,6995591,2,3,-1
4157584,8210724,3,1,2
4157584,8210724,12,3,9
5124644,5321453,2,6,-4
5383338,6578418,1,2,-1
5383338,6578418,2,1,1
5383338,6578418,3,4,-1
5190512,8029421,2,1,1
6936085,8153001,5,3,2
5060666,7090830,1,1,0
5060666,7090830,6,9,-3
6434466,6847879,1,7,-6
6434466,6847879,4,12,-8
5558627,6872187,1,3,-2
5558627,6872187,12,12,0
4708111,4873959,1,1,0
5555363,7742953,3,6,-3
5456684,8348948,1,11,-10
5296716,6855977,5,1,4
5624437,7206120,2,1,1
5624437,7206120,3,5,-2
6340190,7959203,1,1,0
5160179,5603532,7,2,5
3931668,7716842,4,1,3
3931668,7716842,13,7,6
4350372,6860519,1,12,-11
4350372,6860519,5,3,2
4350372,6860519,8,9,-1
4163824,7993552,2,1,1
4163824,7993552,4,2,2
6390259,7281616,4,4,0
6390259,7281616,11,10,1
6094578,7633914,3,4,-1
5298015,8747887,3,2,1
6301710,7840942,1,1,0
6301710,7840942,3,11,-8
5197559,8267210,4,9,-5
5197559,8267210,8,3,5
6652378,8115700,5,1,4
6652378,8115700,10,2,8
4714291,5314236,1,4,-3
4714291,5314236,9,10,-1
4714291,5314236,11,12,-1
5594206,7676993,2,4,-2
4152962,4313359,1,1,0
4152962,4313359,4,2,2
4152962,4313359,6,6,0
4152962,4313359,8,4,4
5251588,8742701,3,3,0
5251588,8742701,8,9,-1
6356197,8113425,2,4,-2
3960224,4673389,13,10,3
4900402,8211679,1,10,-9
4900402,8211679,2,12,-10
4900402,8211679,5,4,1
4900402,8211679,6,3,3
4900402,8211679,11,6,5
4900402,8211679,12,8,4
4900402,8211679,13,1,12
6311204,8666181,5,5,0
6134022,8570594,2,5,-3
6134022,8570594,4,3,1
6134022,8570594,5,9,-4
6134022,8570594,6,2,4
6134022,8570594,13,4,9
5288799,7671127,2,1,1
5288799,7671127,5,2,3
5288799,7671127,7,3,4
5288799,7671127,9,5,4
4830154,6595358,4,11,-7
4830154,6595358,8,1,7
5453166,6121497,2,12,-10
5453166,6121497,7,2,5
4363988,8040008,5,7,-2
6543880,7543915,5,8,-3
6543880,7543915,9,13,-4
5312789,8679995,3,13,-10
4837582,5387869,1,7,-6
4837582,5387869,5,1,4
4774032,7749661,3,7,-4
3993362,4414631,4,10,-6
3993362,4414631,7,1,6
3993362,4414631,10,8,2
4552808,4666770,1,6,-5
4552808,4666770,3,1,2
4552808,4666770,7,2,5
4552808,4666770,8,9,-1
5421356,6920889,2,5,-3
5421356,6920889,3,2,1
4301379,7107375,8,1,7
4298863,8169304,3,6,-3
4298863,8169304,10,3,7
6567312,7489545,5,5,0
6567312,7489545,7,13,-6
6305659,7573711,1,5,-4
6305659,7573711,4,9,-5
7413229,8256814,3,1,2
4379800,4822672,5,3,2
4379800,4822672,8,11,-3
5088202,7866343,12,12,0
5294760,6508129,2,6,-4
5294760,6508129,11,3,8
5320224,7479253,1,1,0
5320224,7479253,10,2,8
5054903,5359370,1,3,-2
5054903,5359370,3,1,2
6956925,7291840,8,3,5
6934697,7555721,6,1,5
6934697,7555721,12,13,-1
6934697,7555721,13,3,10
4826465,6093076,5,3,2
6086231,6905236,1,1,0
6086231,6905236,2,11,-9
6086231,6905236,3,3,0
6086231,6905236,4,2,2
6086231,6905236,5,5,0
6086231,6905236,7,8,-1
6086231,6905236,12,4,8
8033522,8585008,3,1,2
8033522,8585008,4,3,1
8033522,8585008,5,5,0
8033522,8585008,8,4,4
7935540,8445110,2,2,0
7935540,8445110,5,1,4
4837008,4976955,2,2,0
4837008,4976955,7,3,4
5518163,8161977,1,2,-1
5518163,8161977,3,1,2
5518163,8161977,5,10,-5
4162877,4430286,9,1,8
4597484,5326646,1,7,-6
5245256,8587238,2,1,1
5245256,8587238,7,4,3
7506267,8136047,10,1,9
5621364,8049583,1,2,-1
5621364,8049583,5,3,2
5621364,8049583,6,4,2
5329423,5636104,7,9,-2
5329423,5636104,9,2,7
6443662,7544014,5,5,0
6443662,7544014,6,9,-3
6443662,7544014,8,8,0
6443662,7544014,9,13,-4
6184146,8093638,9,3,6
5150513,5479687,1,9,-8
5150513,5479687,3,6,-3
5150513,5479687,9,1,8
6086971,7347360,1,2,-1
6086971,7347360,11,12,-1
5397747,6670217,5,6,-1
5397747,6670217,8,2,6
5075217,7374932,3,9,-6
5413830,6068037,1,13,-12
5413830,6068037,7,7,0
5413830,6068037,9,5,4
4454289,4639516,5,4,1
4386883,8506229,6,7,-1
4386883,8506229,13,5,8
5570841,6244525,2,9,-7
5570841,6244525,3,4,-1
5570841,6244525,5,3,2
4254473,4413319,1,1,0
4254473,4413319,2,8,-6
4254473,4413319,4,4,0
4254473,4413319,6,3,3
4254473,4413319,10,9,1
6252254,6429583,2,3,-1
6252254,6429583,3,11,-8
6252254,6429583,4,2,2
6252254,6429583,7,1,6
6252254,6429583,13,4,9
3974473,6377515,1,1,0
4237340,6513622,1,6,-5
4237340,6513622,3,3,0
4237340,6513622,13,9,4
4013396,7322198,2,5,-3
4013396,7322198,4,13,-9
4013396,7322198,5,3,2
4013396,7322198,6,7,-1
4013396,7322198,7,9,-2
5524249,7114086,4,6,-2
5524249,7114086,12,3,9
6279731,8359995,1,9,-8
6279731,8359995,2,3,-1
6279731,8359995,6,7,-1
6193363,6478417,1,1,0
6193363,6478417,4,6,-2
6193363,6478417,8,10,-2
6483438,8100568,1,1,0
6483438,8100568,2,7,-5
6483438,8100568,4,3,1
6483438,8100568,5,2,3
6483438,8100568,6,6,0
6483438,8100568,8,5,3
6483438,8100568,13,11,2
4931036,5342303,1,4,-3
4931036,5342303,3,6,-3
4931036,5342303,8,11,-3
6351770,7689441,1,1,0
5022979,6537429,3,6,-3
5022979,6537429,13,9,4
6239501,8327559,1,13,-12
6239501,8327559,9,2,7
4229016,6070907,2,1,1
4229016,6070907,3,2,1
4229016,6070907,4,3,1
5243790,6949012,1,4,-3
5243790,6949012,5,11,-6
6295241,6865129,5,3,2
6295241,6865129,13,1,12
4950028,5031968,2,4,-2
4950028,5031968,8,9,-1
4950028,5031968,11,11,0
4950028,5031968,12,3,9
5239075,5635197,11,13,-2
4050956,4270691,1,3,-2
4050956,4270691,4,7,-3
4050956,4270691,6,1,5
4050956,4270691,12,6,6
4418868,5267582,1,5,-4
4418868,5267582,2,2,0
4418868,5267582,4,13,-9
4418868,5267582,7,9,-2
6132363,8326421,11,5,6
4891160,6964943,2,3,-1
4891160,6964943,6,2,4
4891160,6964943,8,9,-1
6266740,7065610,2,8,-6
6266740,7065610,3,1,2
6266740,7065610,4,4,0
4100390,8389900,3,1,2
5640139,6958611,4,8,-4
5640139,6958611,5,2,3
4685076,5159686,2,5,-3
4685076,5159686,7,11,-4
4459034,6628571,1,4,-3
4459034,6628571,2,6,-4
7682949,8188402,1,1,0
7682949,8188402,2,7,-5
7682949,8188402,9,4,5
6251134,7892274,1,4,-3
6251134,7892274,6,6,0
4827911,7824400,6,3,3
4827911,7824400,12,8,4
5576474,7868231,2,2,0
5576474,7868231,4,4,0
5576474,7868231,5,8,-3
5576474,7868231,6,10,-4
5576474,7868231,10,11,-1
5576474,7868231,11,3,8
8068937,8716882,2,5,-3
6506216,8591594,1,1,0
6506216,8591594,9,6,3
6506216,8591594,12,4,8
4502437,4843555,12,5,7
6350274,8083766,4,9,-5
6350274,8083766,5,8,-3
6350274,8083766,9,12,-3
4209018,7300435,13,5,8
6896956,8110286,1,1,0
6896956,8110286,4,11,-7
6896956,8110286,9,3,6
6896956,8110286,11,6,5
5629055,6396631,7,3,4
5422886,6490277,1,10,-9
5422886,6490277,4,6,-2
5422886,6490277,10,1,9
4041623,4723867,5,1,4
7287068,8341513,10,4,6
5480440,8043345,1,3,-2
6089467,6511003,1,4,-3
6089467,6511003,2,9,-7
6089467,6511003,4,6,-2
6089467,6511003,6,5,1
6535858,7738568,9,12,-3
4166242,4843326,12,2,10
5190540,8721637,2,5,-3
5515631,7101184,1,2,-1
4503012,6203759,2,4,-2
4503012,6203759,7,3,4
5375691,8721231,13,10,3
6902628,8282734,1,3,-2
6902628,8282734,11,1,10
6902628,8282734,13,6,7
6555773,7705260,3,4,-1
5085193,8210156,1,1,0
5085193,8210156,3,2,1
5085193,8210156,5,12,-7
5085193,8210156,11,11,0
4759723,5153988,1,9,-8
4759723,5153988,4,1,3
4759723,5153988,7,7,0
4067407,4304409,4,1,3
4942525,5548736,1,1,0
5408115,6255166,1,2,-1
5408115,6255166,2,10,-8
5408115,6255166,3,4,-1
5408115,6255166,6,12,-6
5408115,6255166,7,9,-2
5408115,6255166,12,7,5
4569041,5241543,3,4,-1
4569041,5241543,6,5,1
7723827,8422276,3,6,-3
7324440,8095601,1,3,-2
7324440,8095601,2,2,0
6296072,7661501,2,3,-1
5519789,6442202,2,2,0
5404566,6915107,1,2,-1
5404566,6915107,2,10,-8
5404566,6915107,3,4,-1
4431004,8562558,1,6,-5
4287062,5041216,4,10,-6
4287062,5041216,5,4,1
4459441,4692570,5,9,-4
4459441,4692570,13,1,12
6195133,7265626,2,7,-5
6195133,7265626,7,4,3
6195133,7265626,10,3,7
6195133,7265626,13,11,2
5404253,7953502,7,1,6
7046221,7876489,4,2,2
7046221,7876489,6,1,5
4434472,6545653,4,3,1
4434472,6545653,10,1,9
6594329,8341628,3,13,-10
5388092,8050645,3,2,1
5388092,8050645,4,11,-7
5388092,8050645,9,4,5
5388092,8050645,13,10,3
4339376,4990564,2,1,1
5334180,6200300,5,2,3
5334180,6200300,6,6,0
4005552,7083500,1,1,0
4005552,7083500,8,3,5
7779062,8566608,2,1,1
7779062,8566608,12,7,5
7779062,8566608,13,4,9
3994471,5409193,2,2,0
4181836,6211759,1,3,-2
4181836,6211759,3,8,-5
4181836,6211759,8,4,4
4904261,7452379,7,2,5
4904261,7452379,11,5,6
7339774,7659639,1,1,0
7339774,7659639,3,12,-9
7339774,7659639,4,4,0
7119909,7289225,11,9,2
5590262,7162696,12,1,11
5143862,6555891,2,7,-5
5143862,6555891,3,2,1
5143862,6555891,6,11,-5
5143862,6555891,8,3,5
6182902,7151349,1,2,-1
6182902,7151349,6,13,-7
6182902,7151349,10,10,0
6149742,7669799,11,4,7
6311837,8235524,6,12,-6
4052620,8265223,2,2,0
4052620,8265223,3,1,2
4068985,8230836,2,3,-1
6161177,7100088,1,7,-6
6161177,7100088,2,3,-1
6161177,7100088,7,11,-4
6130254,8651111,2,10,-8
6299796,7701129,6,12,-6
5093625,5566042,1,4,-3
5093625,5566042,3,10,-7
5093625,5566042,6,11,-5
5093625,5566042,8,7,1
5093625,5566042,10,9,1
4262037,4554089,3,2,1
4262037,4554089,6,11,-5
4262037,4554089,9,10,-1
5616664,6982310,10,5,5
6533808,7951192,7,1,6
6533808,7951192,9,11,-2
5063168,5399526,2,13,-11
5063168,5399526,3,7,-4
6400568,8335082,8,7,1
4544907,8339235,10,7,3
4854322,8465425,2,9,-7
4854322,8465425,6,2,4
7363212,8370127,1,1,0
7363212,8370127,5,13,-8
7363212,8370127,9,2,7
6204499,6507016,2,6,-4
6204499,6507016,9,8,1
4945782,8272490,1,13,-12
5364127,7162958,1,13,-12
5364127,7162958,2,2,0
5364127,7162958,5,3,2
5364127,7162958,12,6,6
6165442,8722679,2,5,-3
6165442,8722679,4,8,-4
5089954,7916857,5,3,2
7583753,8050333,3,6,-3
7583753,8050333,4,9,-5
7583753,8050333,6,1,5
4575296,4795071,9,4,5
6645797,7279375,8,10,-2
4889367,7823784,7,9,-2
4375125,7846818,4,10,-6
6528485,7846896,1,3,-2
6528485,7846896,3,5,-2
6963282,7423523,4,3,1
5384592,8149482,2,2,0
5384592,8149482,9,10,-1
5384592,8149482,13,11,2
5253066,8453174,1,4,-3
5253066,8453174,5,2,3
5253066,8453174,7,9,-2
5181968,8338698,1,7,-6
5181968,8338698,7,5,2
4151319,4693935,1,5,-4
4151319,4693935,3,9,-6
5171255,6261286,11,7,4
5132262,6096841,4,2,2
5132262,6096841,5,3,2
4667971,5174589,1,1,0
4903148,5625570,1,2,-1
4903148,5625570,3,12,-9
4903148,5625570,5,6,-1
6170060,8661477,4,4,0
6122003,7365782,2,11,-9
6122003,7365782,10,10,0
5602156,8067397,5,9,-4
7913787,8376074,2,4,-2
7913787,8376074,4,11,-7
7913787,8376074,5,5,0
4350150,4895138,2,5,-3
4350150,4895138,4,2,2
4350150,4895138,6,4,2
4350150,4895138,12,8,4
4050077,4403223,1,1,0
4050077,4403223,3,2,1
4050077,4403223,5,7,-2
4050077,4403223,8,12,-4
4050077,4403223,11,8,3
6079173,7841142,1,1,0
5249598,5630656,8,3,5
4757210,5066994,8,8,0
5028487,6632882,1,2,-1
5028487,6632882,11,3,8
5028487,6632882,13,1,12
6118382,7698909,3,4,-1
4464074,7503150,1,7,-6
4464074,7503150,9,11,-2
4464074,7503150,10,5,5
4464074,7503150,11,1,10
4167303,5315679,2,1,1
4167303,5315679,3,4,-1
4167303,5315679,6,6,0
4167303,5315679,12,2,10
5335335,6523076,1,3,-2
5335335,6523076,2,5,-3
5335335,6523076,4,13,-9
5335335,6523076,10,10,0
4797880,5519698,1,4,-3
4797880,5519698,3,1,2
4797880,5519698,9,12,-3
7469157,8228181,7,1,6
4235869,6340598,4,13,-9
4300748,4840191,1,1,0
4300748,4840191,4,5,-1
4300748,4840191,8,13,-5
6660843,8043608,7,2,5
4389813,5276997,1,1,0
4389813,5276997,5,11,-6
4389813,5276997,10,2,8
5127906,8287491,1,1,0
5127906,8287491,2,4,-2
5127906,8287491,3,10,-7
5127906,8287491,4,5,-1
4380347,7201223,11,2,9
4380347,7201223,13,8,5
7030573,8186021,2,2,0
6067071,7827424,3,4,-1
6067071,7827424,6,2,4
4944725,7597681,1,1,0
4329743,5645934,4,11,-7
4329743,5645934,9,3,6
6458157,7079900,1,3,-2
6458157,7079900,6,9,-3
6458157,7079900,8,5,3
6458157,7079900,10,12,-2
5317309,7982608,4,7,-3
5317309,7982608,12,4,8
5317309,7982608,13,13,0
4012116,6947613,4,11,-7
5269316,7947058,7,3,4
5558717,6875280,1,5,-4
5558717,6875280,2,6,-4
5558717,6875280,7,4,3
5558717,6875280,13,1,12
4391465,4988144,5,10,-5
4391465,4988144,9,9,0
4924821,8578901,3,2,1
6472669,8297060,1,3,-2
7109600,7884493,1,6,-5
7109600,7884493,4,7,-3
7109600,7884493,12,1,11
6448716,8540401,4,2,2
4757823,7686817,1,4,-3
4757823,7686817,2,12,-10
4757823,7686817,3,2,1
4757823,7686817,7,3,4
6447447,8360965,1,1,0
6447447,8360965,3,4,-1
6447447,8360965,5,13,-8
6134866,7726100,2,4,-2
5383861,8157835,12,6,6
5320711,8222343,2,1,1
4873289,8575295,2,2,0
6855144,7455670,8,10,-2
6855144,7455670,12,8,4
4708908,6435702,3,4,-1
4708908,6435702,7,10,-3
4784636,5549580,2,3,-1
4784636,5549580,8,11,-3
4784636,5549580,10,2,8
6066158,7887561,4,9,-5
7149886,8332860,9,12,-3
7679022,8304678,5,2,3
7679022,8304678,8,3,5
7679022,8304678,10,4,6
7192154,8256924,4,3,1
6924772,8164037,1,13,-12
6924772,8164037,2,2,0
6924772,8164037,3,10,-7
6924772,8164037,4,5,-1
6924772,8164037,5,6,-1
6924772,8164037,9,7,2
4640365,5103924,4,3,1
4640365,5103924,7,2,5
4640365,5103924,10,1,9
4706121,6157411,3,12,-9
4706121,6157411,9,4,5
6128486,7110437,11,12,-1
5479447,8750888,3,1,2
5479447,8750888,5,3,2
4565377,6958023,2,1,1
4565377,6958023,3,2,1
5074161,5336013,8,6,2
5074161,5336013,11,1,10
4497444,8733674,1,1,0
4497444,8733674,5,11,-6
6916585,7749422,1,1,0
6916585,7749422,2,2,0
4211460,4557547,2,5,-3
7071122,8512586,4,2,2
7071122,8512586,7,1,6
7071122,8512586,12,5,7
6573313,7538159,3,5,-2
6573313,7538159,4,3,1
6573313,7538159,6,10,-4
7101935,7998545,2,5,-3
7101935,7998545,3,8,-5
7101935,7998545,4,9,-5
7101935,7998545,6,3,3
7101935,7998545,7,10,-3
7101935,7998545,8,12,-4
5068539,7026628,2,6,-4
5068539,7026628,3,1,2
5068539,7026628,4,4,0
5068539,7026628,6,2,4
5068539,7026628,12,3,9
7714212,8729356,2,2,0
7714212,8729356,3,3,0
7714212,8729356,4,4,0
7714212,8729356,5,5,0
7714212,8729356,6,6,0
7714212,8729356,7,7,0
7714212,8729356,8,8,0
7714212,8729356,9,9,0
7714212,8729356,10,10,0
7714212,8729356,11,11,0
7714212,8729356,12,12,0
7714212,8729356,13,13,0
5388173,6093927,3,7,-4
5388173,6093927,6,3,3
5388173,6093927,13,6,7
7195381,8511841,2,7,-5
7195381,8511841,4,13,-9
6635533,7791951,1,1,0
6635533,7791951,2,7,-5
6635533,7791951,7,6,1
6952662,8239170,2,4,-2
6952662,8239170,10,7,3
6493735,7086004,6,3,3
7159150,8583866,5,2,3
7159150,8583866,7,5,2
7159150,8583866,9,10,-1
4938526,6367870,1,1,0
5548709,7330188,1,1,0
5548709,7330188,3,2,1
5548709,7330188,7,4,3
4376968,5202819,2,1,1
4376968,5202819,4,11,-7
5261968,6137048,4,8,-4
6903468,7804207,1,1,0
6903468,7804207,2,3,-1
6903468,7804207,3,6,-3
7092676,7477918,10,9,1
7092676,7477918,13,13,0
5050542,7137360,3,4,-1
5050542,7137360,5,1,4
5050542,7137360,6,5,1
7185468,8256177,5,1,4
6628764,8549131,3,10,-7
4626465,5288545,3,9,-6
4394144,6231815,3,4,-1
6198299,7436170,3,4,-1
6198299,7436170,8,13,-5
6198299,7436170,11,11,0
6198299,7436170,13,8,5
4371299,7931429,1,1,0
4371299,7931429,3,3,0
4371299,7931429,6,5,1
4371299,7931429,10,8,2
5186934,6635245,11,2,9
4380234,7776016,1,1,0
4926801,7000584,1,1,0
4926801,7000584,2,3,-1
4926801,7000584,10,2,8
4020612,4757656,1,1,0
4020612,4757656,10,6,4
4915974,5354573,3,1,2
4915974,5354573,6,12,-6
7164835,8520298,12,1,11
4421724,5344625,1,3,-2
4421724,5344625,3,4,-1
4421724,5344625,5,12,-7
6231333,7980445,1,6,-5
6231333,7980445,10,3,7
4921135,6848599,2,2,0
4921135,6848599,12,7,5
4200354,6995847,7,12,-5
4200354,6995847,11,1,10
5547130,7124981,2,4,-2
5547130,7124981,5,9,-4
5547130,7124981,6,10,-4
5547130,7124981,8,12,-4
5547130,7124981,11,5,6
6186954,8216136,1,4,-3
6186954,8216136,5,8,-3
4847792,6486041,7,10,-3
6376769,7656032,8,11,-3
6376769,7656032,11,7,4
5629934,6118983,1,4,-3
5629934,6118983,3,2,1
5629934,6118983,8,10,-2
5629934,6118983,10,8,2
5629934,6118983,13,3,10
4549773,6955380,2,3,-1
4549773,6955380,10,7,3
4562216,5028647,3,9,-6
4562216,5028647,7,2,5
4562216,5028647,9,10,-1
4179304,5130125,1,1,0
4179304,5130125,6,2,4
4179304,5130125,11,11,0
5038155,5379056,4,1,3
6962296,7429311,1,1,0
6962296,7429311,2,9,-7
6962296,7429311,5,6,-1
4408194,5631634,1,2,-1
4408194,5631634,8,4,4
4408194,5631634,9,7,2
4702573,7762667,1,1,0
4702573,7762667,4,3,1
4702573,7762667,13,7,6
6189613,6336504,2,5,-3
6189613,6336504,4,2,2
6189613,6336504,5,4,1
5201101,5565011,1,2,-1
6161098,7831503,5,8,-3
6161098,7831503,11,7,4
4965135,7297393,1,7,-6
4965135,7297393,4,5,-1
4901066,5254980,13,7,6
6678474,7620322,3,7,-4
4214527,4365552,2,1,1
4214527,4365552,3,2,1
4214527,4365552,8,4,4
4214527,4365552,9,3,6
6556932,7864320,1,1,0
6556932,7864320,6,7,-1
6556932,7864320,8,2,6
6324533,7698312,8,5,3
6324533,7698312,9,13,-4
4893991,6666665,4,5,-1
4893991,6666665,7,11,-4
6865081,7092255,12,4,8
6534735,8559167,1,5,-4
6534735,8559167,2,11,-9
6534735,8559167,7,10,-3
4982971,7144057,3,10,-7
7217219,7431677,4,11,-7
5505718,7820873,1,2,-1
5505718,7820873,12,1,11
6231147,6489804,1,9,-8
6231147,6489804,6,8,-2
6488197,8632535,12,3,9
4623490,5274183,1,5,-4
4623490,5274183,6,11,-5
4623490,5274183,12,8,4
4785910,7293788,1,4,-3
4785910,7293788,7,1,6
6132464,8021428,2,10,-8
5404907,7146729,1,11,-10
5404907,7146729,2,6,-4
5404907,7146729,5,8,-3
5404907,7146729,6,1,5
5404907,7146729,8,5,3
5404907,7146729,10,7,3
5628801,7221556,2,5,-3
5628801,7221556,6,2,4
5628801,7221556,7,3,4
7244205,7753193,1,1,0
7244205,7753193,2,2,0
7244205,7753193,3,3,0
7244205,7753193,4,4,0
7244205,7753193,5,5,0
7244205,7753193,6,6,0
7244205,7753193,7,7,0
7244205,7753193,8,8,0
7244205,7753193,9,9,0
7244205,7753193,10,10,0
7244205,7753193,11,11,0
7244205,7753193,12,12,0
7244205,7753193,13,13,0
6460705,8391583,1,1,0
6460705,8391583,3,2,1
5555490,6271477,8,2,6
5555490,6271477,11,1,10
4758747,7822076,6,1,5
6899603,8500515,7,3,4
6899603,8500515,10,7,3
5267366,7146668,1,5,-4
5267366,7146668,2,1,1
5267366,7146668,7,13,-6
5267366,7146668,11,3,8
4249323,7669353,1,1,0
4249323,7669353,2,6,-4
4249323,7669353,7,2,5
5569196,8257304,2,6,-4
5248011,6464030,1,1,0
5248011,6464030,3,5,-2
5248011,6464030,5,11,-6
5248011,6464030,6,13,-7
6188428,7110664,1,6,-5
6188428,7110664,6,2,4
4835592,5477062,1,1,0
4835592,5477062,2,8,-6
4835592,5477062,3,3,0
6379357,8092494,4,5,-1
4567882,7914517,8,10,-2
6200484,8137564,1,8,-7
6200484,8137564,8,9,-1
6200484,8137564,11,13,-2
7361184,8207392,1,1,0
7361184,8207392,4,11,-7
6242578,7306919,13,2,11
3946175,4143545,1,1,0
3946175,4143545,5,12,-7
3946175,4143545,7,11,-4
6520250,7117932,1,1,0
6520250,7117932,2,4,-2
6520250,7117932,3,2,1
6520250,7117932,8,3,5
6520250,7117932,10,13,-3
5359847,8418468,1,1,0
5359847,8418468,2,8,-6
5359847,8418468,5,10,-5
5359847,8418468,8,5,3
7536462,7650317,5,5,0
7527680,8518138,6,4,2
4700684,6918384,1,1,0
4700684,6918384,8,10,-2
4700684,6918384,10,3,7
8176158,8600996,2,1,1
8176158,8600996,12,7,5
6851029,8386721,2,5,-3
6851029,8386721,10,1,9
5093184,8445392,8,11,-3
6531772,7522425,2,13,-11
5185694,8037474,3,4,-1
5421502,7431186,2,3,-1
5421502,7431186,3,6,-3
6211849,7292215,1,1,0
6211849,7292215,3,8,-5
6211849,7292215,4,2,2
6211849,7292215,6,6,0
6211849,7292215,7,3,4
6211849,7292215,8,5,3
4409249,7655265,12,11,1
5185126,5447685,1,1,0
5185126,5447685,5,3,2
6451294,6663852,1,1,0
6451294,6663852,2,2,0
6451294,6663852,3,3,0
6451294,6663852,4,4,0
6451294,6663852,5,5,0
6451294,6663852,6,6,0
6451294,6663852,7,7,0
6451294,6663852,8,8,0
6451294,6663852,9,9,0
6451294,6663852,10,10,0
6451294,6663852,11,11,0
6451294,6663852,12,12,0
6451294,6663852,13,13,0
6470279,8620397,1,10,-9
6470279,8620397,5,1,4
6470279,8620397,6,5,1
6470279,8620397,9,6,3
6618761,7809860,12,13,-1
6983288,7827164,2,2,0
6983288,7827164,3,1,2
6983288,7827164,8,5,3
6411841,7993268,2,13,-11
4628199,6380733,8,6,2
7272452,7940664,3,3,0
4009893,4429904,1,6,-5
4009893,4429904,7,3,4
4009893,4429904,8,7,1
4009893,4429904,11,1,10
6148590,7694496,1,4,-3
6148590,7694496,2,13,-11
6148590,7694496,3,1,2
6148590,7694496,5,12,-7
6148590,7694496,6,5,1
6148590,7694496,11,10,1
4776337,6428569,2,6,-4
4776337,6428569,9,3,6
4776337,6428569,11,12,-1
3979572,6861628,8,5,3
6652907,8092555,4,4,0
6652907,8092555,11,2,9
5625478,6285475,9,13,-4
4407612,8074406,4,3,1
5306311,7828852,1,12,-11
5306311,7828852,6,10,-4
4848869,5024506,1,7,-6
4848869,5024506,4,1,3
5150513,7694399,1,3,-2
5150513,7694399,4,11,-7
5150513,7694399,9,2,7
6983410,8121296,2,2,0
6449642,6957256,4,11,-7
6449642,6957256,6,8,-2
6449642,6957256,7,3,4
6449642,6957256,8,4,4
6449642,6957256,9,7,2
6449642,6957256,10,2,8
5291516,8402142,11,13,-2
5306666,7405453,5,7,-2
5306666,7405453,9,12,-3
4708122,4913126,1,1,0
4708122,4913126,7,3,4
4708122,4913126,9,7,2
7956546,8350485,1,1,0
7956546,8350485,2,2,0
7956546,8350485,3,3,0
7956546,8350485,4,4,0
7956546,8350485,5,5,0
7956546,8350485,6,6,0
7956546,8350485,7,7,0
7956546,8350485,8,8,0
7956546,8350485,9,9,0
7956546,8350485,10,10,0
7956546,8350485,11,11,0
7956546,8350485,12,12,0
7956546,8350485,13,13,0
4046483,5372452,1,1,0
4046483,5372452,6,4,2
4046483,5372452,7,2,5
4046483,5372452,8,7,1
6311269,7814536,3,4,-1
6311269,7814536,4,5,-1
6311269,7814536,11,3,8
5187151,5374620,1,1,0
5187151,5374620,3,3,0
5187151,5374620,8,2,6
5187151,5374620,13,10,3
6522312,8081822,9,2,7
6252461,7620129,1,5,-4
6252461,7620129,6,10,-4
6252461,7620129,13,2,11
6069636,7120297,2,2,0
6288680,6885880,1,5,-4
6288680,6885880,13,9,4
4632860,5492751,5,9,-4
4632860,5492751,12,10,2
4347299,4436411,1,1,0
4347299,4436411,7,13,-6
6275186,8023961,5,2,3
5484047,6083342,6,5,1
7668939,8285811,2,4,-2
7668939,8285811,3,1,2
6846703,7576362,1,3,-2
6846703,7576362,4,8,-4
6846703,7576362,6,7,-1
4205679,6308339,5,1,4
7134550,8235915,9,4,5
4537468,5481640,10,5,5
5628135,8296988,4,2,2
5524253,6205579,1,10,-9
6601761,7213750,2,9,-7
7167910,7974983,1,9,-8
5561752,6618048,1,7,-6
5561752,6618048,13,1,12
5032116,7736342,1,5,-4
5032116,7736342,11,1,10
5083854,5239322,1,2,-1
5083854,5239322,4,3,1
5083854,5239322,5,4,1
6636504,6958988,6,5,1
5575861,8671630,1,1,0
5575861,8671630,2,9,-7
5575861,8671630,3,5,-2
5575861,8671630,9,7,2
5575861,8671630,11,6,5
6461305,7647084,2,13,-11
6461305,7647084,3,11,-8
6555005,8268176,1,1,0
6555005,8268176,7,9,-2
6641349,8109407,5,5,0
4152686,6493907,2,2,0
6594783,8448146,5,5,0
4083245,7703532,2,2,0
6435028,7671432,3,1,2
6435028,7671432,9,2,7
5412776,7539945,1,1,0
5412776,7539945,8,4,4
5412776,7539945,11,7,4
4747359,6386930,3,12,-9
4747359,6386930,6,5,1
4042726,7713812,1,4,-3
4042726,7713812,2,5,-3
4042726,7713812,3,1,2
4042726,7713812,5,10,-5
5388211,8271778,1,4,-3
5388211,8271778,7,12,-5
5388211,8271778,8,3,5
5428499,8572840,2,3,-1
5428499,8572840,6,5,1
5428499,8572840,13,13,0
7159459,7824945,4,9,-5
7159459,7824945,10,11,-1
6170818,7051928,1,3,-2
6301993,6918316,1,1,0
6301993,6918316,5,3,2
6301993,6918316,8,6,2
4627435,5000752,4,6,-2
5193996,6602486,1,2,-1
5193996,6602486,3,3,0
5113685,7717943,10,3,7
5490505,8634889,7,1,6
5490505,8634889,10,2,8
5490505,8634889,11,8,3
5490505,8634889,13,4,9
7237226,7437712,1,10,-9
7237226,7437712,6,12,-6
4384442,7490449,3,4,-1
4384442,7490449,4,9,-5
4929229,8070716,2,2,0
4832458,6262833,1,3,-2
4985962,5311824,2,4,-2
6946999,7400299,2,1,1
6946999,7400299,3,5,-2
6946999,7400299,6,2,4
5234226,7445297,1,1,0
4683474,5302955,12,1,11
4893297,7495862,13,12,1
5294482,6417121,4,2,2
5294482,6417121,5,3,2
5294482,6417121,6,5,1
5294482,6417121,10,12,-2
5294482,6417121,13,13,0
6382125,7141350,1,8,-7
6382125,7141350,4,1,3
4574105,6534426,6,7,-1
4574105,6534426,9,10,-1
4574105,6534426,13,6,7
5057161,5484490,3,1,2
6256437,6663295,3,6,-3
6256437,6663295,4,4,0
4078799,8545284,1,2,-1
4078799,8545284,2,6,-4
4078799,8545284,4,11,-7
4078799,8545284,5,9,-4
4078799,8545284,6,7,-1
7871264,8689779,1,1,0
6119309,6944914,12,2,10
4128700,6989208,1,2,-1
4128700,6989208,4,6,-2
4128700,6989208,6,3,3
6847966,8086620,2,7,-5
6209059,7971021,4,3,1
6209059,7971021,5,7,-2
6209059,7971021,9,6,3
6365316,7041420,1,1,0
6365316,7041420,6,11,-5
5151859,7908032,1,5,-4
5151859,7908032,2,2,0
5151859,7908032,13,6,7
4435283,4634517,1,7,-6
4435283,4634517,3,5,-2
4435283,4634517,4,11,-7
4435283,4634517,7,13,-6
4435283,4634517,8,3,5
4435283,4634517,9,2,7
4435283,4634517,11,8,3
5070108,7758858,1,5,-4
5070108,7758858,4,1,3
5354319,6893395,3,12,-9
5354319,6893395,4,3,1
7266376,7903001,1,2,-1
7266376,7903001,2,3,-1
7266376,7903001,8,13,-5
4539702,6072896,1,2,-1
4539702,6072896,3,3,0
5346595,6488817,2,2,0
6439103,7686085,7,1,6
6245121,7156999,9,7,2
5065326,8132345,1,13,-12
5065326,8132345,7,6,1
5065326,8132345,13,12,1
6535164,7725256,3,2,1
6169734,6463299,6,4,2
6169734,6463299,7,8,-1
6958692,8554477,1,1,0
6958692,8554477,6,9,-3
6958692,8554477,13,6,7
6083217,8277495,5,9,-4
6249712,7647208,12,9,3
5244810,7135342,1,1,0
5244810,7135342,9,4,5
4163673,4681910,7,10,-3
6388399,8331794,6,13,-7
6388399,8331794,12,6,6
6071871,6903059,5,9,-4
6071871,6903059,6,1,5
6071871,6903059,7,10,-3
6071871,6903059,9,3,6
6357038,7370066,2,1,1
6357038,7370066,3,7,-4
7523098,8275755,1,1,0
7523098,8275755,2,2,0
7523098,8275755,3,3,0
7523098,8275755,4,4,0
7523098,8275755,5,5,0
7523098,8275755,6,6,0
7523098,8275755,7,7,0
7523098,8275755,8,8,0
7523098,8275755,9,9,0
7523098,8275755,10,10,0
7523098,8275755,11,11,0
7523098,8275755,12,12,0
7523098,8275755,13,13,0
4826900,5094806,9,5,4
4826900,5094806,12,13,-1
6850573,8503559,7,4,3
7724776,8688979,2,11,-9
7724776,8688979,7,7,0
4908253,7901758,1,6,-5
4105371,7475627,2,5,-3
4105371,7475627,7,1,6
6160476,7242287,1,2,-1
6160476,7242287,5,1,4
6160476,7242287,8,10,-2
6160476,7242287,12,8,4
5150388,7872521,2,4,-2
5150388,7872521,3,8,-5
4634710,6521256,13,4,9
6580869,8265462,5,4,1
6580869,8265462,6,11,-5
6580869,8265462,7,3,4
4222535,8674263,5,3,2
4564361,7462171,6,8,-2
4564361,7462171,8,10,-2
4564361,7462171,11,13,-2
4564361,7462171,12,4,8
6629158,7685462,5,9,-4
5530759,6519351,1,1,0
5530759,6519351,10,12,-2
4493321,5304189,3,2,1
4493321,5304189,4,1,3
4493321,5304189,6,5,1
4493321,5304189,7,4,3
4493321,5304189,9,3,6
4493321,5304189,10,6,4
5251147,6519743,3,6,-3
5251147,6519743,11,9,2
6128720,8131975,1,5,-4
5411618,6315022,2,2,0
6391740,7335545,3,13,-10
7496409,7894915,5,4,1
7496409,7894915,9,3,6
7496409,7894915,13,13,0
6900383,8110902,2,5,-3
6900383,8110902,3,3,0
4021240,5350669,6,2,4
4417559,5251583,2,2,0
4417559,5251583,6,1,5
4121863,5425560,1,2,-1
4121863,5425560,3,6,-3
6947947,7676281,4,10,-6
6458468,8173265,1,1,0
7311752,8678201,1,10,-9
6011042,6541015,10,11,-1
5317553,7120710,1,1,0
5317553,7120710,6,8,-2
5317553,7120710,8,2,6
4382077,4536498,4,10,-6
6411501,7116386,1,4,-3
6411501,7116386,4,2,2
4724326,7505145,4,2,2
5643111,6379263,1,1,0
5643111,6379263,4,2,2
5643111,6379263,5,11,-6
5643111,6379263,9,9,0
5643111,6379263,10,6,4
4608096,5289031,6,2,4
4608096,5289031,9,7,2
6285317,8121641,3,4,-1
4214884,4397665,6,3,3
5192626,6444564,4,2,2
6469317,8421135,10,1,9
6469317,8421135,12,10,2
4929339,7666278,1,2,-1
4929339,7666278,2,11,-9
4929339,7666278,4,1,3
5183289,5382047,2,9,-7
4058573,5585517,1,2,-1
4058573,5585517,3,3,0
4058573,5585517,6,1,5
5204155,7096642,5,2,3
5204155,7096642,8,1,7
5005572,8062902,7,5,2
5197474,6879157,3,5,-2
5197474,6879157,7,7,0
7417564,8441449,4,11,-7
7417564,8441449,10,7,3
7417564,8441449,13,12,1
4662552,5022575,1,1,0
4662552,5022575,2,2,0
4662552,5022575,8,4,4
7136762,7679327,1,7,-6
7136762,7679327,3,3,0
7136762,7679327,6,2,4
7136762,7679327,11,8,3
4992606,5258566,1,3,-2
4992606,5258566,2,5,-3
4992606,5258566,3,1,2
4992606,5258566,6,4,2
4992606,5258566,7,8,-1
4992606,5258566,9,9,0
4992606,5258566,12,10,2
4992606,5258566,13,11,2
6069288,6495609,4,3,1
5102040,6072397,2,5,-3
5102040,6072397,4,4,0
5102040,6072397,6,1,5
5102040,6072397,9,3,6
6190494,7112122,2,5,-3
6190494,7112122,3,2,1
6190494,7112122,4,6,-2
6190494,7112122,12,12,0
6190494,7112122,13,13,0
3942531,4745920,9,1,8
3942531,4745920,11,2,9
7158654,8094869,8,4,4
6516318,7293052,2,10,-8
4821959,8100603,5,13,-8
4821959,8100603,11,6,5
6086527,8485961,1,6,-5
4894063,6997941,9,12,-3
5483099,6853559,5,4,1
5483099,6853559,7,1,6
5483099,6853559,11,2,9
4704959,5271317,1,4,-3
4704959,5271317,3,1,2
4704959,5271317,12,13,-1
4388831,5333502,1,3,-2
5484463,5618319,7,4,3
5484463,5618319,8,11,-3
5484463,5618319,9,13,-4
6147791,6970154,8,4,4
5434565,7706743,6,2,4
6391643,8456301,1,1,0
6391643,8456301,11,3,8
6310897,6952432,1,1,0
6310897,6952432,2,2,0
6310897,6952432,3,4,-1
6310897,6952432,4,5,-1
6310897,6952432,5,3,2
6310897,6952432,6,7,-1
6310897,6952432,7,6,1
6310897,6952432,8,8,0
6310897,6952432,9,10,-1
6310897,6952432,10,11,-1
6310897,6952432,11,12,-1
6310897,6952432,12,13,-1
4335431,4665491,3,3,0
4335431,4665491,6,10,-4
6530099,8001822,12,13,-1
6496803,8341513,2,7,-5
6518949,7173752,1,4,-3
7449631,7750240,1,3,-2
7449631,7750240,2,2,0
7449631,7750240,3,9,-6
7449631,7750240,5,10,-5
7449631,7750240,7,8,-1
7449631,7750240,8,1,7
7449631,7750240,12,7,5
5483642,6519667,2,7,-5
5483642,6519667,6,11,-5
4013168,6550227,7,3,4
4819094,5001583,3,2,1
4819094,5001583,4,3,1
4819094,5001583,10,1,9
4139004,8551075,6,7,-1
5597491,6234402,4,3,1
5597491,6234402,11,6,5
4292022,4412808,12,2,10
5640151,7164380,3,1,2
5487889,8747887,1,1,0
5487889,8747887,6,2,4
5487889,8747887,8,6,2
5487889,8747887,13,12,1
6841844,7157370,3,11,-8
6841844,7157370,8,2,6
6205312,6600891,9,3,6
5018391,5641914,1,4,-3
5018391,5641914,3,3,0
5018391,5641914,11,9,2
4763239,5087859,1,2,-1
4763239,5087859,5,13,-8
5429786,7425122,1,3,-2
5429786,7425122,2,1,1
5429786,7425122,7,7,0
5359258,7624566,3,1,2
5359258,7624566,6,12,-6
5359258,7624566,13,10,3
6321823,8113475,1,1,0
6321823,8113475,4,3,1
6321823,8113475,11,6,5
5580756,7439230,13,4,9
7759406,8357261,1,2,-1
7759406,8357261,2,5,-3
7759406,8357261,5,4,1
7759406,8357261,7,1,6
4187128,8384506,5,1,4
4668338,5378648,1,1,0
4668338,5378648,11,10,1
4248524,4564287,3,5,-2
4248524,4564287,5,8,-3
6873313,7969389,5,2,3
4920503,6377861,11,10,1
5569304,8425426,9,3,6
6636737,7206297,3,12,-9
6636737,7206297,6,2,4
6636737,7206297,7,3,4
6193560,7724204,10,2,8
5222481,5343843,8,5,3
6389115,7724880,6,2,4
6389115,7724880,11,1,10
4309931,5226404,3,3,0
5477263,8630306,1,12,-11
5477263,8630306,2,2,0
5356651,7132119,2,10,-8
5356651,7132119,5,3,2
6096307,6991811,1,2,-1
4111329,8528770,2,5,-3
4111329,8528770,5,10,-5
4111329,8528770,11,3,8
4111329,8528770,13,1,12
7156627,8415854,11,12,-1
6665817,8205124,8,4,4
5483261,8259078,2,1,1
6062887,7305535,1,1,0
4555548,7105613,1,12,-11
6085639,7654194,1,10,-9
6085639,7654194,2,4,-2
6085639,7654194,3,1,2
6625581,7343625,2,1,1
6625581,7343625,6,12,-6
6625581,7343625,11,7,4
4209872,4872768,3,7,-4
4023469,4157057,2,1,1
4023469,4157057,11,11,0
5126895,6621652,5,9,-4
5126895,6621652,8,2,6
6400610,8686490,2,1,1
6400610,8686490,8,13,-5
6400610,8686490,10,12,-2
6343138,8280101,3,2,1
6343138,8280101,12,1,11
7204592,7762675,3,2,1
7204592,7762675,5,10,-5
4162185,6074957,7,1,6
5145499,6582489,9,9,0
5145499,6582489,10,5,5
4679154,8282002,2,2,0
4679154,8282002,6,7,-1
3994013,4321619,2,2,0
3994013,4321619,3,1,2
3994013,4321619,4,13,-9
3994013,4321619,7,9,-2
5142389,5345322,1,6,-5
5142389,5345322,2,7,-5
5142389,5345322,3,1,2
3935501,7098588,4,1,3
3935501,7098588,9,8,1
3935501,7098588,10,4,6
3935501,7098588,12,6,6
6229133,7218350,4,7,-3
6229133,7218350,9,2,7
6229133,7218350,12,4,8
6525949,8339183,1,3,-2
6525949,8339183,3,2,1
6525949,8339183,4,6,-2
6525949,8339183,7,5,2
6525949,8339183,8,9,-1
6520857,7753373,8,4,4
6487028,7684948,13,6,7
4373006,4923719,1,6,-5
4373006,4923719,2,2,0
4373006,4923719,3,3,0
4373006,4923719,4,13,-9
7054493,8385424,2,5,-3
7054493,8385424,11,2,9
5390578,6137039,3,8,-5
6527774,6890333,1,2,-1
6527774,6890333,8,13,-5
6527774,6890333,9,7,2
6527774,6890333,13,5,8
5129797,6460450,11,2,9
5625915,6418580,1,1,0
5625915,6418580,2,8,-6
5625915,6418580,4,2,2
4818468,6567492,8,2,6
4818468,6567492,11,1,10
4818468,6567492,13,6,7
4156046,4863801,12,1,11
6615871,7334605,1,2,-1
4101960,4344134,1,7,-6
4101960,4344134,2,5,-3
4101960,4344134,6,6,0
6900461,7674650,1,1,0
6900461,7674650,4,2,2
6900461,7674650,5,12,-7
6900461,7674650,6,11,-5
6900461,7674650,8,4,4
6900461,7674650,10,9,1
6900461,7674650,11,5,6
6156742,8381733,1,1,0
6285105,6552463,12,11,1
5290726,6461930,2,1,1
5290726,6461930,3,9,-6
5290726,6461930,5,4,1
5493332,7898571,1,11,-10
5493332,7898571,3,6,-3
4155627,7729026,5,2,3
5089082,7655089,7,12,-5
5358993,7914855,7,3,4
4143819,4955960,2,7,-5
4143819,4955960,3,4,-1
4143819,4955960,5,6,-1
4264156,4543146,4,1,3
4264156,4543146,6,13,-7
4264156,4543146,9,3,6
5205568,6860523,3,1,2
5205568,6860523,10,6,4
4214749,5336133,6,12,-6
5085276,7510000,4,1,3
5085276,7510000,8,6,2
7578833,8097024,1,2,-1
4314288,8665012,5,4,1
4314288,8665012,9,1,8
4279883,7105143,1,1,0
4279883,7105143,2,2,0
4279883,7105143,9,3,6
6454300,8408584,1,1,0
6454300,8408584,2,6,-4
6454300,8408584,6,7,-1
5646982,7640306,1,1,0
5646982,7640306,5,6,-1
4717874,5260651,7,6,1
5524320,7370386,13,7,6
5411077,8215377,2,6,-4
5411077,8215377,3,11,-8
5411077,8215377,6,9,-3
4997084,6361751,3,2,1
4997084,6361751,4,5,-1
4997084,6361751,5,8,-3
5300022,8439878,5,6,-1
7446207,7569704,5,1,4
7446207,7569704,8,8,0
7446207,7569704,11,12,-1
5554497,8465970,4,3,1
4998495,7674275,7,8,-1
7134057,7808848,6,1,5
7134057,7808848,7,7,0
6286206,8119206,11,6,5
6639594,7630002,2,1,1
6639594,7630002,3,7,-4
6639594,7630002,6,10,-4
6639594,7630002,13,3,10
6377444,7110802,3,7,-4
6377444,7110802,6,11,-5
6377444,7110802,8,9,-1
4560635,8092963,5,2,3
5307297,6539362,2,7,-5
5307297,6539362,10,11,-1
4178511,4637040,1,3,-2
4407424,4981256,1,1,0
4403876,4465387,1,6,-5
4403876,4465387,2,5,-3
4191467,4664509,4,1,3
4191467,4664509,6,13,-7
4191467,4664509,8,8,0
4442503,4620288,4,12,-8
6551989,7700547,1,1,0
6551989,7700547,2,2,0
6551989,7700547,3,3,0
6551989,7700547,4,4,0
6551989,7700547,5,5,0
6551989,7700547,6,6,0
6551989,7700547,7,7,0
6551989,7700547,8,8,0
6551989,7700547,9,9,0
6551989,7700547,10,10,0
6551989,7700547,11,11,0
6551989,7700547,12,12,0
6551989,7700547,13,13,0
4715267,8601994,1,4,-3
4715267,8601994,2,1,1
4301508,5050113,7,12,-5
4301508,5050113,11,9,2
6564204,7143107,3,5,-2
6564204,7143107,9,8,1
5154256,6547223,2,2,0
6484046,8543184,1,5,-4
6484046,8543184,3,13,-10
7188567,7845278,3,10,-7
7188567,7845278,10,13,-3
4006404,4388588,1,9,-8
4006404,4388588,6,2,4
6563022,7709706,1,2,-1
6563022,7709706,3,4,-1
4798746,8017720,8,4,4
4695053,8020866,3,11,-8
4695053,8020866,4,8,-4
4695053,8020866,5,2,3
4695053,8020866,12,4,8
5487726,7763203,5,8,-3
5282822,7731668,1,10,-9
4699159,5538021,3,6,-3
4699159,5538021,7,1,6
7604052,7793722,1,5,-4
7604052,7793722,2,7,-5
7604052,7793722,13,2,11
4942356,7712669,2,1,1
5491330,7997489,12,12,0
5132633,6144242,1,10,-9
5132633,6144242,3,7,-4
5390027,8424038,3,10,-7
5581630,6483930,5,7,-2
5581630,6483930,7,1,6
5581630,6483930,8,6,2
3951339,4569020,1,8,-7
3951339,4569020,4,10,-6
3951339,4569020,5,1,4
5282479,7846133,1,3,-2
6637524,7358725,13,9,4
5148520,6504544,4,5,-1
6338985,8241966,5,11,-6
6338985,8241966,7,2,5
4437820,6544014,1,1,0
4437820,6544014,4,2,2
4437820,6544014,7,9,-2
4437820,6544014,10,8,2
4437820,6544014,11,5,6
4437820,6544014,12,6,6
6587867,7649987,5,13,-8
5562737,8430916,4,8,-4
6600105,8410369,7,7,0
5426750,7444493,1,2,-1
5426750,7444493,4,4,0
5426750,7444493,8,1,7
5618067,7591103,1,10,-9
5618067,7591103,2,8,-6
5618067,7591103,4,3,1
5618067,7591103,5,1,4
5410641,8363262,7,1,6
4020810,6178952,3,11,-8
4020810,6178952,5,13,-8
4020810,6178952,9,2,7
5363473,7277900,4,2,2
5363473,7277900,13,8,5
6138210,6336167,2,1,1
7437669,8677328,4,1,3
8241223,8702627,8,2,6
6333681,6472799,1,2,-1
6333681,6472799,2,4,-2
6333681,6472799,5,8,-3
6333681,6472799,7,3,4
6333681,6472799,8,5,3
6333681,6472799,9,10,-1
6333681,6472799,10,11,-1
4398426,7544165,7,3,4
4398426,7544165,8,1,7
5222623,8272525,3,4,-1
5222623,8272525,4,8,-4
5222623,8272525,5,3,2
5222623,8272525,10,6,4
5222623,8272525,12,9,3
4751821,7117673,3,7,-4
4123590,8722795,7,2,5
7373133,8362745,1,2,-1
7255696,8161977,3,4,-1
7255696,8161977,6,2,4
5385285,6119908,2,4,-2
5385285,6119908,7,7,0
5385285,6119908,11,12,-1
7209605,8478092,1,10,-9
7209605,8478092,10,9,1
4622480,4710647,7,12,-5
4794660,7111338,2,3,-1
4794660,7111338,6,8,-2
7157960,8035368,2,7,-5
7157960,8035368,6,8,-2
7157960,8035368,7,12,-5
7157960,8035368,10,13,-3
4126396,4794258,3,3,0
4126396,4794258,4,11,-7
5575285,8509869,1,2,-1
5575285,8509869,3,1,2
5575285,8509869,5,3,2
6915165,8696543,1,1,0
6915165,8696543,7,9,-2
6317726,8577770,1,5,-4
5265670,5563768,4,1,3
5265670,5563768,6,2,4
4664456,5228865,2,2,0
4664456,5228865,13,13,0
6174510,7632475,1,12,-11
6174510,7632475,3,2,1
6174510,7632475,11,1,10
6333532,7085153,13,7,6
5361193,7261439,5,13,-8
5361193,7261439,9,4,5
5013658,7615685,2,5,-3
7432331,8227555,1,1,0
7432331,8227555,2,2,0
7432331,8227555,3,3,0
7432331,8227555,4,5,-1
7432331,8227555,5,6,-1
7432331,8227555,6,7,-1
7432331,8227555,7,8,-1
7432331,8227555,8,9,-1
7432331,8227555,9,10,-1
7432331,8227555,10,11,-1
7432331,8227555,11,12,-1
7432331,8227555,12,13,-1
4023292,4855171,3,12,-9
4023292,4855171,8,10,-2
4042026,8238730,3,8,-5
7074062,8035958,9,13,-4
7011662,8287538,5,1,4
4923792,5492804,1,1,0
5185610,6091816,12,9,3
6324735,7124478,8,2,6
6324735,7124478,9,11,-2
6966929,8540751,2,4,-2
6522228,6847000,8,9,-1
6522228,6847000,10,3,7
4714681,6291161,8,13,-5
7838193,8518625,1,4,-3
7838193,8518625,5,1,4
7838193,8518625,11,2,9
4502151,4783656,5,2,3
4502151,4783656,7,1,6
7170424,7866386,7,6,1
5396506,7729566,1,9,-8
5396506,7729566,4,5,-1
5396506,7729566,5,12,-7
5396506,7729566,10,3,7
4824689,7115273,8,9,-1
4824689,7115273,12,13,-1
3944230,7036818,2,1,1
3944230,7036818,3,9,-6
3944230,7036818,7,7,0
4685909,6521241,6,4,2
5282861,6066176,5,2,3
5277868,8201314,1,2,-1
5277868,8201314,3,1,2
4353160,6962613,9,8,1
6304969,6618810,2,4,-2
5578433,7037641,1,2,-1
5578433,7037641,2,3,-1
5578433,7037641,3,4,-1
5108753,5496552,1,1,0
5108753,5496552,2,2,0
5108753,5496552,3,3,0
5108753,5496552,4,4,0
5108753,5496552,5,5,0
5108753,5496552,6,6,0
5108753,5496552,7,7,0
5108753,5496552,8,8,0
5108753,5496552,9,9,0
5108753,5496552,10,10,0
5108753,5496552,11,11,0
5108753,5496552,12,12,0
5108753,5496552,13,13,0
6190344,7175603,4,8,-4
7448160,7946077,1,4,-3
7448160,7946077,4,6,-2
7448160,7946077,5,3,2
4806135,4932987,1,1,0
4806135,4932987,3,8,-5
4806135,4932987,12,9,3
4289033,8490490,1,12,-11
4289033,8490490,2,1,1
4289033,8490490,4,2,2
4289033,8490490,5,5,0
7657470,8494895,7,4,3
4666149,5447480,5,4,1
5353964,7677402,1,2,-1
5353964,7677402,2,7,-5
5353964,7677402,7,11,-4
4194571,4643260,2,5,-3
4194571,4643260,3,12,-9
4230829,6635724,2,2,0
4230829,6635724,3,4,-1
6647876,7819057,1,2,-1
6647876,7819057,4,1,3
6647876,7819057,5,10,-5
6647876,7819057,11,11,0
6148150,7292270,2,1,1
6148150,7292270,3,3,0
6148150,7292270,4,2,2
6148150,7292270,5,6,-1
6148150,7292270,7,5,2
4106390,6523451,1,11,-10
4106390,6523451,4,9,-5
4106390,6523451,6,10,-4
4106390,6523451,9,6,3
4939731,7606287,1,13,-12
3932578,5597488,5,1,4
3932578,5597488,13,13,0
6545758,8570635,9,6,3
4661202,4825278,2,3,-1
4661202,4825278,5,9,-4
4661202,4825278,9,6,3
6893533,8092638,6,5,1
6893533,8092638,7,6,1
6893533,8092638,8,8,0
6916802,8389517,4,5,-1
6367412,7938855,3,6,-3
7797609,8208304,3,10,-7
7797609,8208304,9,9,0
4814688,6861831,2,1,1
4814688,6861831,4,3,1
4814688,6861831,6,4,2
4284402,5333597,1,1,0
4284402,5333597,10,3,7
4096301,4675111,2,1,1
4096301,4675111,6,2,4
4096301,4675111,11,6,5
5520980,6096668,2,1,1
5520980,6096668,10,4,6
7564967,8634884,1,3,-2
7564967,8634884,3,2,1
7564967,8634884,4,6,-2
7564967,8634884,8,4,4
4304401,8012073,13,12,1
5428793,7620946,2,6,-4
5428793,7620946,3,12,-9
5326570,7083808,4,9,-5
5317870,6517170,1,8,-7
5317870,6517170,2,1,1
5317870,6517170,3,4,-1
5281222,8070775,1,1,0
5281222,8070775,2,2,0
5281222,8070775,3,5,-2
5281222,8070775,12,4,8
5045249,8613881,3,6,-3
5045249,8613881,6,4,2
6355501,8362800,7,10,-3
6355501,8362800,11,12,-1
7126053,8587151,1,2,-1
7126053,8587151,5,5,0
7126053,8587151,11,6,5
7126053,8587151,12,4,8
6444397,7582409,8,3,5
6444397,7582409,10,10,0
5053023,8419693,2,10,-8
5053023,8419693,3,6,-3
5053023,8419693,5,3,2
4155469,4497259,1,1,0
4155469,4497259,3,4,-1
6298472,6954910,1,8,-7
6298472,6954910,10,1,9
7375609,8513771,13,12,1
5344832,5654313,1,1,0
5344832,5654313,2,8,-6
5344832,5654313,3,2,1
5344832,5654313,4,3,1
5344832,5654313,5,11,-6
5344832,5654313,6,4,2
5344832,5654313,7,5,2
5344832,5654313,8,6,2
5344832,5654313,9,7,2
5344832,5654313,10,9,1
5344832,5654313,11,10,1
5344832,5654313,12,12,0
5344832,5654313,13,13,0
5190520,7615043,1,2,-1
5237392,7142308,10,5,5
5102096,5460350,1,8,-7
5102096,5460350,8,2,6
6131213,7503534,1,12,-11
7463648,8352611,1,1,0
7463648,8352611,2,5,-3
4775454,8361290,10,1,9
4775454,8361290,11,7,4
6900944,8254030,6,4,2
4330271,4946386,1,1,0
4330271,4946386,3,4,-1
6846616,8158517,12,11,1
4355196,8723021,1,5,-4
4355196,8723021,2,12,-10
4126877,8157396,9,13,-4
5320567,6520817,1,1,0
5320567,6520817,6,9,-3
5282121,8556452,6,5,1
4206769,7530975,3,2,1
4206769,7530975,6,6,0
4206769,7530975,9,5,4
5246058,7654302,1,1,0
5246058,7654302,5,2,3
5246058,7654302,12,7,5
4671293,6469422,1,2,-1
4671293,6469422,3,1,2
6446036,8645120,2,1,1
6270147,6513859,12,5,7
7315630,7565073,2,9,-7
7315630,7565073,6,8,-2
7315630,7565073,10,2,8
6387787,7122079,7,9,-2
6387787,7122079,8,2,6
6387787,7122079,10,6,4
6387787,7122079,12,11,1
4166808,4873217,2,2,0
4166808,4873217,5,12,-7
4166808,4873217,10,8,2
5046085,7120454,1,1,0
6068482,7003472,7,1,6
4127112,5484447,1,4,-3
4127112,5484447,2,5,-3
6386295,8096733,1,1,0
4129620,4333886,12,4,8
6321340,6934788,3,4,-1
6321340,6934788,4,3,1
6321340,6934788,9,13,-4
5631557,6497035,7,6,1
5631557,6497035,8,3,5
5625593,6466507,3,3,0
5625593,6466507,4,10,-6
5350719,7943501,3,8,-5
5350719,7943501,11,2,9
5205243,7063078,1,1,0
4518430,5037639,1,6,-5
4518430,5037639,3,11,-8
4518430,5037639,6,7,-1
4518430,5037639,8,2,6
5656847,6634779,1,1,0
5656847,6634779,8,2,6
5656847,6634779,13,12,1
4642406,7686946,1,13,-12
4642406,7686946,2,4,-2
4642406,7686946,4,1,3
4642406,7686946,5,9,-4
4642406,7686946,6,5,1
5170368,5619438,1,2,-1
5170368,5619438,6,10,-4
6838589,7618306,5,3,2
6838589,7618306,9,4,5
4617663,5271000,8,2,6
4532412,5388180,2,1,1
4532412,5388180,3,3,0
3943264,4178391,6,11,-5
3943264,4178391,7,4,3
6163052,8716783,2,1,1
6163052,8716783,3,2,1
4347392,7247760,2,3,-1
4347392,7247760,6,4,2
4347392,7247760,7,8,-1
4347392,7247760,11,9,2
4347392,7247760,13,11,2
4643836,7214311,4,4,0
4643836,7214311,5,9,-4
6131060,7062362,1,1,0
6131060,7062362,2,2,0
6131060,7062362,3,3,0
6131060,7062362,4,7,-3
6131060,7062362,5,4,1
6131060,7062362,6,5,1
6131060,7062362,7,6,1
6131060,7062362,8,10,-2
6131060,7062362,9,12,-3
6131060,7062362,10,13,-3
6131060,7062362,13,11,2
6142874,6632141,5,6,-1
6142874,6632141,6,1,5
5133767,8556949,3,1,2
4713095,7402197,2,7,-5
4713095,7402197,3,5,-2
4713095,7402197,4,11,-7
4713095,7402197,5,1,4
4713095,7402197,7,12,-5
4713095,7402197,13,8,5
5006727,7190298,11,7,4
4048096,5476963,1,3,-2
4048096,5476963,2,4,-2
4048096,5476963,8,5,3
4048096,5476963,12,6,6
4671648,8427543,12,8,4
5236819,5565312,1,5,-4
5236819,5565312,2,6,-4
5236819,5565312,5,2,3
5236819,5565312,6,12,-6
5236819,5565312,7,8,-1
5236819,5565312,11,4,7
5236819,5565312,12,9,3
6625649,7139850,13,5,8
5108099,8641535,1,9,-8
5108099,8641535,13,3,10
4308088,4744802,6,7,-1
6253218,7665033,5,1,4
6253218,7665033,7,8,-1
6253218,7665033,13,6,7
5657027,7663549,1,2,-1
6532380,8414604,11,9,2
6210386,7618404,3,2,1
5144959,6139510,5,1,4
5144959,6139510,7,4,3
4546581,7574841,10,11,-1
4546581,7574841,11,6,5
6286603,7878239,2,1,1
6286603,7878239,3,5,-2
6286603,7878239,5,2,3
6171923,6982918,4,13,-9
6171923,6982918,9,2,7
5249504,8746127,5,4,1
5249504,8746127,6,1,5
5487475,7877922,2,1,1
4998199,8262453,1,4,-3
5105009,5567844,9,4,5
4261178,7421848,1,4,-3
4261178,7421848,3,2,1
7232109,8592215,3,9,-6
5057540,7935787,13,6,7
6879690,8539559,12,2,10
6297308,6537380,5,3,2
6297308,6537380,8,4,4
6297308,6537380,9,2,7
6297308,6537380,11,12,-1
4020662,4134279,2,1,1
4020662,4134279,5,6,-1
4020662,4134279,6,8,-2
5157512,7623754,3,3,0
5157512,7623754,5,2,3
5332057,6553130,5,8,-3
5332057,6553130,6,4,2
5332057,6553130,7,1,6
4667340,5001758,9,2,7
4667340,5001758,12,4,8
7481664,8562378,1,12,-11
7481664,8562378,4,7,-3
6467652,8567660,10,8,2
6551322,8540717,1,9,-8
4428843,5076944,1,2,-1
4428843,5076944,2,5,-3
4428843,5076944,3,11,-8
4428843,5076944,7,8,-1
5399936,7411344,7,7,0
6631077,6903929,6,4,2
5324308,7651495,1,1,0
5324308,7651495,4,2,2
4867793,5626661,2,5,-3
4867793,5626661,6,4,2
6224545,7988625,1,2,-1
6224545,7988625,7,1,6
6224545,7988625,8,4,4
4274201,8025249,1,2,-1
4422779,4767106,10,4,6
6101338,8467672,2,3,-1
6101338,8467672,4,2,2
6101338,8467672,7,4,3
6101338,8467672,9,5,4
6533096,7370753,4,4,0
6533096,7370753,8,6,2
4888480,5227624,1,5,-4
4888480,5227624,2,1,1
4888480,5227624,3,8,-5
4888480,5227624,5,4,1
4888480,5227624,10,3,7
5499305,7044663,3,1,2
5499305,7044663,7,6,1
7377942,8568455,4,10,-6
4598896,7575024,1,10,-9
4598896,7575024,3,2,1
4598896,7575024,4,4,0
4598896,7575024,8,1,7
4598896,7575024,10,3,7
6539433,8266202,8,11,-3
6539433,8266202,11,13,-2
5587613,7064410,2,11,-9
5587613,7064410,11,4,7
6547324,7815254,1,4,-3
6547324,7815254,2,1,1
6547324,7815254,8,5,3
4641124,5593111,3,6,-3
6083228,6447512,3,13,-10
6083228,6447512,4,5,-1
6083228,6447512,7,3,4
5417897,8278659,7,8,-1
4274157,7497097,5,2,3
4274157,7497097,7,10,-3
6013538,6468819,8,2,6
7221562,8483784,9,10,-1
7297149,8056565,1,1,0
7297149,8056565,2,2,0
7297149,8056565,3,8,-5
4987854,5322564,6,9,-3
6604236,8073926,1,3,-2
4156543,7404592,2,6,-4
4156543,7404592,3,5,-2
4156543,7404592,8,3,5
3963621,4264079,6,2,4
5124834,7723015,4,10,-6
6353164,7816592,1,2,-1
6353164,7816592,2,1,1
6353164,7816592,4,6,-2
6353164,7816592,8,5,3
5032042,8240774,9,10,-1
4763032,7156802,5,13,-8
4271678,7062930,1,3,-2
4271678,7062930,4,1,3
4271678,7062930,9,10,-1
4271678,7062930,13,6,7
4303722,7811413,2,10,-8
4303722,7811413,3,1,2
4303722,7811413,12,8,4
6079987,8435044,1,12,-11
6079987,8435044,4,8,-4
5502729,6401227,2,8,-6
5502729,6401227,4,4,0
5502729,6401227,5,1,4
5025372,7707111,2,3,-1
7151613,7573593,2,1,1
7151613,7573593,5,8,-3
7151613,7573593,6,2,4
7309340,8574268,1,1,0
7309340,8574268,3,3,0
7826120,8098417,3,10,-7
7826120,8098417,8,2,6
4568983,5123061,3,1,2
4692092,5338151,1,1,0
4692092,5338151,2,6,-4
4692092,5338151,4,2,2
6163456,7609501,2,4,-2
5100143,6217467,1,1,0
5100143,6217467,2,2,0
5100143,6217467,3,4,-1
5100143,6217467,9,7,2
5100143,6217467,11,9,2
4424818,7610104,1,4,-3
4424818,7610104,13,5,8
5164945,5253312,1,13,-12
5164945,5253312,4,4,0
4297022,4671616,7,1,6
4297022,4671616,12,5,7
6234393,7469836,2,1,1
6234393,7469836,5,8,-3
5450504,7684630,3,2,1
4754940,6023134,4,6,-2
4754940,6023134,7,1,6
5025575,5537762,1,2,-1
5025575,5537762,4,3,1
5025575,5537762,6,13,-7
7408672,7773831,3,3,0
6654911,8006231,1,4,-3
6654911,8006231,5,7,-2
6654911,8006231,12,1,11
5284714,6074807,5,1,4
5169914,7049373,9,5,4
4454508,4998246,1,3,-2
4454508,4998246,5,11,-6
4454508,4998246,12,12,0
4377100,6463839,1,1,0
4377100,6463839,8,4,4
5448000,8362153,3,2,1
7059012,8266760,7,1,6
7059012,8266760,9,2,7
7909271,8327822,13,11,2
5566272,7949533,4,6,-2
5566272,7949533,7,9,-2
5566272,7949533,8,1,7
6618709,7047216,2,3,-1
6047294,8683021,6,3,3
4110986,4412529,2,6,-4
4110986,4412529,3,3,0
4110986,4412529,11,2,9
5101497,7069367,1,1,0
5101497,7069367,12,8,4
4125825,5428359,4,6,-2
4125825,5428359,8,12,-4
4125825,5428359,12,11,1
7356682,7584350,6,5,1
6466329,7664321,3,3,0
6466329,7664321,9,12,-3
6466329,7664321,10,6,4
5302382,6121373,1,1,0
7345618,8274432,6,4,2
7135466,7598258,1,1,0
7135466,7598258,2,3,-1
7135466,7598258,3,9,-6
7135466,7598258,7,2,5
7135466,7598258,8,11,-3
7135466,7598258,9,7,2
7135466,7598258,12,8,4
5059566,6356037,1,8,-7
5059566,6356037,3,6,-3
7493661,8341399,1,6,-5
7493661,8341399,3,8,-5
7493661,8341399,8,13,-5
7243345,8145884,1,1,0
7243345,8145884,2,5,-3
7243345,8145884,4,9,-5
7243345,8145884,5,2,3
7243345,8145884,7,12,-5
5363399,6501777,2,7,-5
5363399,6501777,5,4,1
5363399,6501777,7,5,2
5363399,6501777,8,9,-1
8328985,8636874,1,9,-8
8328985,8636874,9,2,7
8328985,8636874,10,6,4
7215704,7583766,1,11,-10
7215704,7583766,7,12,-5
4942594,6635232,8,6,2
4942594,6635232,10,1,9
6149713,7060229,3,4,-1
6149713,7060229,10,8,2
6149713,7060229,13,5,8
4565095,5161412,2,2,0
4565095,5161412,7,12,-5
5095427,5280588,1,5,-4
5095427,5280588,2,11,-9
5095427,5280588,4,1,3
6494371,7016393,2,4,-2
6494371,7016393,5,12,-7
6494371,7016393,7,1,6
6494371,7016393,9,6,3
6494371,7016393,10,2,8
6940631,7711239,10,10,0
4498934,5525371,3,3,0
4498934,5525371,7,13,-6
6094434,8493988,2,6,-4
6094434,8493988,6,3,3
5163650,7989979,3,2,1
5163650,7989979,5,13,-8
6278361,8565967,1,1,0
6278361,8565967,2,5,-3
6278361,8565967,4,9,-5
6278361,8565967,8,11,-3
4063593,4328866,2,6,-4
6507666,7057765,2,7,-5
6507666,7057765,13,1,12
6204097,8129245,1,3,-2
6204097,8129245,8,9,-1
4952400,6550474,1,2,-1
4952400,6550474,3,10,-7
6668183,7647083,3,7,-4
4327888,7595994,1,6,-5
6239926,6499851,1,3,-2
6239926,6499851,2,1,1
6239926,6499851,3,2,1
6239926,6499851,4,13,-9
6239926,6499851,11,10,1
6560152,7262998,2,5,-3
6560152,7262998,3,7,-4
5563778,6400043,2,4,-2
5563778,6400043,4,1,3
5563778,6400043,7,13,-6
5563778,6400043,8,9,-1
5563778,6400043,12,10,2
6862168,7177139,1,1,0
6862168,7177139,3,3,0
6862168,7177139,10,2,8
6646718,7145720,2,5,-3
6646718,7145720,3,12,-9
6646718,7145720,4,13,-9
5451820,7534196,4,11,-7
5208313,7148160,4,10,-6
5208313,7148160,10,5,5
6065089,6988156,1,3,-2
6065089,6988156,3,2,1
6065089,6988156,11,4,7
5297797,6165082,1,1,0
5297797,6165082,2,2,0
5297797,6165082,3,8,-5
5297797,6165082,9,4,5
5362443,7699247,1,1,0
4629968,5325043,6,4,2
6611212,8411869,1,1,0
4896777,6940727,12,2,10
4002034,7681353,2,7,-5
4002034,7681353,5,1,4
4002034,7681353,9,8,1
6248067,7797028,2,1,1
6248067,7797028,3,3,0
6248067,7797028,4,5,-1
4353090,4692816,7,10,-3
6443959,7322989,12,3,9
4976455,8171587,10,13,-3
6449312,7529302,4,12,-8
6449312,7529302,6,13,-7
6449312,7529302,12,10,2
6449312,7529302,13,2,11
4596748,8246796,2,5,-3
4596748,8246796,10,3,7
4941778,6589341,1,1,0
4559973,7568505,2,8,-6
4559973,7568505,4,4,0
4559973,7568505,9,1,8
6402793,7206191,1,4,-3
6402793,7206191,4,3,1
6402793,7206191,5,1,4
3988615,4081675,5,9,-4
3988615,4081675,7,1,6
3962513,4711834,1,1,0
3962513,4711834,3,12,-9
3962513,4711834,6,8,-2
3962513,4711834,10,5,5
7126746,8358671,1,1,0
7126746,8358671,2,3,-1
7126746,8358671,10,13,-3
7314308,7690836,4,3,1
7314308,7690836,7,1,6
7314308,7690836,9,5,4
7314308,7690836,13,7,6
6168520,7658673,1,11,-10
6168520,7658673,10,1,9
5048629,5402341,1,1,0
5048629,5402341,2,5,-3
5048629,5402341,3,2,1
5048629,5402341,4,6,-2
6556591,7630361,1,1,0
5311302,8135773,3,4,-1
5244126,5645221,2,1,1
5244126,5645221,4,2,2
5244126,5645221,10,4,6
5191636,7769474,3,12,-9
5191636,7769474,8,2,6
4633952,7921876,4,1,3
4633952,7921876,13,11,2
5547886,7141853,6,5,1
5547886,7141853,11,9,2
4163575,6128823,1,3,-2
4163575,6128823,2,1,1
4163575,6128823,3,2,1
4163575,6128823,7,7,0
5482772,6090731,10,13,-3
5482772,6090731,13,9,4
4779473,6093989,9,4,5
6301366,8428277,7,11,-4
7308313,8032221,1,2,-1
7308313,8032221,2,1,1
7308313,8032221,4,12,-8
7308313,8032221,5,4,1
7308313,8032221,8,3,5
4565747,4839245,1,5,-4
6226372,7657938,4,9,-5
4789637,8671871,5,2,3
7340600,8707034,12,3,9
6544263,7819867,3,1,2
6968989,7552852,1,1,0
6968989,7552852,2,2,0
6968989,7552852,3,3,0
6968989,7552852,5,8,-3
6607382,8202091,9,2,7
4399667,8474274,2,2,0
4399667,8474274,8,8,0
4472327,6494575,5,1,4
4472327,6494575,6,12,-6
5193951,6354774,4,7,-3
4632231,7079933,1,2,-1
4632231,7079933,9,9,0
4632231,7079933,11,10,1
4632231,7079933,12,4,8
5330396,7462123,10,11,-1
5066739,5218064,12,4,8
5227981,6169944,1,9,-8
5617280,7330096,2,5,-3
5617280,7330096,3,6,-3
5617280,7330096,11,4,7
5363841,7014609,3,7,-4
3945899,4554057,13,8,5
6483540,7486298,3,4,-1
6483540,7486298,4,2,2
6483540,7486298,11,6,5
5183085,7143625,1,11,-10
4671445,7793812,1,1,0
4671445,7793812,2,11,-9
4671445,7793812,12,3,9
3957516,4138256,3,9,-6
3957516,4138256,4,1,3
3957516,4138256,6,3,3
3957516,4138256,13,11,2
4028166,4788910,4,11,-7
4528004,4831977,1,6,-5
4528004,4831977,13,10,3
4863253,6118130,3,3,0
4863253,6118130,8,4,4
5301945,8128509,5,3,2
7002923,8259696,2,5,-3
7002923,8259696,3,6,-3
4817190,5349631,5,11,-6
6178356,8175724,1,2,-1
6178356,8175724,2,10,-8
5387850,6144173,2,9,-7
6871272,8040743,2,11,-9
7216093,8015101,2,12,-10
7216093,8015101,5,2,3
5118337,7947105,2,1,1
5118337,7947105,8,12,-4
4882609,6258616,2,1,1
4882609,6258616,7,4,3
4882609,6258616,13,7,6
5414618,7289886,5,2,3
4189224,4378415,7,6,1
6362778,8554187,11,8,3
6480409,7110400,3,6,-3
5648832,6871952,2,3,-1
5648832,6871952,8,1,7
4927916,5256413,1,6,-5
4927916,5256413,2,13,-11
4927916,5256413,3,8,-5
4927916,5256413,5,9,-4
6498566,7711509,2,8,-6
6498566,7711509,5,3,2
6498566,7711509,6,10,-4
6498566,7711509,9,2,7
7350139,7891560,11,5,6
4883125,7090023,1,6,-5
4883125,7090023,2,8,-6
4883125,7090023,4,4,0
4771573,6539666,1,3,-2
6638441,7829262,1,1,0
6638441,7829262,5,3,2
6638441,7829262,10,11,-1
6328000,7863839,1,1,0
6328000,7863839,2,2,0
6328000,7863839,5,6,-1
4828340,5346296,1,6,-5
4828340,5346296,4,7,-3
4828340,5346296,5,9,-4
5370252,6565814,2,11,-9
5370252,6565814,9,13,-4
4894941,7117624,3,2,1
4894941,7117624,5,10,-5
5566756,7040400,2,2,0
6071227,7803102,7,3,4
4615331,5259364,7,1,6
4545046,5347500,6,11,-5
4545046,5347500,7,12,-5
4545046,5347500,8,3,5
6446981,7922245,1,8,-7
6446981,7922245,7,10,-3
6446981,7922245,8,12,-4
6533081,7299904,1,1,0
6533081,7299904,4,3,1
6533081,7299904,5,4,1
4183619,4746194,8,6,2
4183619,4746194,13,3,10
7029440,8177791,1,5,-4
6512919,8270964,6,8,-2
4544035,4928088,9,5,4
4561130,7007318,3,3,0
4561130,7007318,4,9,-5
5136841,8364340,10,12,-2
7381599,7573069,2,3,-1
7381599,7573069,10,5,5
7381599,7573069,13,2,11
5405237,6547217,3,4,-1
5405237,6547217,4,10,-6
7202243,7534797,2,6,-4
4406628,4894034,6,3,3
5061889,5254935,3,6,-3
5061889,5254935,4,4,0
5061889,5254935,5,7,-2
6636300,6864964,2,13,-11
4175502,7131418,1,3,-2
4175502,7131418,2,1,1
4175502,7131418,3,9,-6
4175502,7131418,7,13,-6
4175502,7131418,11,4,7
4175502,7131418,12,8,4
5399951,8565920,1,1,0
5034867,5565221,4,8,-4
4790624,7658709,4,3,1
5113490,5555352,1,2,-1
4623306,8152503,1,3,-2
4623306,8152503,2,4,-2
5045251,6555045,3,2,1
5045251,6555045,4,3,1
4813929,8453637,1,6,-5
6649300,7879753,2,2,0
4789074,8220649,3,7,-4
4533176,5449216,1,1,0
4533176,5449216,2,3,-1
4533176,5449216,6,2,4
6416777,8167855,2,1,1
6416777,8167855,3,3,0
6416777,8167855,4,4,0
6416777,8167855,6,8,-2
6416777,8167855,10,7,3
3972006,4383230,2,2,0
3972006,4383230,5,3,2
5627913,7050087,5,8,-3
5254367,6248398,4,6,-2
5254367,6248398,9,9,0
5571366,6335291,2,7,-5
5571366,6335291,4,1,3
5277687,7204793,1,10,-9
5277687,7204793,4,9,-5
6424273,8203443,3,5,-2
6424273,8203443,5,2,3
6424273,8203443,9,9,0
6424273,8203443,12,7,5
6960329,8007749,2,5,-3
7396090,8544710,4,10,-6
8189723,8300752,1,1,0
8189723,8300752,2,2,0
8189723,8300752,3,11,-8
8189723,8300752,5,7,-2
8189723,8300752,6,8,-2
8189723,8300752,8,3,5
8189723,8300752,9,9,0
8189723,8300752,13,13,0
4376675,6613294,8,11,-3
4875336,5207990,1,1,0
4875336,5207990,2,11,-9
4875336,5207990,6,3,3
4398908,8454581,5,1,4
5105737,5335597,3,4,-1
5105737,5335597,9,1,8
6118983,7630344,1,5,-4
7196283,8206506,3,2,1
6993510,8229806,12,13,-1
6993510,8229806,13,2,11
4939420,6459215,3,1,2
4052719,4888584,9,11,-2
4773562,8328118,2,1,1
4773562,8328118,13,3,10
4745064,5386079,11,1,10
3998262,7942354,1,4,-3
3998262,7942354,9,12,-3
7684145,8749920,2,1,1
7684145,8749920,4,10,-6
5643993,6476097,4,3,1
5643993,6476097,11,2,9
7455727,7658794,1,3,-2
7455727,7658794,2,5,-3
7455727,7658794,10,12,-2
8120752,8680493,2,1,1
8120752,8680493,13,4,9
4541457,6082401,5,1,4
4541457,6082401,7,3,4
4541457,6082401,8,5,3
4541457,6082401,9,6,3
4541457,6082401,11,2,9
5395313,7713279,1,1,0
7571780,8281882,1,1,0
7571780,8281882,2,2,0
7571780,8281882,3,3,0
7571780,8281882,4,4,0
7571780,8281882,5,5,0
7571780,8281882,6,6,0
7571780,8281882,7,8,-1
7571780,8281882,8,9,-1
7571780,8281882,9,10,-1
7571780,8281882,10,11,-1
7571780,8281882,11,12,-1
7571780,8281882,12,13,-1
7571780,8281882,13,7,6
4775974,7583626,4,5,-1
4775974,7583626,8,11,-3
5389018,6656004,1,10,-9
5389018,6656004,3,3,0
3964695,8612179,1,2,-1
3964695,8612179,10,7,3
4943290,7387626,6,12,-6
4945128,6630211,9,7,2
4862923,5076329,6,11,-5
3936296,4179284,1,1,0
3936296,4179284,2,5,-3
3936296,4179284,6,4,2
6396664,7085103,1,6,-5
6396664,7085103,2,1,1
5323240,7487525,8,1,7
5323240,7487525,13,6,7
4528920,8359988,4,1,3
6068669,6222280,2,7,-5
6068669,6222280,4,2,2
6068669,6222280,5,10,-5
6068669,6222280,6,4,2
6068669,6222280,12,3,9
4327274,7878111,3,6,-3
4327274,7878111,6,12,-6
4327274,7878111,12,8,4
4705799,7141570,3,3,0
6192675,7462331,7,1,6
5519218,7746465,1,1,0
5519218,7746465,2,2,0
6508885,7773193,2,5,-3
4889133,5423322,3,5,-2
4889133,5423322,6,3,3
4058042,4332182,1,9,-8
4058042,4332182,13,5,8
5374061,7407438,1,1,0
5374061,7407438,3,6,-3
3967031,4825763,1,5,-4
3967031,4825763,2,1,1
3967031,4825763,3,12,-9
3967031,4825763,5,2,3
3967031,4825763,13,13,0
5489508,8236774,1,1,0
5489508,8236774,7,10,-3
5489508,8236774,11,12,-1
4774222,7825062,2,7,-5
4088297,8640732,2,13,-11
4088297,8640732,5,2,3
5548726,6393497,10,6,4
6375487,7654848,3,2,1
4139273,4840463,4,4,0
4139273,4840463,8,2,6
6311898,7722708,2,12,-10
6311898,7722708,4,2,2
6311898,7722708,11,8,3
6563920,7421475,12,4,8
6157950,7386588,10,12,-2
6085177,7266526,4,2,2
6971128,8464376,1,2,-1
6971128,8464376,4,3,1
6971128,8464376,9,12,-3
7147778,7713413,2,6,-4
7147778,7713413,5,3,2
7147778,7713413,8,13,-5
7147778,7713413,13,8,5
4220145,4727605,1,1,0
4220145,4727605,2,13,-11
6378556,6852291,9,4,5
7393095,8602548,1,3,-2
7393095,8602548,2,6,-4
7393095,8602548,3,4,-1
7393095,8602548,8,2,6
7393095,8602548,11,11,0
7246093,8585490,13,7,6
4789639,7141033,5,3,2
4621873,5135330,11,8,3
4621873,5135330,12,3,9
7230920,8588844,1,2,-1
7230920,8588844,2,5,-3
5102156,6139044,1,2,-1
6723541,7241647,9,13,-4
6897371,7961479,1,2,-1
6897371,7961479,2,1,1
6897371,7961479,9,10,-1
4906194,7094066,2,4,-2
4906194,7094066,8,8,0
4906194,7094066,9,5,4
4828403,8496430,6,1,5
5402570,6195892,3,12,-9
7854992,8260378,1,1,0
7854992,8260378,3,9,-6
7854992,8260378,4,5,-1
6520258,8347962,2,6,-4
6520258,8347962,7,2,5
6520258,8347962,8,4,4
6520258,8347962,12,1,11
7111101,7308505,1,10,-9
7111101,7308505,3,9,-6
6411752,7701983,2,1,1
6411752,7701983,10,6,4
7081117,8080039,4,2,2
7081117,8080039,7,6,1
6524322,7981126,3,7,-4
4341756,5035877,5,1,4
4341756,5035877,9,11,-2
4341756,5035877,11,12,-1
4849884,5050078,1,3,-2
4849884,5050078,6,6,0
4849884,5050078,10,7,3
6260278,7134208,1,2,-1
6260278,7134208,4,7,-3
7916316,8253963,2,7,-5
7916316,8253963,3,2,1
7916316,8253963,6,1,5
6581348,7168221,1,1,0
6581348,7168221,2,5,-3
6581348,7168221,3,2,1
6581348,7168221,4,7,-3
6581348,7168221,5,4,1
6581348,7168221,6,10,-4
6581348,7168221,7,12,-5
6581348,7168221,8,8,0
6581348,7168221,9,13,-4
6581348,7168221,11,6,5
4335168,5318587,5,5,0
4190454,5629048,2,2,0
4190454,5629048,7,3,4
5303286,7792488,7,1,6
5303286,7792488,10,5,5
5154718,7699874,1,4,-3
5154718,7699874,3,1,2
4763049,6310450,1,7,-6
5616819,6198010,1,4,-3
6064078,7352008,7,11,-4
7945311,8641210,1,6,-5
6198874,8433176,3,3,0
6198874,8433176,5,12,-7
6198874,8433176,8,9,-1
6198874,8433176,11,5,6
5091774,5278651,1,2,-1
5091774,5278651,6,5,1
7637646,8159631,1,9,-8
7637646,8159631,3,1,2
7637646,8159631,4,12,-8
7637646,8159631,9,3,6
7637646,8159631,13,7,6
6932426,7134714,2,4,-2
4828931,5061685,3,1,2
4828931,5061685,6,3,3
4380921,5097691,4,8,-4
4380921,5097691,12,3,9
5490000,6163311,1,5,-4
5490000,6163311,2,2,0
5490000,6163311,13,4,9
6195577,8165660,1,10,-9
6195577,8165660,3,6,-3
5057392,5480756,2,10,-8
5057392,5480756,5,5,0
5057392,5480756,12,8,4
7453793,8194771,6,9,-3
6148091,8380636,4,2,2
6148091,8380636,10,3,7
6148091,8380636,11,5,6
6148091,8380636,12,6,6
4716377,6150903,2,2,0
4716377,6150903,7,1,6
7045337,8192952,1,5,-4
7045337,8192952,2,6,-4
7045337,8192952,4,10,-6
7045337,8192952,7,13,-6
5154427,6488592,1,6,-5
5154427,6488592,3,2,1
5154427,6488592,4,1,3
5154427,6488592,9,8,1
6884038,7722329,1,1,0
5447672,8672876,3,6,-3
6169351,6326716,1,1,0
6169351,6326716,3,5,-2
6169351,6326716,4,8,-4
6169351,6326716,13,3,10
5530544,8265110,5,3,2
4931042,6451041,1,2,-1
4931042,6451041,4,3,1
4931042,6451041,13,11,2
8068785,8582513,1,1,0
8068785,8582513,5,6,-1
8068785,8582513,9,4,5
8068785,8582513,11,2,9
8068785,8582513,12,3,9
4106497,4280509,1,3,-2
6577609,7694017,3,1,2
6666781,7217202,1,9,-8
4005945,4790695,1,12,-11
4005945,4790695,3,1,2
4005945,4790695,10,10,0
6443970,8251996,2,1,1
6443970,8251996,5,7,-2
6443970,8251996,12,8,4
6226751,7107614,1,10,-9
6226751,7107614,9,9,0
6537242,8197423,2,1,1
4413156,8653209,3,1,2
5190197,8646605,1,4,-3
6340518,7267883,1,1,0
4051810,4669914,7,1,6
5218222,5428498,1,10,-9
5218222,5428498,4,12,-8
3980354,4162109,1,2,-1
3980354,4162109,6,6,0
6125767,8272333,1,2,-1
6125767,8272333,7,1,6
6125767,8272333,11,4,7
5345332,6542289,4,3,1
6854879,7899524,1,1,0
7539924,8194340,4,11,-7
7539924,8194340,6,3,3
7539924,8194340,7,2,5
7539924,8194340,8,8,0
7539924,8194340,11,7,4
7539924,8194340,12,1,11
7539924,8194340,13,13,0
4957679,5110685,6,2,4
4957679,5110685,8,10,-2
4172421,7258068,1,1,0
4172421,7258068,6,5,1
4172421,7258068,9,13,-4
4348941,4697496,1,2,-1
4348941,4697496,2,6,-4
4348941,4697496,9,9,0
5593421,8361089,1,1,0
4558544,6363685,9,2,7
6411845,7706884,1,2,-1
6170593,7458436,1,7,-6
6170593,7458436,3,12,-9
6170593,7458436,4,8,-4
6170593,7458436,7,10,-3
6170593,7458436,8,4,4
6170593,7458436,9,1,8
5345449,6094460,1,10,-9
5345449,6094460,8,8,0
5345449,6094460,11,4,7
4770613,5528216,5,5,0
6206081,8087446,6,9,-3
5126034,8075760,1,2,-1
5126034,8075760,10,3,7
7095738,7693158,1,2,-1
7095738,7693158,9,10,-1
7095738,7693158,13,12,1
4071430,7038670,7,3,4
4321505,4798993,1,8,-7
4321505,4798993,3,2,1
4321505,4798993,5,9,-4
4321505,4798993,6,10,-4
4321505,4798993,11,4,7
7711136,8126183,1,1,0
7711136,8126183,2,7,-5
7711136,8126183,5,10,-5
7711136,8126183,6,3,3
4079361,7262729,3,1,2
4079361,7262729,5,10,-5
4079361,7262729,6,11,-5
6171610,8277796,2,9,-7
6171610,8277796,3,8,-5
6171610,8277796,6,12,-6
4234579,4488994,1,1,0
4234579,4488994,2,9,-7
4234579,4488994,3,10,-7
4234579,4488994,7,2,5
4234579,4488994,8,12,-4
4234579,4488994,12,3,9
5579111,8604413,3,7,-4
5579111,8604413,5,4,1
5579111,8604413,7,6,1
5579111,8604413,8,5,3
5343075,7091061,1,3,-2
5343075,7091061,5,1,4
5343075,7091061,7,9,-2
5343075,7091061,8,12,-4
5175840,7057937,6,4,2
5175840,7057937,13,8,5
6937424,8503128,6,3,3
6650981,7698036,1,1,0
6650981,7698036,3,3,0
4153895,5226097,1,5,-4
3956903,5289857,1,1,0
3956903,5289857,3,5,-2
4551199,6211357,11,7,4
6290717,7896009,1,8,-7
6290717,7896009,3,2,1
4682129,5150086,1,1,0
4682129,5150086,6,7,-1
4147151,4699561,2,1,1
4856516,5290305,2,2,0
4856516,5290305,9,10,-1
5089022,8529060,2,3,-1
5089022,8529060,5,12,-7
5085336,8061158,5,13,-8
4783523,5527610,1,12,-11
4783523,5527610,4,1,3
4783523,5527610,6,2,4
4783523,5527610,8,3,5
6050357,7182166,6,5,1
4274959,4624626,2,3,-1
6329139,7935659,2,3,-1
6329139,7935659,4,9,-5
7756608,8108072,1,1,0
7756608,8108072,4,2,2
7236819,8712523,1,5,-4
7236819,8712523,9,8,1
4254826,6360699,3,2,1
4254826,6360699,5,1,4
4254826,6360699,9,12,-3
5408746,7753508,2,3,-1
5616581,6914068,4,3,1
7177144,7694919,6,11,-5
4324204,8739739,1,3,-2
4324204,8739739,3,4,-1
4369190,8480797,5,1,4
5566224,6119022,8,7,1
4921952,5523208,1,8,-7
4446519,6636970,1,2,-1
4635875,7756379,2,2,0
6587705,8133178,1,1,0
6587705,8133178,7,11,-4
6460591,6565687,1,1,0
6460591,6565687,2,2,0
6460591,6565687,3,3,0
6460591,6565687,4,5,-1
6460591,6565687,5,4,1
6460591,6565687,6,9,-3
6460591,6565687,7,6,1
6460591,6565687,8,7,1
6460591,6565687,9,8,1
6460591,6565687,10,10,0
6460591,6565687,11,11,0
6460591,6565687,12,12,0
6460591,6565687,13,13,0
3943443,8102088,2,6,-4
3943443,8102088,12,1,11
7198832,8021778,1,1,0
4800256,6527186,7,3,4
6631197,8620015,2,3,-1
6631197,8620015,5,13,-8
4995639,7097201,3,7,-4
4995639,7097201,4,3,1
4995639,7097201,11,4,7
4995639,7097201,13,2,11
6236978,7437313,4,4,0
6127018,7727440,7,8,-1
6127018,7727440,9,2,7
6478693,8342984,2,10,-8
6478693,8342984,3,1,2
6478693,8342984,6,3,3
6478693,8342984,10,5,5
6590413,7176710,1,8,-7
6590413,7176710,5,2,3
7258731,8464645,2,2,0
7258731,8464645,8,4,4
5401847,6162931,9,2,7
6647077,8688044,10,6,4
4909343,8275517,1,1,0
4909343,8275517,4,2,2
4909343,8275517,6,7,-1
4909343,8275517,7,8,-1
4909343,8275517,10,9,1
4909343,8275517,12,4,8
4523329,6137353,2,6,-4
4523329,6137353,3,4,-1
4523329,6137353,7,1,6
4427836,6139961,7,5,2
6353878,8074011,1,3,-2
6353878,8074011,8,9,-1
7160143,7488206,1,9,-8
7160143,7488206,8,11,-3
7160143,7488206,10,13,-3
5586254,6094682,1,1,0
5586254,6094682,2,7,-5
4231325,5477654,2,3,-1
4366536,4704679,3,2,1
4366536,4704679,4,3,1
7382740,8644225,1,8,-7
7382740,8644225,6,2,4
6944167,7430614,2,11,-9
6944167,7430614,4,1,3
6944167,7430614,12,9,3
4813166,6212801,1,1,0
4813166,6212801,2,3,-1
4813166,6212801,4,5,-1
7403261,8233135,1,1,0
7403261,8233135,2,3,-1
7403261,8233135,3,4,-1
7403261,8233135,4,2,2
7403261,8233135,5,6,-1
7403261,8233135,8,9,-1
7403261,8233135,11,10,1
7835665,8369743,1,4,-3
7835665,8369743,5,3,2
7835665,8369743,13,12,1
3949718,4124003,1,5,-4
3949718,4124003,4,7,-3
4813955,8048156,1,7,-6
4813955,8048156,4,4,0
4813955,8048156,9,2,7
6397849,6986900,1,6,-5
6397849,6986900,2,13,-11
6397849,6986900,3,12,-9
6285361,6553069,3,2,1
6285361,6553069,6,1,5
4855358,5091469,2,2,0
4855358,5091469,5,1,4
5527321,7131978,4,1,3
5527321,7131978,6,2,4
5527321,7131978,12,10,2
5527321,7131978,13,5,8
5109326,7095631,5,6,-1
5109326,7095631,8,4,4
4609497,5312935,11,4,7
4302212,4547199,2,6,-4
4302212,4547199,5,5,0
4302212,4547199,8,8,0
4368550,4805664,12,2,10
6134003,8724673,1,5,-4
6134003,8724673,5,4,1
4347565,5649140,2,2,0
4347565,5649140,3,1,2
4347565,5649140,5,9,-4
4489982,4595234,7,1,6
4489982,4595234,8,5,3
5569917,7973277,1,4,-3
5569917,7973277,2,2,0
5569917,7973277,9,7,2
7585830,8283302,3,3,0
7992557,8424521,7,7,0
4278262,5558580,2,1,1
4278262,5558580,5,6,-1
6858991,8130176,1,4,-3
6858991,8130176,4,11,-7
4838230,5074271,1,7,-6
4838230,5074271,2,2,0
4838230,5074271,3,1,2
4838230,5074271,5,5,0
4838230,5074271,6,4,2
4838230,5074271,12,6,6
6865109,7088611,1,4,-3
6865109,7088611,4,1,3
6865109,7088611,5,7,-2
4518917,5065095,2,5,-3
4518917,5065095,8,1,7
5215714,8569019,5,3,2
4557755,6080418,3,3,0
4557755,6080418,7,5,2
7566517,8196068,1,11,-10
4906940,5631970,2,12,-10
4906940,5631970,5,5,0
6314406,8437284,3,1,2
7522539,8260929,7,7,0
5424230,7078727,4,1,3
5424230,7078727,5,3,2
7132429,8691837,6,2,4
7132429,8691837,7,6,1
7132429,8691837,8,7,1
7132429,8691837,10,8,2
7132429,8691837,11,10,1
7132429,8691837,12,3,9
4814334,7122505,2,6,-4
4135004,6479090,1,4,-3
4241307,4494066,2,1,1
6194250,8143101,5,10,-5
6175422,8075300,3,4,-1
6175422,8075300,6,13,-7
4424880,7398562,2,11,-9
7010537,8041741,1,11,-10
4005827,4681270,2,1,1
4005827,4681270,7,7,0
4005827,4681270,9,12,-3
6219646,7069222,1,2,-1
6219646,7069222,2,1,1
6219646,7069222,11,13,-2
5524231,6484271,1,1,0
5524231,6484271,5,2,3
4930586,7083011,1,1,0
4289203,4708974,11,2,9
6484756,6866066,1,3,-2
6484756,6866066,2,2,0
5105183,7098868,1,2,-1
5105183,7098868,4,1,3
7530955,8204566,5,10,-5
4454729,5575162,1,2,-1
4454729,5575162,7,5,2
4454729,5575162,11,4,7
6562319,8354092,4,6,-2
6562319,8354092,7,12,-5
6562319,8354092,9,13,-4
7710724,7990713,1,2,-1
7710724,7990713,4,8,-4
7710724,7990713,11,6,5
4563576,5243375,1,4,-3
4563576,5243375,3,7,-4
4563576,5243375,10,1,9
5300086,8574261,1,4,-3
5300086,8574261,4,2,2
5300086,8574261,11,10,1
6252301,7960214,2,12,-10
6252301,7960214,5,8,-3
6252301,7960214,6,11,-5
4957483,5125835,2,1,1
4957483,5125835,11,5,6
4727455,7304379,3,5,-2
4727455,7304379,7,1,6
7469936,7644958,2,2,0
7469936,7644958,5,6,-1
4465368,8724077,6,2,4
6141686,7499948,1,6,-5
6347514,7497074,2,1,1
7084846,8362988,10,7,3
4925796,7138371,10,9,1
5590200,8677152,3,2,1
6201180,8427009,3,4,-1
6201180,8427009,5,12,-7
6201180,8427009,6,13,-7
6201180,8427009,13,3,10
6223218,7385966,5,11,-6
6223218,7385966,9,12,-3
5578362,7709382,7,3,4
5578362,7709382,10,4,6
5272111,7915157,1,2,-1
5272111,7915157,2,6,-4
4043952,6458921,4,2,2
5043458,5326887,2,9,-7
5043458,5326887,12,7,5
7850480,8007309,1,1,0
4937796,8142059,1,4,-3
5224109,5285461,1,1,0
5224109,5285461,2,2,0
5224109,5285461,3,3,0
5224109,5285461,4,4,0
5224109,5285461,5,5,0
5224109,5285461,6,6,0
5224109,5285461,7,7,0
5224109,5285461,8,8,0
5224109,5285461,9,9,0
5224109,5285461,10,10,0
5224109,5285461,11,11,0
5224109,5285461,12,12,0
5224109,5285461,13,13,0
6318864,7765868,1,2,-1
6099010,6450521,4,10,-6
6099010,6450521,6,3,3
6099010,6450521,7,9,-2
4631529,7726174,10,2,8
4058583,4618654,1,3,-2
4058583,4618654,5,1,4
6156830,8354462,9,5,4
6156830,8354462,10,7,3
6188933,6988805,2,4,-2
5380180,7074918,9,3,6
4821095,7265416,4,1,3
4821095,7265416,6,4,2
4821095,7265416,8,7,1
4875757,5113468,2,3,-1
4875757,5113468,4,5,-1
4875757,5113468,5,10,-5
3944415,4261819,1,1,0
3944415,4261819,2,4,-2
3944415,4261819,7,6,1
3944415,4261819,12,10,2
5343130,7393059,3,8,-5
5051834,5138441,2,11,-9
5051834,5138441,3,6,-3
5051834,5138441,4,5,-1
5051834,5138441,5,1,4
5051834,5138441,8,3,5
5051834,5138441,10,8,2
6392418,7960931,9,2,7
5226152,7178058,4,3,1
5604376,8072050,3,2,1
5604376,8072050,4,1,3
5604376,8072050,6,3,3
5238808,8324177,13,5,8
7204622,8523394,6,2,4
5563415,6605805,1,5,-4
5563415,6605805,2,1,1
5563415,6605805,3,12,-9
5563415,6605805,10,8,2
7090928,8692241,4,8,-4
7090928,8692241,6,5,1
4754766,8240315,1,1,0
4754766,8240315,13,2,11
5376233,8226840,2,8,-6
4901964,7789352,3,1,2
4901964,7789352,4,4,0
4901964,7789352,5,3,2
6613604,8008114,4,4,0
6613604,8008114,10,8,2
6072445,6914657,4,3,1
6072445,6914657,6,4,2
5078263,7997319,6,3,3
4601535,4744619,2,4,-2
3951546,7130020,2,3,-1
3951546,7130020,9,10,-1
4725527,6168655,9,2,7
5178629,8298262,5,9,-4
5178629,8298262,6,10,-4
6378010,7009894,5,11,-6
4198103,4825969,2,1,1
4198103,4825969,7,6,1
3962412,5085848,1,4,-3
3934648,4067385,2,1,1
3934648,4067385,3,3,0
3934648,4067385,8,10,-2
3934648,4067385,9,6,3
6285039,7173370,1,3,-2
6285039,7173370,2,2,0
6285039,7173370,7,4,3
6285039,7173370,13,12,1
5076673,8294975,1,2,-1
5076673,8294975,5,1,4
5076673,8294975,9,5,4
5076673,8294975,10,7,3
5076673,8294975,12,3,9
4200102,6635038,11,5,6
5366780,7963670,2,9,-7
5366780,7963670,9,8,1
4634290,5138892,13,12,1
5430687,8176296,6,7,-1
5430687,8176296,9,1,8
5152697,5304070,1,1,0
5152697,5304070,8,3,5
6433261,7875776,2,6,-4
6433261,7875776,3,3,0
6433261,7875776,4,2,2
6433261,7875776,5,5,0
6433261,7875776,6,12,-6
6433261,7875776,7,7,0
6433261,7875776,8,10,-2
6433261,7875776,11,13,-2
6433261,7875776,12,8,4
6433261,7875776,13,9,4
4872665,8171570,7,13,-6
7096115,7849149,3,7,-4
7096115,7849149,5,1,4
6857312,8270634,1,1,0
6857312,8270634,9,4,5
7313569,7904491,1,1,0
7313569,7904491,2,3,-1
7313569,7904491,3,5,-2
7313569,7904491,5,4,1
7313569,7904491,7,7,0
6326027,8685447,2,6,-4
6326027,8685447,8,3,5
6326027,8685447,12,8,4
6246977,7444356,4,1,3
4677508,5272579,1,1,0
4677508,5272579,2,4,-2
4677508,5272579,9,2,7
3969281,4046706,7,10,-3
4060724,4171572,8,12,-4
6123722,6478813,10,1,9
6491116,8127856,6,3,3
6491116,8127856,9,7,2
6491116,8127856,10,5,5
4334528,6485448,1,6,-5
4334528,6485448,2,1,1
4334528,6485448,3,2,1
4190378,4491436,6,10,-4
4190378,4491436,10,1,9
4190378,4491436,13,9,4
7701550,8547523,3,7,-4
6371964,8211131,1,1,0
6371964,8211131,11,6,5
7008453,7819921,2,5,-3
7008453,7819921,6,6,0
6665835,8276077,4,2,2
3939614,7882663,1,2,-1
3939614,7882663,2,5,-3
4813040,6611536,2,3,-1
4813040,6611536,3,5,-2
4813040,6611536,9,6,3
5191645,7275216,6,7,-1
6514809,7321144,3,3,0
6514809,7321144,11,2,9
4725110,7433123,1,8,-7
4725110,7433123,2,3,-1
5103985,6464087,1,6,-5
5103985,6464087,5,1,4
5103985,6464087,6,10,-4
5110262,7261518,4,5,-1
5110262,7261518,10,12,-2
4932408,7065409,10,3,7
4782867,7077121,3,3,0
4782867,7077121,7,4,3
5558719,8251012,6,11,-5
5558719,8251012,12,2,10
4236342,8468737,2,5,-3
7733647,7843684,5,9,-4
6234473,7104747,1,2,-1
6234473,7104747,2,7,-5
5457680,7894594,2,4,-2
5457680,7894594,10,2,8
6080640,8044497,3,5,-2
6080640,8044497,6,6,0
6080640,8044497,11,11,0
4799126,5625519,2,12,-10
4799126,5625519,7,2,5
4799126,5625519,12,3,9
4799126,5625519,13,8,5
7835136,8580870,8,1,7
6666826,8150521,10,1,9
5015479,8679535,1,1,0
5015479,8679535,7,5,2
6663587,7776009,7,1,6
4345347,8281435,3,4,-1
4345347,8281435,5,5,0
4345347,8281435,11,7,4
4959217,8034366,6,4,2
4150161,7727565,1,1,0
4150161,7727565,5,2,3
4150161,7727565,9,9,0
4281478,6428063,1,1,0
4281478,6428063,5,11,-6
5158537,7662404,11,2,9
7003744,7107555,1,4,-3
7003744,7107555,4,2,2
7003744,7107555,5,6,-1
7003744,7107555,11,7,4
5114592,7429330,6,10,-4
7470352,8415716,11,1,10
4553021,7679032,1,1,0
4928692,5499190,12,1,11
4731499,7608762,2,6,-4
4731499,7608762,3,3,0
4731499,7608762,4,2,2
4731499,7608762,6,5,1
7456439,8659956,3,6,-3
7456439,8659956,8,5,3
6169759,7058038,4,11,-7
6169759,7058038,5,10,-5
6169759,7058038,11,2,9
5280422,8428996,13,7,6
4303376,8491570,5,4,1
4223945,7681946,3,2,1
7088676,8223783,2,5,-3
7088676,8223783,4,1,3
7088676,8223783,5,9,-4
7088676,8223783,11,13,-2
6493098,7636543,3,2,1
6355056,8745845,2,1,1
6605112,7637937,3,6,-3
6605112,7637937,4,2,2
6605112,7637937,7,8,-1
6605112,7637937,10,5,5
7903631,8537789,1,5,-4
7903631,8537789,4,7,-3
4912675,6285580,1,3,-2
4912675,6285580,2,2,0
4912675,6285580,3,11,-8
4912675,6285580,5,12,-7
4912675,6285580,6,4,2
4912675,6285580,8,7,1
4912675,6285580,10,6,4
4912675,6285580,11,9,2
4912675,6285580,12,10,2
7280288,8132944,4,5,-1
5571100,8523890,4,12,-8
5571100,8523890,12,5,7
6501981,8055327,7,5,2
5490027,7697237,1,7,-6
5490027,7697237,2,1,1
5490027,7697237,8,10,-2
5003356,6307215,2,9,-7
5003356,6307215,3,1,2
5003356,6307215,5,7,-2
5003356,6307215,6,8,-2
5003356,6307215,8,2,6
5003356,6307215,9,5,4
5604804,7587368,4,12,-8
6325755,8105229,1,2,-1
6325755,8105229,2,5,-3
6325755,8105229,4,3,1
5625156,7089811,3,13,-10
5625156,7089811,7,8,-1
5625156,7089811,8,1,7
7096216,7685561,10,1,9
5440505,7652930,2,4,-2
5440505,7652930,3,6,-3
5440505,7652930,9,3,6
5440505,7652930,12,13,-1
5381718,7420109,2,4,-2
5381718,7420109,4,7,-3
6539547,7523481,2,13,-11
4696256,5242499,3,3,0
6073013,6490458,2,1,1
6073013,6490458,5,13,-8
4052811,5258176,1,5,-4
4872197,6490247,1,1,0
4872197,6490247,2,2,0
4872197,6490247,3,13,-10
4872197,6490247,5,5,0
4872197,6490247,7,10,-3
4872197,6490247,8,7,1
6570468,7221230,1,3,-2
6570468,7221230,2,2,0
6950158,7911549,1,2,-1
6950158,7911549,2,1,1
7186349,7855151,3,4,-1
7186349,7855151,6,11,-5
6233116,7703194,11,13,-2
6233116,7703194,13,7,6
4690677,6375643,1,2,-1
4101403,6153071,7,2,5
4101403,6153071,8,8,0
4101403,6153071,11,6,5
4101403,6153071,13,1,12
4114032,5337122,6,2,4
6324888,7259837,3,12,-9
6324888,7259837,11,7,4
5299958,8353732,1,5,-4
5299958,8353732,2,2,0
5299958,8353732,5,1,4
5299958,8353732,7,3,4
4812996,8352209,8,3,5
4812996,8352209,9,11,-2
4812996,8352209,10,13,-3
6148149,7194149,2,1,1
4291273,4607228,6,5,1
6425495,7156256,3,8,-5
6425495,7156256,8,9,-1
6425495,7156256,9,10,-1
6425495,7156256,13,11,2
5390355,6954847,4,1,3
5047468,6472484,7,6,1
5047468,6472484,10,1,9
5047468,6472484,12,9,3
6129675,8369937,3,1,2
6129675,8369937,12,5,7
6241069,8261901,5,4,1
6241069,8261901,12,12,0
5294546,7883874,1,10,-9
5294546,7883874,4,7,-3
5117521,5577279,2,2,0
5117521,5577279,4,8,-4
5117521,5577279,5,6,-1
5186594,7115196,5,5,0
5062266,5272877,1,1,0
5062266,5272877,2,11,-9
4152301,6514905,1,10,-9
4152301,6514905,3,6,-3
4152301,6514905,4,13,-9
5113332,7688505,3,12,-9
7072700,8159664,1,11,-10
7072700,8159664,8,7,1
6603324,7518387,3,12,-9
6603324,7518387,10,10,0
6637377,7165511,2,3,-1
6637377,7165511,3,1,2
5020088,7711410,2,1,1
5020088,7711410,5,4,1
7229702,8642999,4,6,-2
7229702,8642999,8,2,6
7229702,8642999,11,9,2
4362353,4538878,7,6,1
6041872,7126492,5,2,3
6248281,8360769,2,1,1
6248281,8360769,10,10,0
5494851,8013381,4,12,-8
5494851,8013381,7,13,-6
5494851,8013381,11,6,5
6177906,7099678,2,2,0
6324469,7496484,2,1,1
6341269,8650100,2,3,-1
6341269,8650100,11,5,6
6341269,8650100,12,2,10
6341269,8650100,13,8,5
5253223,7286442,4,4,0
5318221,7997469,2,1,1
5318221,7997469,13,11,2
6288561,7569818,9,3,6
5349342,7050806,6,10,-4
4213366,4365532,1,1,0
4213366,4365532,2,4,-2
4213366,4365532,5,13,-8
4213366,4365532,9,2,7
4028288,6984670,4,8,-4
4028288,6984670,6,2,4
4995675,6543469,9,3,6
5053471,7101496,13,4,9
4605473,6617168,2,5,-3
4605473,6617168,8,8,0
3980051,5642690,12,8,4
5280625,7890051,2,1,1
5280625,7890051,8,8,0
7307118,8637587,1,4,-3
7307118,8637587,2,2,0
7307118,8637587,13,8,5
6313035,6797337,7,6,1
6313035,6797337,8,7,1
4197943,5394980,5,13,-8
4197943,5394980,9,9,0
6259648,7069406,5,10,-5
6259648,7069406,9,5,4
3965808,7339136,2,9,-7
6468388,7137354,5,1,4
6468388,7137354,6,7,-1
6468388,7137354,12,13,-1
7462862,8748887,2,2,0
7462862,8748887,5,1,4
7462862,8748887,8,3,5
7462862,8748887,12,6,6
6287194,7780520,3,5,-2
6287194,7780520,4,2,2
6287194,7780520,9,3,6
5564994,7422527,1,10,-9
5564994,7422527,5,2,3
5564994,7422527,8,3,5
5564994,7422527,9,5,4
7122863,8080850,4,2,2
7122863,8080850,7,3,4
7122863,8080850,13,13,0
4834831,6464793,2,3,-1
4834831,6464793,8,1,7
5650937,7977914,2,6,-4
4641476,5251411,1,2,-1
4641476,5251411,4,5,-1
4641476,5251411,10,4,6
4641476,5251411,11,10,1
5316710,7901480,9,4,5
5592378,8606900,11,5,6
7163468,8192304,1,1,0
7163468,8192304,2,4,-2
7163468,8192304,4,3,1
7163468,8192304,6,5,1
5380276,8500674,1,2,-1
5380276,8500674,2,3,-1
5380276,8500674,3,4,-1
7041170,7955435,2,2,0
7041170,7955435,4,4,0
7041170,7955435,5,5,0
7041170,7955435,6,6,0
7041170,7955435,7,7,0
7041170,7955435,8,9,-1
7041170,7955435,9,10,-1
7041170,7955435,10,11,-1
7041170,7955435,11,12,-1
7041170,7955435,12,13,-1
4027152,4979185,5,1,4
4027152,4979185,9,11,-2
6655633,8663791,5,12,-7
3981758,4497027,1,9,-8
3981758,4497027,4,13,-9
3981758,4497027,5,8,-3
4733665,7914574,2,5,-3
4733665,7914574,5,7,-2
4733665,7914574,8,2,6
5281305,7068870,5,11,-6
5281305,7068870,7,1,6
6421750,7464411,7,10,-3
5653721,8424739,13,3,10
6545519,7724025,6,5,1
5524927,7461863,1,3,-2
5524927,7461863,2,2,0
7299208,8266049,1,7,-6
7299208,8266049,4,3,1
7299208,8266049,7,8,-1
7665870,8721139,11,10,1
5492920,6458790,7,6,1
5079437,5241251,9,10,-1
6635909,7425500,13,7,6
4420790,5321989,3,9,-6
4420790,5321989,7,7,0
4420790,5321989,12,1,11
4840421,7118160,2,12,-10
4840421,7118160,7,4,3
4840421,7118160,8,5,3
4896791,6932270,2,1,1
6569127,7240882,1,7,-6
6569127,7240882,9,11,-2
6569127,7240882,10,5,5
7268916,8442348,4,1,3
7268916,8442348,7,11,-4
7268916,8442348,8,8,0
5092446,7404477,1,1,0
5092446,7404477,4,3,1
4328410,6501045,4,1,3
4328410,6501045,6,7,-1
6100877,7916124,3,4,-1
4927770,7804022,10,7,3
4927770,7804022,11,1,10
4885641,6559960,1,10,-9
4885641,6559960,4,1,3
4885641,6559960,8,5,3
4885641,6559960,10,9,1
4351660,5017324,6,5,1
4034828,8297414,7,13,-6
5563448,6121126,9,7,2
7171803,8505284,2,2,0
7171803,8505284,12,1,11
7171803,8505284,13,7,6
4127859,6605859,1,1,0
4127859,6605859,2,3,-1
5501844,7662348,1,5,-4
5501844,7662348,2,6,-4
5616642,6090178,1,1,0
5616642,6090178,2,5,-3
5616642,6090178,3,3,0
6207134,8591508,5,10,-5
5338405,8268125,3,8,-5
5338405,8268125,5,9,-4
4250575,4908739,6,6,0
4250575,4908739,13,13,0
4717046,6446847,4,12,-8
4717046,6446847,8,6,2
4717046,6446847,10,9,1
4364295,5641932,5,5,0
4364295,5641932,9,6,3
4364295,5641932,13,13,0
6503005,7787145,2,1,1
6503005,7787145,8,9,-1
6503005,7787145,11,10,1
4791587,6470306,2,3,-1
4791587,6470306,5,4,1
4346331,4686428,5,1,4
4346331,4686428,12,13,-1
4318143,6122435,1,3,-2
4318143,6122435,7,12,-5
4318143,6122435,8,13,-5
5571568,7713711,3,1,2
4440918,8568626,9,13,-4
4440918,8568626,10,3,7
5602535,7609146,9,9,0
5602535,7609146,13,10,3
5391723,7276599,1,2,-1
5391723,7276599,7,9,-2
7200021,7865674,1,1,0
7075194,8267207,10,4,6
6580778,8059781,1,11,-10
6580778,8059781,2,1,1
6580778,8059781,7,2,5
6202384,7145158,4,1,3
4357612,7183991,1,1,0
4357612,7183991,8,6,2
5081687,7714589,2,1,1
5081687,7714589,4,8,-4
5081687,7714589,5,5,0
5081687,7714589,7,13,-6
5081687,7714589,8,2,6
6442090,7251148,1,1,0
6442090,7251148,2,3,-1
6442090,7251148,3,2,1
6442090,7251148,12,4,8
7865414,8099329,1,2,-1
7865414,8099329,4,5,-1
7865414,8099329,5,3,2
7865414,8099329,12,1,11
3969549,6080448,1,5,-4
3969549,6080448,9,6,3
3969549,6080448,11,2,9
6176097,8141375,3,2,1
6176097,8141375,4,12,-8
4419324,5015438,1,2,-1
7786898,8265872,3,4,-1
7786898,8265872,4,5,-1
7786898,8265872,8,6,2
4305254,7597164,1,4,-3
4305254,7597164,2,3,-1
4305254,7597164,4,2,2
4305254,7597164,7,5,2
4305254,7597164,8,9,-1
4192521,5649694,1,1,0
5134348,7129618,1,1,0
5134348,7129618,8,2,6
5513298,7146321,2,1,1
5513298,7146321,3,2,1
5513298,7146321,13,12,1
5418770,7317674,12,5,7
5070317,7724111,2,3,-1
5110211,6501551,1,1,0
4119540,5015379,1,2,-1
5374575,6495437,12,11,1
5454580,7464953,4,2,2
5643846,6841631,1,1,0
5643846,6841631,2,8,-6
5643846,6841631,8,10,-2
5643846,6841631,10,4,6
5402053,7102323,1,1,0
5402053,7102323,3,2,1
5041935,6333838,1,7,-6
5041935,6333838,2,3,-1
5041935,6333838,5,8,-3
5041935,6333838,11,13,-2
6094414,7826717,3,9,-6
6094414,7826717,4,2,2
6094414,7826717,10,3,7
6094414,7826717,12,4,8
4493693,4964976,2,6,-4
4493693,4964976,6,1,5
4493693,4964976,12,10,2
6665714,7200646,2,6,-4
5143462,5372441,2,8,-6
5143462,5372441,7,9,-2
5143462,5372441,9,4,5
6326367,6951852,1,1,0
6326367,6951852,2,6,-4
6326367,6951852,3,2,1
6326367,6951852,4,3,1
6326367,6951852,5,4,1
6326367,6951852,6,11,-5
6326367,6951852,7,13,-6
6326367,6951852,9,8,1
6326367,6951852,11,9,2
6326367,6951852,12,10,2
6334116,8239270,5,2,3
6334116,8239270,7,1,6
5337789,7673834,1,1,0
6537105,7052294,1,2,-1
6537105,7052294,4,10,-6
6454764,7390326,1,4,-3
6454764,7390326,2,7,-5
5481519,7672208,2,3,-1
5481519,7672208,5,6,-1
6266339,7848284,6,2,4
6266339,7848284,8,6,2
4317292,6931762,3,1,2
6221315,7837884,3,6,-3
4926325,6323894,4,12,-8
4871296,5267433,4,1,3
4871296,5267433,6,3,3
5260077,6280659,3,1,2
5260077,6280659,8,2,6
5592138,7113064,12,3,9
5403711,6458535,1,1,0
5403711,6458535,3,5,-2
5403711,6458535,4,3,1
5403711,6458535,6,7,-1
5403711,6458535,9,6,3
5571189,7338526,1,2,-1
5571189,7338526,2,1,1
6338758,6875277,5,12,-7
6338758,6875277,7,2,5
6242765,7058216,9,3,6
7058490,8738219,2,12,-10
7058490,8738219,6,11,-5
7058490,8738219,12,4,8
7058490,8738219,13,6,7
6250055,8118533,9,4,5
6250055,8118533,12,6,6
4981760,7524910,4,5,-1
4924437,5168335,5,9,-4
4128756,4439865,3,7,-4
4128756,4439865,5,5,0
4128756,4439865,10,2,8
4128756,4439865,12,6,6
6378142,7770242,8,2,6
4776563,6206339,4,5,-1
6980091,7450001,3,5,-2
6980091,7450001,7,4,3
6980091,7450001,9,2,7
6980091,7450001,12,9,3
5645566,8425552,1,7,-6
5645566,8425552,11,2,9
4832259,8360334,4,4,0
6222739,7316060,1,5,-4
5091333,6423990,12,9,3
3986439,6318241,1,4,-3
3986439,6318241,2,2,0
4858825,6220522,6,4,2
4858825,6220522,13,5,8
4819646,8128572,3,3,0
5025834,6158454,3,4,-1
5195829,8680447,1,4,-3
5195829,8680447,2,9,-7
4195782,6095432,6,4,2
6524370,7722698,3,1,2
6524370,7722698,5,13,-8
6524370,7722698,12,4,8
6096070,7220816,3,13,-10
6096070,7220816,9,6,3
6415138,7916123,1,12,-11
6415138,7916123,5,6,-1
7233467,8525265,1,1,0
7233467,8525265,4,5,-1
7233467,8525265,11,6,5
7233467,8525265,12,3,9
7233467,8525265,13,12,1
4774914,8746197,1,4,-3
4774914,8746197,3,13,-10
6137520,8278225,3,5,-2
6137520,8278225,6,7,-1
7177866,8725698,1,1,0
4556688,5399608,3,11,-8
4556688,5399608,5,13,-8
4176240,6552109,1,1,0
4176240,6552109,2,4,-2
4176240,6552109,10,2,8
5244462,7655007,4,2,2
5244462,7655007,8,7,1
7035658,7747268,9,9,0
6387473,6899921,1,12,-11
6387473,6899921,8,1,7
4264815,4853622,3,9,-6
6496568,7624171,1,5,-4
6496568,7624171,2,4,-2
4146287,4437725,1,1,0
4146287,4437725,5,7,-2
4027085,6365681,2,9,-7
4027085,6365681,8,4,4
4406000,7603584,8,2,6
4406000,7603584,9,1,8
6177882,7557492,1,2,-1
6177882,7557492,2,6,-4
4571342,4865868,1,2,-1
4571342,4865868,2,10,-8
4571342,4865868,3,1,2
4571342,4865868,6,8,-2
4314420,7757426,1,8,-7
4314420,7757426,2,1,1
4314420,7757426,6,7,-1
5011329,6969123,12,10,2
5036862,7270650,2,3,-1
5036862,7270650,6,6,0
4038247,5068356,4,5,-1
4038247,5068356,6,7,-1
4046479,5286067,2,4,-2
4046479,5286067,5,3,2
4046479,5286067,6,5,1
5500646,7750573,9,4,5
4332464,7068260,1,6,-5
4332464,7068260,9,11,-2
5625673,7346374,1,2,-1
4814152,7686976,8,7,1
4814152,7686976,13,13,0
6294100,7723210,11,7,4
4703756,8275439,3,1,2
4703756,8275439,10,5,5
6449803,7491133,2,1,1
4368239,4671978,1,7,-6
4368239,4671978,8,13,-5
4643298,6957734,8,5,3
4794926,8690796,2,4,-2
6571121,8050751,4,3,1
6571121,8050751,5,2,3
5477925,7228901,3,2,1
7260353,8509668,1,6,-5
7260353,8509668,7,4,3
7260353,8509668,9,8,1
5291049,7060960,5,1,4
5313943,6263248,1,5,-4
5313943,6263248,10,6,4
5421598,6186252,2,1,1
5421598,6186252,10,9,1
5421598,6186252,13,4,9
4520666,7536905,2,3,-1
4520666,7536905,3,4,-1
4520666,7536905,4,7,-3
4903545,5163293,2,12,-10
4903545,5163293,8,5,3
5009131,6393948,2,1,1
5009131,6393948,4,7,-3
7466810,8477761,2,3,-1
7466810,8477761,13,8,5
4451645,8263216,4,1,3
4451645,8263216,5,12,-7
5620715,7804400,5,1,4
5620715,7804400,8,6,2
6859927,8396198,6,2,4
5098806,5616443,6,3,3
6535743,7970648,2,10,-8
5570576,7673447,1,2,-1
5570576,7673447,7,11,-4
5570576,7673447,10,5,5
5489455,7851036,3,2,1
6372563,6599831,1,1,0
6372563,6599831,2,4,-2
7315183,8350592,1,10,-9
7315183,8350592,2,6,-4
5154090,7661330,1,9,-8
5154090,7661330,3,6,-3
5154090,7661330,9,1,8
5154090,7661330,11,4,7
8154204,8269419,1,12,-11
8154204,8269419,2,9,-7
8154204,8269419,3,5,-2
8154204,8269419,6,7,-1
8154204,8269419,10,8,2
8154204,8269419,11,4,7
8154204,8269419,13,11,2
4466442,5393524,1,1,0
4466442,5393524,7,4,3
4450525,6085308,4,12,-8
4450525,6085308,12,13,-1
4073981,4254163,3,12,-9
4073981,4254163,5,9,-4
4679789,8360858,2,1,1
4679789,8360858,3,3,0
4027637,4131089,1,6,-5
4027637,4131089,5,12,-7
4027637,4131089,10,7,3
4928221,5272622,2,1,1
4970335,7718634,6,8,-2
4970335,7718634,9,7,2
4970335,7718634,13,6,7
5167869,7083747,4,4,0
6247428,7040256,2,1,1
6247428,7040256,3,4,-1
4364398,8157731,4,6,-2
6629744,7828403,3,2,1
6629744,7828403,5,4,1
7487916,7735738,3,5,-2
6203542,7761945,10,7,3
5382164,6318994,4,2,2
5382164,6318994,5,8,-3
6947532,8255300,4,7,-3
6500524,8062720,1,13,-12
6500524,8062720,4,2,2
6500524,8062720,6,11,-5
5336187,8231582,1,1,0
4316293,6200344,1,8,-7
4316293,6200344,3,2,1
4316293,6200344,9,4,5
4316293,6200344,13,5,8
4065677,6894592,1,11,-10
5357552,6430261,1,1,0
5357552,6430261,2,3,-1
5357552,6430261,3,6,-3
5357552,6430261,4,4,0
5357552,6430261,5,8,-3
4371054,7303048,6,6,0
5363068,6240554,7,12,-5
5363068,6240554,9,2,7
3997484,6096373,3,2,1
4708141,8540733,1,2,-1
5375828,7654531,1,3,-2
7578546,8622445,2,12,-10
7578546,8622445,7,6,1
6884953,7932624,1,1,0
6884953,7932624,2,2,0
6884953,7932624,4,3,1
4213751,8353697,2,11,-9
4213751,8353697,3,1,2
4213751,8353697,4,9,-5
6326269,7084463,3,13,-10
6326269,7084463,7,11,-4
6326269,7084463,9,1,8
5245503,7054130,2,1,1
5245503,7054130,7,12,-5
5245503,7054130,10,6,4
5181858,6509659,4,2,2
7397700,7952928,5,10,-5
7397700,7952928,6,7,-1
7397700,7952928,9,13,-4
4902289,7105018,4,6,-2
5306723,7259157,10,10,0
7393428,8019099,1,1,0
7393428,8019099,2,3,-1
6555161,6632530,1,3,-2
6555161,6632530,2,1,1
6555161,6632530,3,2,1
6555161,6632530,4,6,-2
6555161,6632530,6,7,-1
6555161,6632530,8,4,4
6555161,6632530,9,10,-1
4812600,5285003,2,2,0
4812600,5285003,3,3,0
4812600,5285003,4,4,0
4812600,5285003,5,5,0
4812600,5285003,7,6,1
4812600,5285003,8,7,1
4812600,5285003,9,8,1
4812600,5285003,10,9,1
4812600,5285003,11,13,-2
4812600,5285003,12,10,2
4812600,5285003,13,11,2
5428375,6481836,2,5,-3
5428375,6481836,3,1,2
5428375,6481836,4,4,0
6213750,7594809,10,13,-3
4724824,5076350,5,3,2
4724824,5076350,11,2,9
4596381,7360752,1,1,0
4596381,7360752,2,2,0
4596381,7360752,5,12,-7
7996525,8499055,1,2,-1
7996525,8499055,12,13,-1
4864941,8438982,2,9,-7
4864941,8438982,4,6,-2
4864941,8438982,11,11,0
6159097,8662989,2,1,1
6159097,8662989,6,2,4
6178389,7983868,1,2,-1
6178389,7983868,2,1,1
6122436,7697823,6,9,-3
4916273,8465487,3,3,0
7122281,8363463,8,1,7
7122281,8363463,13,10,3
6170355,7244218,1,1,0
6186492,6290225,1,1,0
6186492,6290225,2,4,-2
6186492,6290225,3,8,-5
6186492,6290225,5,3,2
6186492,6290225,8,5,3
6206379,7207571,5,8,-3
6206379,7207571,10,9,1
7339699,7733407,2,4,-2
7339699,7733407,9,5,4
4375513,4613503,3,8,-5
4375513,4613503,4,6,-2
4375513,4613503,10,2,8
6420722,7501842,2,1,1
6883727,8006919,1,3,-2
6883727,8006919,2,1,1
6883727,8006919,5,6,-1
6883727,8006919,9,10,-1
6283601,6632373,1,3,-2
6283601,6632373,2,4,-2
5093652,8520285,3,2,1
4378324,4717394,2,1,1
4378324,4717394,3,3,0
5647723,7104865,4,6,-2
5647723,7104865,12,11,1
7432647,8115217,1,4,-3
7432647,8115217,2,13,-11
7432647,8115217,4,1,3
7010144,8103123,2,1,1
7721253,8370354,1,4,-3
6166560,6992504,1,8,-7
6166560,6992504,3,1,2
6166560,6992504,7,3,4
4595149,4687147,1,1,0
4595149,4687147,2,2,0
4595149,4687147,4,7,-3
4089374,4610303,1,2,-1
4089374,4610303,3,1,2
4089374,4610303,13,10,3
4453191,4825323,1,2,-1
4453191,4825323,8,10,-2
5113427,6549130,1,8,-7
5113427,6549130,2,3,-1
5113427,6549130,5,2,3
5113427,6549130,13,4,9
6641024,7311237,3,2,1
4302275,5372671,8,3,5
4978358,7270679,7,4,3
5191980,8282716,2,7,-5
5069604,6257196,7,1,6
5069604,6257196,13,5,8
7236787,7430420,1,4,-3
7236787,7430420,3,6,-3
7236787,7430420,10,12,-2
7236787,7430420,13,8,5
7135931,8198938,2,5,-3
7135931,8198938,3,10,-7
5259086,6199239,1,2,-1
5259086,6199239,2,8,-6
5259086,6199239,5,13,-8
4233667,4667337,2,9,-7
4553390,5289892,1,4,-3
6401036,7551138,11,11,0
6501917,7616908,4,9,-5
6501917,7616908,7,2,5
6501917,7616908,9,3,6
6501917,7616908,12,6,6
7981076,8408421,11,6,5
4757215,7093066,1,1,0
4757215,7093066,5,4,1
4757215,7093066,9,7,2
4749879,5144118,10,7,3
5002579,6517583,9,3,6
5002579,6517583,11,8,3
5648399,6228354,4,13,-9
6364769,7722468,1,9,-8
7525983,8259720,10,2,8
4077640,8740243,7,3,4
4077640,8740243,10,6,4
4077640,8740243,12,5,7
4077640,8740243,13,2,11
6404023,7095550,3,7,-4
6404023,7095550,8,1,7
6404023,7095550,13,12,1
5152315,5472012,6,1,5
5152315,5472012,8,4,4
5152315,5472012,10,5,5
4446254,6472015,4,7,-3
4446254,6472015,6,2,4
6127814,7915881,1,4,-3
6127814,7915881,4,6,-2
6127814,7915881,7,3,4
6127814,7915881,9,13,-4
6278921,6954689,2,2,0
6442012,7810846,7,1,6
4916046,5395736,8,2,6
4916046,5395736,10,8,2
5599231,7828653,1,2,-1
5599231,7828653,8,1,7
5599231,7828653,12,7,5
6545616,7656861,7,5,2
6545616,7656861,13,8,5
5543352,7078727,1,3,-2
5543352,7078727,3,1,2
5543352,7078727,4,4,0
5555258,6480587,13,12,1
4484217,7817208,9,8,1
6500862,8725529,10,12,-2
6500862,8725529,12,13,-1
5518735,6288105,4,2,2
6280458,7749222,2,11,-9
5280943,7275756,1,1,0
5280943,7275756,11,13,-2
6304292,8154628,8,9,-1
6199753,7207485,6,3,3
4920045,8349573,1,2,-1
4920045,8349573,2,1,1
4920045,8349573,4,9,-5
4920045,8349573,6,6,0
4920045,8349573,7,3,4
4920045,8349573,9,7,2
4920045,8349573,10,8,2
4938753,8491556,4,5,-1
4938753,8491556,13,8,5
6289360,6978285,7,6,1
6289360,6978285,8,4,4
6549074,7719349,1,1,0
6549074,7719349,2,3,-1
6549074,7719349,13,2,11
4702862,4832874,1,4,-3
4702862,4832874,3,2,1
4342771,4695634,1,1,0
4342771,4695634,2,2,0
4342771,4695634,3,3,0
4997461,7510585,1,1,0
4997461,7510585,11,2,9
7030288,7858838,1,1,0
7030288,7858838,2,2,0
7030288,7858838,3,3,0
7030288,7858838,4,4,0
7030288,7858838,5,13,-8
7030288,7858838,7,5,2
7030288,7858838,8,6,2
7030288,7858838,9,7,2
7030288,7858838,10,8,2
7030288,7858838,12,9,3
6154197,6331146,12,5,7
4316493,6325132,1,3,-2
4316493,6325132,4,5,-1
4316493,6325132,5,10,-5
4316493,6325132,8,2,6
4311197,5193621,1,1,0
4311197,5193621,2,4,-2
4311197,5193621,3,10,-7
4311197,5193621,11,6,5
4873316,7544859,10,12,-2
4044942,4706878,3,1,2
4044942,4706878,8,6,2
6220477,8356726,6,8,-2
5560358,7553193,4,2,2
5560358,7553193,5,8,-3
5560358,7553193,10,3,7
5560358,7553193,12,5,7
6067322,7554562,3,10,-7
6142607,7036909,2,11,-9
6142607,7036909,4,2,2
6142607,7036909,11,1,10
6078369,7358534,3,7,-4
6078369,7358534,5,1,4
6078369,7358534,6,2,4
5358732,8268176,7,8,-1
6076617,7677336,4,2,2
5180624,6238047,1,1,0
5180624,6238047,3,3,0
5180624,6238047,4,7,-3
5180624,6238047,5,5,0
6315662,7500913,1,2,-1
6315662,7500913,2,6,-4
6315662,7500913,10,11,-1
6315662,7500913,13,5,8
6191519,8172040,3,2,1
6191519,8172040,5,9,-4
7852017,8593135,5,2,3
4523379,7434316,1,5,-4
4523379,7434316,2,2,0
4523379,7434316,4,1,3
5296513,8329776,1,2,-1
5296513,8329776,9,8,1
6292806,6885921,8,1,7
6292806,6885921,10,2,8
6614781,7492879,7,2,5
6141597,8082050,1,1,0
7408308,8026673,1,8,-7
7408308,8026673,2,13,-11
5099883,8132781,1,2,-1
5099883,8132781,3,3,0
5099883,8132781,11,8,3
5099883,8132781,13,12,1
7129548,7736984,1,1,0
7129548,7736984,9,2,7
5137215,6322011,9,8,1
5654283,6204249,2,1,1
5654283,6204249,3,3,0
5654283,6204249,5,2,3
5654283,6204249,12,7,5
5109429,7452727,2,8,-6
5109429,7452727,3,6,-3
6890397,7288163,1,1,0
6890397,7288163,2,9,-7
6890397,7288163,4,3,1
6890397,7288163,7,4,3
6890397,7288163,10,2,8
6890397,7288163,13,6,7
4884733,7121601,1,12,-11
4884733,7121601,13,13,0
4459582,6950016,1,3,-2
7607021,8695095,3,8,-5
7607021,8695095,8,1,7
5560532,8308757,2,10,-8
5560532,8308757,7,8,-1
6315350,7448672,4,2,2
6315350,7448672,6,7,-1
6315350,7448672,13,6,7
6081660,7356407,1,2,-1
6073091,7013265,2,1,1
6073091,7013265,5,11,-6
6073091,7013265,6,3,3
5649292,7751822,1,1,0
5649292,7751822,2,2,0
5649292,7751822,3,4,-1
5649292,7751822,6,9,-3
5330634,6117290,1,7,-6
5330634,6117290,3,2,1
5330634,6117290,5,4,1
5330634,6117290,6,10,-4
4782820,5645582,7,13,-6
3931990,6386568,1,2,-1
3931990,6386568,2,6,-4
3931990,6386568,5,11,-6
6026474,6516342,3,4,-1
4917147,6474365,11,1,10
3987797,6187768,2,13,-11
5345928,7464711,4,5,-1
5345928,7464711,6,4,2
5345928,7464711,8,11,-3
7063019,7845277,3,12,-9
7063019,7845277,7,2,5
7063019,7845277,12,9,3
7063019,7845277,13,11,2
7075399,8531078,1,1,0
4616824,8357054,1,2,-1
4616824,8357054,3,5,-2
6355021,7704228,7,3,4
4663077,6395293,8,9,-1
4663077,6395293,10,11,-1
4303397,5335559,1,3,-2
4303397,5335559,10,10,0
4485529,7143486,3,1,2
4535772,6485503,1,8,-7
4535772,6485503,3,5,-2
4535772,6485503,9,4,5
5168941,6227312,2,5,-3
5168941,6227312,5,4,1
6366813,7715919,3,10,-7
6366813,7715919,8,3,5
6366813,7715919,12,9,3
6211013,7629244,2,12,-10
6211013,7629244,3,2,1
6211013,7629244,5,7,-2
6211013,7629244,11,5,6
6211013,7629244,12,8,4
7718174,8580930,1,1,0
7718174,8580930,7,2,5
6165661,7083675,1,1,0
5214216,6071609,1,11,-10
4106657,4919268,7,10,-3
4106657,4919268,12,5,7
6156468,7670735,6,1,5
4402316,7198079,1,8,-7
4402316,7198079,11,10,1
5323160,5510792,1,4,-3
5323160,5510792,3,12,-9
5323160,5510792,5,9,-4
5323160,5510792,6,11,-5
4318138,4499783,2,10,-8
4318138,4499783,8,9,-1
4865000,4953514,1,4,-3
6424375,7414653,2,5,-3
6424375,7414653,6,3,3
4903717,8544483,8,2,6
4925464,7135059,12,3,9
6868451,7836011,3,7,-4
6315929,8070475,1,1,0
6315929,8070475,2,4,-2
6315929,8070475,3,12,-9
4749554,6350401,7,3,4
4749554,6350401,12,7,5
5001415,5235232,1,8,-7
5001415,5235232,4,4,0
4487177,6553981,2,7,-5
4834715,5131405,2,4,-2
6664793,7057393,6,10,-4
6149404,6361291,1,1,0
6149404,6361291,2,4,-2
6149404,6361291,3,3,0
6149404,6361291,5,5,0
6149404,6361291,6,7,-1
6149404,6361291,8,12,-4
6149404,6361291,9,13,-4
6149404,6361291,10,6,4
5293614,7058954,5,11,-6
5293614,7058954,8,7,1
5088998,5314406,12,7,5
5088998,5314406,13,8,5
5377678,7158754,2,7,-5
5377678,7158754,5,2,3
5106233,7121765,3,1,2
5106233,7121765,12,11,1
4334432,8500645,1,5,-4
4334432,8500645,6,8,-2
5622567,7750312,1,3,-2
5622567,7750312,2,2,0
4714430,4919620,3,2,1
6317701,7287073,1,3,-2
6317701,7287073,3,2,1
6173077,6563873,4,4,0
6321192,7657424,3,8,-5
4439785,8380041,6,11,-5
5483343,7327465,3,1,2
4089236,5003841,1,1,0
4089236,5003841,2,13,-11
4089236,5003841,3,7,-4
4089236,5003841,4,5,-1
7747037,8099403,1,1,0
4076656,5208098,2,2,0
7935136,8753347,1,1,0
7935136,8753347,2,3,-1
4176546,4404522,5,1,4
4176546,4404522,9,8,1
6278592,7111385,1,2,-1
6278592,7111385,12,4,8
4327055,8075227,1,2,-1
4327055,8075227,13,9,4
6244574,7255333,1,2,-1
6244574,7255333,2,7,-5
6244574,7255333,5,9,-4
6244574,7255333,11,10,1
5501880,6096156,1,4,-3
5501880,6096156,7,13,-6
5501880,6096156,11,9,2
7891816,8746888,2,2,0
7891816,8746888,4,6,-2
7891816,8746888,9,7,2
7891816,8746888,13,1,12
4135550,8261777,1,6,-5
6168520,7252591,10,6,4
6062645,7506936,1,1,0
6062645,7506936,2,5,-3
6062645,7506936,8,8,0
7341756,8337985,1,5,-4
7341756,8337985,11,3,8
4611594,7892171,8,4,4
4998387,5362175,3,1,2
4013456,7695544,12,5,7
4261432,7162039,2,1,1
4261432,7162039,3,12,-9
4261432,7162039,4,7,-3
4261432,7162039,9,2,7
4261432,7162039,11,6,5
6304857,8175969,2,1,1
5060745,6648093,6,10,-4
5060745,6648093,10,2,8
5380318,7112974,2,4,-2
5380318,7112974,12,5,7
6845340,7260446,2,9,-7
6845340,7260446,3,6,-3
7647609,8694373,1,1,0
7647609,8694373,5,10,-5
4778517,7083747,3,4,-1
4778517,7083747,4,7,-3
4778517,7083747,5,13,-8
5167721,5380068,2,4,-2
6243348,8712970,2,13,-11
6243348,8712970,12,5,7
5577493,7950821,3,2,1
5577493,7950821,12,1,11
6165166,6464683,1,1,0
6165166,6464683,2,2,0
6165166,6464683,3,3,0
6165166,6464683,4,4,0
6165166,6464683,5,5,0
6165166,6464683,6,6,0
6165166,6464683,7,7,0
6165166,6464683,8,8,0
6165166,6464683,9,9,0
6165166,6464683,10,10,0
6165166,6464683,11,11,0
6165166,6464683,12,12,0
6165166,6464683,13,13,0
7866850,8523402,1,1,0
7866850,8523402,4,11,-7
5574339,7703158,2,4,-2
4984786,5588940,2,1,1
4909781,5156610,7,2,5
4909781,5156610,11,8,3
4414976,4837379,9,2,7
6456658,7873109,6,10,-4
7752158,8331656,5,1,4
4213962,6491965,3,3,0
4213962,6491965,5,1,4
4213962,6491965,9,7,2
4799095,5304821,3,6,-3
4799095,5304821,10,3,7
6396302,6903573,1,2,-1
6396302,6903573,3,5,-2
6396302,6903573,5,7,-2
6396302,6903573,8,9,-1
4629675,4801961,2,4,-2
4629675,4801961,3,3,0
6326468,7674881,1,1,0
6326468,7674881,4,10,-6
6155473,8561870,10,11,-1
6268328,8546506,13,12,1
4994071,6622604,1,6,-5
4994071,6622604,3,11,-8
5031628,5246006,2,3,-1
5031628,5246006,7,2,5
5031628,5246006,9,8,1
5031628,5246006,12,12,0
4873656,8050903,3,2,1
4113029,6375405,6,1,5
4113029,6375405,11,3,8
6656748,7682924,3,10,-7
6656748,7682924,4,2,2
6656748,7682924,6,9,-3
5193734,7032803,1,1,0
5193734,7032803,2,13,-11
5193734,7032803,3,4,-1
5193734,7032803,4,7,-3
5193734,7032803,6,6,0
7192076,7562917,1,5,-4
7192076,7562917,6,4,2
6480671,8224776,10,12,-2
6480671,8224776,11,6,5
4636038,6211928,4,3,1
4636038,6211928,6,1,5
4636038,6211928,9,2,7
4636038,6211928,13,11,2
4389999,7963458,2,1,1
4389999,7963458,6,10,-4
6327652,8271350,7,8,-1
6327652,8271350,12,9,3
6364788,8382604,2,10,-8
6364788,8382604,3,2,1
6364788,8382604,4,3,1
4131209,4339224,1,4,-3
6510350,8090817,12,10,2
5012405,5307494,1,2,-1
5648038,6225812,2,2,0
5648038,6225812,10,8,2
4775173,5330235,9,1,8
4775173,5330235,10,3,7
7110984,7539312,4,1,3
4337270,5223639,2,1,1
6076915,6883892,3,1,2
5312410,7556630,1,1,0
5312410,7556630,3,6,-3
5312410,7556630,12,2,10
5335483,7341632,1,13,-12
4161751,7797717,2,11,-9
4161751,7797717,4,8,-4
5303034,5418732,1,11,-10
5303034,5418732,2,1,1
6175228,7888957,2,1,1
6175228,7888957,5,3,2
5332869,5616206,7,3,4
5332869,5616206,12,1,11
4071751,5107512,1,1,0
4071751,5107512,5,4,1
4071751,5107512,6,2,4
4071751,5107512,8,3,5
4818987,5254986,1,1,0
6596719,6911476,10,1,9
4745618,5003543,11,1,10
4745618,5003543,12,13,-1
8008403,8501884,4,1,3
8008403,8501884,8,4,4
8008403,8501884,9,6,3
8008403,8501884,11,3,8
4541871,6465397,1,13,-12
4541871,6465397,4,1,3
4296881,4671279,1,1,0
4296881,4671279,10,3,7
7440339,8451642,1,2,-1
7440339,8451642,2,1,1
7440339,8451642,3,3,0
7440339,8451642,6,7,-1
7440339,8451642,8,6,2
7440339,8451642,10,8,2
7440339,8451642,11,9,2
7440339,8451642,12,10,2
7440339,8451642,13,12,1
5265159,8190905,6,9,-3
4298176,7309048,1,1,0
4298176,7309048,2,3,-1
4298176,7309048,5,6,-1
4298176,7309048,11,5,6
4298176,7309048,13,10,3
5408260,7715534,10,13,-3
5408260,7715534,12,3,9
4204233,4639789,5,6,-1
4204233,4639789,6,1,5
6665145,7471484,1,10,-9
6665145,7471484,6,2,4
6250817,8753022,3,8,-5
4762128,8343187,1,1,0
4762128,8343187,4,10,-6
4762128,8343187,9,8,1
5570247,7777981,1,10,-9
7471525,7881081,4,8,-4
7471525,7881081,5,10,-5
4984147,5309078,1,7,-6
6222866,7359589,2,7,-5
6222866,7359589,10,5,5
7030041,8282768,4,6,-2
7149039,7724454,2,1,1
7149039,7724454,3,2,1
7149039,7724454,4,6,-2
6652069,7754994,2,7,-5
6652069,7754994,9,3,6
6388294,8658497,1,3,-2
6388294,8658497,8,5,3
7534026,8025434,1,3,-2
7534026,8025434,2,6,-4
7534026,8025434,6,4,2
7534026,8025434,9,13,-4
7534026,8025434,10,8,2
7534026,8025434,11,9,2
5591382,6248262,8,4,4
6209278,8720151,7,2,5
4035884,4434530,3,5,-2
6604228,6983405,7,11,-4
4559560,5237415,1,4,-3
4559560,5237415,2,11,-9
4559560,5237415,7,3,4
7438269,7963489,3,2,1
4876363,5269951,1,10,-9
4876363,5269951,5,5,0
5494522,6308654,1,5,-4
6075982,7991411,8,11,-3
4595035,5322260,3,13,-10
4595035,5322260,7,5,2
4595035,5322260,12,7,5
4595035,5322260,13,10,3
6490441,8019564,1,3,-2
6490441,8019564,13,13,0
6141378,7158562,13,10,3
5362390,5643446,7,5,2
4683883,7749266,5,2,3
5632016,7013354,4,2,2
5632016,7013354,5,6,-1
5632016,7013354,11,12,-1
5646767,6853470,1,3,-2
5646767,6853470,2,4,-2
5646767,6853470,8,1,7
5646767,6853470,9,6,3
5267762,7864534,1,3,-2
5549698,6562540,9,3,6
6948168,7236958,2,1,1
6948168,7236958,4,4,0
6948168,7236958,11,5,6
7031367,7487596,2,1,1
7031367,7487596,3,2,1
7031367,7487596,4,9,-5
6542191,8120624,2,3,-1
6542191,8120624,3,1,2
6542191,8120624,7,10,-3
5208771,7006380,4,2,2
5208771,7006380,6,12,-6
5208771,7006380,7,8,-1
5208771,7006380,8,7,1
5208771,7006380,12,5,7
5428355,6657444,13,12,1
4538978,5332588,2,2,0
8116075,8369092,13,7,6
6928514,7752387,6,8,-2
4548092,4919004,1,8,-7
4548092,4919004,7,7,0
4905442,7617645,9,3,6
4193139,8066777,3,3,0
6631508,8160864,10,11,-1
5063078,7670633,9,11,-2
5063078,7670633,11,8,3
5200320,7572882,3,8,-5
6098343,7673426,3,1,2
6098343,7673426,11,3,8
5404469,6839889,10,12,-2
5404469,6839889,11,4,7
4054656,4695568,2,3,-1
4054656,4695568,5,2,3
4317957,4500750,2,7,-5
4317957,4500750,3,1,2
4317957,4500750,5,5,0
4317957,4500750,9,11,-2
4926469,5408524,2,7,-5
4926469,5408524,10,6,4
6262883,7425141,4,1,3
6262883,7425141,6,5,1
6150781,6600285,1,2,-1
6150781,6600285,3,7,-4
6150781,6600285,11,5,6
4400768,4920487,2,1,1
4400768,4920487,7,13,-6
4400768,4920487,10,11,-1
6220248,7670350,1,1,0
6220248,7670350,11,2,9
6371336,6932243,5,4,1
6371336,6932243,8,3,5
5655282,6457294,1,5,-4
7831134,8192682,1,6,-5
6421377,7194037,13,6,7
3981541,4101174,8,6,2
5289321,7397496,2,2,0
5289321,7397496,3,8,-5
5400319,6917579,6,1,5
4678974,5274315,10,11,-1
6223071,7190109,1,1,0
6223071,7190109,2,2,0
6223071,7190109,3,3,0
6223071,7190109,4,4,0
6223071,7190109,5,5,0
6223071,7190109,6,6,0
6223071,7190109,8,7,1
6223071,7190109,9,8,1
6223071,7190109,10,9,1
6223071,7190109,11,10,1
6223071,7190109,12,11,1
6223071,7190109,13,12,1
4961259,5626771,4,12,-8
4961259,5626771,8,6,2
4961259,5626771,11,4,7
4545744,4718903,1,1,0
6231518,6514250,6,1,5
6282646,7287099,4,8,-4
5244700,8438780,1,1,0
5244700,8438780,6,4,2
5244700,8438780,13,13,0
6175310,6639517,1,1,0
6175310,6639517,8,8,0
6175310,6639517,13,10,3
4560427,5146520,1,9,-8
4560427,5146520,12,3,9
6091959,6862622,1,9,-8
4333378,6891093,2,7,-5
7322042,8041947,2,5,-3
7322042,8041947,3,10,-7
7322042,8041947,4,11,-7
7322042,8041947,7,12,-5
5043940,6149316,1,9,-8
5043940,6149316,2,5,-3
5043940,6149316,3,8,-5
5043940,6149316,5,4,1
5043940,6149316,6,2,4
6360750,7555343,4,2,2
4128132,5261170,1,3,-2
4917474,8441422,7,1,6
7924849,8428074,3,4,-1
4636786,8608079,13,6,7
5597956,7065410,4,5,-1
6311568,8739638,1,8,-7
4531398,5092220,7,8,-1
5020337,7699215,4,2,2
4896544,5351555,4,4,0
4896544,5351555,5,2,3
4896544,5351555,7,11,-4
4896544,5351555,11,1,10
5108095,6491609,5,2,3
5108095,6491609,8,3,5
5108095,6491609,11,12,-1
4336638,6231803,4,1,3
6495397,8674500,1,1,0
6495397,8674500,3,11,-8
6495397,8674500,9,6,3
6130001,7352125,1,7,-6
6130001,7352125,2,3,-1
6130001,7352125,3,10,-7
6130001,7352125,4,8,-4
7557182,8710013,13,6,7
5018511,5653679,1,1,0
5018511,5653679,10,8,2
5492821,7645860,1,3,-2
5492821,7645860,7,5,2
5492821,7645860,10,9,1
4804637,6255690,1,1,0
4804637,6255690,2,3,-1
4804637,6255690,6,5,1
4804637,6255690,10,7,3
4848884,6396645,9,1,8
4848884,6396645,10,7,3
4848884,6396645,11,4,7
6154917,6347428,5,1,4
6154917,6347428,10,3,7
6154917,6347428,12,6,6
6148480,7184275,13,1,12
4306329,7459871,1,7,-6
4762648,5436243,1,9,-8
4762648,5436243,12,11,1
5341337,6545504,12,8,4
4444071,8434563,2,2,0
7402339,7794839,1,1,0
7402339,7794839,2,2,0
7402339,7794839,3,3,0
7402339,7794839,4,4,0
7402339,7794839,5,5,0
7402339,7794839,7,7,0
7402339,7794839,8,6,2
7402339,7794839,9,8,1
7402339,7794839,10,9,1
7402339,7794839,11,10,1
7402339,7794839,12,11,1
7402339,7794839,13,12,1
4031012,7156375,3,8,-5
4399504,5202971,4,3,1
4982514,5263267,5,7,-2
6893693,8741443,3,10,-7
4251610,6406603,2,4,-2
4251610,6406603,12,3,9
4750123,8670019,4,1,3
5654805,7788690,11,3,8
5636684,7686069,2,6,-4
5636684,7686069,5,10,-5
5636684,7686069,12,4,8
5192163,6082929,3,2,1
5192163,6082929,5,7,-2
4940233,7025710,5,5,0
4940233,7025710,7,1,6
6412000,7978714,2,4,-2
4923433,5232406,2,10,-8
4923433,5232406,7,7,0
4923433,5232406,8,12,-4
4923433,5232406,11,3,8
5377678,8696685,11,1,10
5270964,7500861,4,4,0
5270964,7500861,7,1,6
4719160,7324248,1,1,0
4719160,7324248,2,2,0
4719160,7324248,3,6,-3
6904227,7787744,1,1,0
7105300,8148064,1,1,0
7105300,8148064,5,8,-3
7105300,8148064,8,2,6
7105300,8148064,11,9,2
4067494,5300014,2,8,-6
4067494,5300014,5,5,0
4067494,5300014,10,1,9
4067494,5300014,12,12,0
6138656,8113189,2,4,-2
6138656,8113189,8,8,0
4305936,8703105,6,1,5
4305936,8703105,9,9,0
7402872,7615465,1,5,-4
6138203,7051251,4,4,0
6138203,7051251,6,1,5
4994869,6316302,1,7,-6
4994869,6316302,9,2,7
4994869,6316302,10,1,9
5500023,7141105,1,4,-3
5238350,8356368,3,1,2
6543004,8032702,1,1,0
6543004,8032702,9,7,2
6543004,8032702,10,6,4
6543004,8032702,12,11,1
6543004,8032702,13,8,5
6201292,6630729,2,4,-2
4833501,5249020,1,1,0
4833501,5249020,8,2,6
5188642,7745704,1,4,-3
5205175,7591786,7,3,4
5403302,5626573,10,13,-3
5403302,5626573,11,1,10
5403302,5626573,12,10,2
4567886,8551100,3,2,1
4567886,8551100,7,4,3
7087649,8124589,13,7,6
4982050,5209773,1,2,-1
4982050,5209773,2,10,-8
4982050,5209773,7,6,1
7554148,8513087,1,2,-1
7554148,8513087,8,12,-4
7554148,8513087,11,11,0
7554148,8513087,13,5,8
6185585,7864186,4,4,0
4638092,5414177,5,9,-4
6192053,6349210,1,4,-3
6565509,7725148,1,2,-1
6565509,7725148,6,10,-4
5305795,8007088,1,9,-8
5305795,8007088,11,7,4
5651048,6512415,5,6,-1
5290745,7981517,3,7,-4
4036223,8709484,8,7,1
4036223,8709484,9,8,1
5144292,6999059,8,5,3
4659942,6530026,1,2,-1
4659942,6530026,2,1,1
4659942,6530026,6,4,2
4659942,6530026,9,3,6
4872257,5235164,8,4,4
4872257,5235164,9,3,6
7084812,7409228,2,5,-3
7084812,7409228,12,13,-1
7084812,7409228,13,7,6
6432267,8652300,1,1,0
6432267,8652300,7,12,-5
6253761,8359970,6,1,5
7160025,8740448,1,4,-3
7160025,8740448,7,1,6
6423094,6858040,1,4,-3
6423094,6858040,7,3,4
6423094,6858040,12,13,-1
4102288,5036781,1,1,0
6653111,7300776,2,4,-2
6653111,7300776,12,5,7
5079102,7058466,7,1,6
7076024,8731138,1,2,-1
7076024,8731138,11,5,6
4813502,7117961,3,6,-3
5097810,7033371,5,3,2
5097810,7033371,8,7,1
6156590,7192817,4,1,3
6156590,7192817,10,5,5
6156590,7192817,11,4,7
7489504,8054621,3,7,-4
6224566,7840263,8,2,6
6224566,7840263,10,1,9
5606188,7932134,9,1,8
5606188,7932134,12,3,9
5631976,7841533,2,2,0
5631976,7841533,3,4,-1
5631976,7841533,6,6,0
6864606,8710686,12,1,11
6191494,6864423,1,11,-10
6191494,6864423,2,7,-5
6191494,6864423,3,8,-5
5333314,7970748,13,13,0
6451093,6517612,7,5,2
4386301,4555651,2,6,-4
4386301,4555651,6,1,5
4617935,5012810,4,12,-8
4617935,5012810,7,1,6
4569352,8617254,2,6,-4
4569352,8617254,10,9,1
4438728,4826107,7,8,-1
4226234,7234466,1,3,-2
4226234,7234466,4,4,0
6470307,7151864,3,3,0
6470307,7151864,13,5,8
4596037,6137578,4,5,-1
4596037,6137578,10,4,6
6877267,7028428,1,1,0
6877267,7028428,5,5,0
6447640,7789995,1,3,-2
6447640,7789995,2,2,0
6447640,7789995,3,6,-3
3965616,5022183,2,1,1
6208354,7446774,1,10,-9
6208354,7446774,11,5,6
4334676,6095951,3,2,1
4334676,6095951,5,7,-2
6233621,7085911,2,1,1
4448945,4665142,1,3,-2
4448945,4665142,3,7,-4
4448945,4665142,4,4,0
4448945,4665142,6,6,0
4448945,4665142,11,5,6
4448945,4665142,13,2,11
6562073,7531000,1,2,-1
8397263,8494984,5,5,0
8397263,8494984,6,7,-1
5181909,7985211,3,1,2
5181909,7985211,8,9,-1
5181909,7985211,13,8,5
4340031,4875467,2,1,1
4340031,4875467,7,2,5
4340031,4875467,10,12,-2
4340031,4875467,12,10,2
6301686,7065731,4,3,1
6301686,7065731,5,5,0
6301686,7065731,12,11,1
5162857,6658229,5,4,1
6443821,7059937,2,4,-2
6443821,7059937,12,1,11
4451708,5577096,6,8,-2
4451708,5577096,9,11,-2
4451708,5577096,10,1,9
7012543,8335032,1,7,-6
7012543,8335032,3,3,0
7012543,8335032,11,9,2
5190689,5437816,1,5,-4
5190689,5437816,6,6,0
7045025,8016951,1,7,-6
7045025,8016951,2,1,1
7045025,8016951,3,2,1
7045025,8016951,6,4,2
7045025,8016951,7,5,2
7045025,8016951,8,9,-1
7045025,8016951,10,10,0
4795296,7480600,6,5,1
5099648,6276140,2,1,1
5099648,6276140,7,2,5
5099648,6276140,11,12,-1
5398815,7011217,12,12,0
5398815,7011217,13,3,10
6523035,7921158,5,11,-6
4496495,6339168,4,2,2
7218081,8284576,2,4,-2
7218081,8284576,4,7,-3
7218081,8284576,5,10,-5
4807225,8360810,9,4,5
4878179,5214577,3,4,-1
4143075,4687866,1,9,-8
4143075,4687866,7,3,4
7135824,7804256,1,2,-1
7135824,7804256,4,6,-2
7135824,7804256,8,9,-1
4236403,4364676,1,6,-5
4236403,4364676,7,5,2
4389706,4644479,3,11,-8
6122603,8091794,3,4,-1
6122603,8091794,10,5,5
5646850,7853390,4,5,-1
5163587,7784615,1,5,-4
5163587,7784615,6,6,0
6081009,7534683,3,8,-5
6081009,7534683,4,10,-6
4949083,5243596,11,13,-2
5595937,6194263,2,3,-1
5595937,6194263,12,8,4
5589233,6223685,1,3,-2
5589233,6223685,5,7,-2
5589233,6223685,7,11,-4
6902905,8660627,11,6,5
6902905,8660627,12,2,10
5523760,8284027,3,7,-4
5523760,8284027,8,4,4
5523760,8284027,10,8,2
5138662,5592586,13,3,10
6324357,6546214,1,1,0
5373849,8496677,1,4,-3
4190925,4845810,1,1,0
4382787,6471513,2,12,-10
4382787,6471513,3,1,2
4382787,6471513,6,2,4
4213886,7078076,1,3,-2
4213886,7078076,2,1,1
5384368,6478980,5,1,4
5571403,6948562,2,8,-6
4497803,5376645,3,1,2
4497803,5376645,12,12,0
5046846,5351198,1,11,-10
4559943,7722601,2,4,-2
5278780,5638311,1,5,-4
5278780,5638311,2,3,-1
5278780,5638311,7,4,3
4611262,5012391,1,13,-12
4611262,5012391,2,12,-10
7484715,8002243,3,3,0
7484715,8002243,6,7,-1
7484715,8002243,8,4,4
7484715,8002243,9,8,1
5199009,8200520,2,5,-3
4570832,5246144,3,1,2
6517210,7290886,4,1,3
5261916,6322576,13,4,9
7267593,7938702,1,1,0
7267593,7938702,2,7,-5
7267593,7938702,4,2,2
7267593,7938702,12,3,9
5031676,8356731,1,5,-4
5031676,8356731,12,7,5
7532520,8713246,1,3,-2
7532520,8713246,2,6,-4
4221585,4441910,9,3,6
4701821,5313344,3,7,-4
4701821,5313344,4,3,1
4701821,5313344,9,12,-3
6234145,6530360,1,9,-8
6234145,6530360,2,3,-1
6234145,6530360,3,10,-7
6234145,6530360,12,12,0
6662875,7410002,5,5,0
6553189,6859629,4,1,3
6553189,6859629,7,7,0
4435445,6077718,1,8,-7
4435445,6077718,2,12,-10
4435445,6077718,11,11,0
4435445,6077718,12,2,10
4987453,5202769,1,6,-5
4987453,5202769,5,3,2
4717223,7136547,5,7,-2
4717223,7136547,9,2,7
4717223,7136547,10,10,0
4168416,7730991,5,1,4
4168416,7730991,6,3,3
5017778,5451779,5,9,-4
5017778,5451779,9,12,-3
6351621,7062181,3,11,-8
6229233,7694796,3,9,-6
4114764,7854331,1,6,-5
4114764,7854331,3,12,-9
4114764,7854331,4,1,3
4114764,7854331,5,9,-4
4114764,7854331,6,4,2
6609199,7155616,2,2,0
5289082,7145649,3,5,-2
4454535,5146322,2,5,-3
4454535,5146322,5,2,3
4454535,5146322,6,3,3
4454535,5146322,9,7,2
4454535,5146322,12,12,0
7040559,7624938,9,11,-2
4740796,5357268,2,5,-3
4740796,5357268,7,10,-3
6894767,7894044,2,3,-1
7322899,7651427,6,8,-2
7322899,7651427,9,12,-3
7112087,7674134,1,2,-1
7112087,7674134,2,3,-1
7112087,7674134,4,9,-5
7112087,7674134,10,8,2
7112087,7674134,12,12,0
7380695,8636736,8,8,0
7380695,8636736,12,4,8
7191135,8214338,1,9,-8
6292827,8037152,5,8,-3
5510690,8148846,1,2,-1
5510690,8148846,13,5,8
5307163,5585853,1,6,-5
5307163,5585853,8,1,7
5574389,6842043,4,1,3
5574389,6842043,5,4,1
5153609,5485191,3,3,0
5153609,5485191,4,7,-3
5153609,5485191,13,6,7
6447802,7078056,1,3,-2
6447802,7078056,3,2,1
6447802,7078056,4,1,3
6447802,7078056,8,7,1
6447802,7078056,9,8,1
6447802,7078056,10,9,1
6447802,7078056,11,10,1
6447802,7078056,12,11,1
4540336,4874290,1,1,0
4540336,4874290,5,3,2
4540336,4874290,6,2,4
4540336,4874290,9,4,5
5351376,5477602,1,5,-4
7262573,8340819,1,1,0
7262573,8340819,5,6,-1
7262573,8340819,10,3,7
7262573,8340819,11,4,7
4016531,8570830,1,1,0
4016531,8570830,12,2,10
6142687,7825833,1,8,-7
6142687,7825833,9,2,7
6627196,7402399,13,9,4
4459990,7749149,1,8,-7
4845417,5625268,3,1,2
4845417,5625268,4,2,2
4845417,5625268,11,3,8
4861589,6063913,2,3,-1
6331838,7064721,2,2,0
6331838,7064721,12,1,11
5243894,6616301,5,9,-4
6364899,8103349,1,3,-2
6146386,7556640,1,2,-1
6146386,7556640,2,8,-6
6146386,7556640,6,12,-6
6146386,7556640,13,10,3
4783120,6848746,1,1,0
4783120,6848746,3,2,1
4783120,6848746,4,11,-7
5249576,8706179,1,9,-8
5249576,8706179,3,3,0
4115204,4187152,1,8,-7
4115204,4187152,5,2,3
4115204,4187152,7,1,6
6569814,7131493,3,11,-8
6569814,7131493,12,6,6
4965050,7396512,1,1,0
7587238,8600505,7,5,2
7587238,8600505,11,2,9
7587238,8600505,12,11,1
6130514,7040770,1,1,0
4460977,6847661,1,2,-1
4460977,6847661,2,10,-8
4460977,6847661,10,3,7
4460977,6847661,13,9,4
5479447,7852952,4,10,-6
5479447,7852952,6,4,2
4320365,8230562,1,9,-8
4320365,8230562,3,7,-4
4320365,8230562,5,8,-3
4320365,8230562,6,1,5
7262331,8546560,7,12,-5
6511490,8715158,8,5,3
4376317,6904631,3,2,1
4376317,6904631,5,10,-5
4376317,6904631,8,3,5
6997923,8277495,1,7,-6
5488572,5627974,5,3,2
5488572,5627974,6,1,5
5187660,5548694,9,1,8
4498971,6984292,2,8,-6
4498971,6984292,10,10,0
7682015,8593681,7,11,-4
7682015,8593681,8,8,0
7682015,8593681,9,5,4
4991746,5096094,2,5,-3
5644488,7016778,3,6,-3
5644488,7016778,11,2,9
6217614,7008591,2,1,1
6217614,7008591,6,2,4
4981677,8518378,10,11,-1
4981677,8518378,12,6,6
6408043,7254623,4,1,3
4549934,7871510,1,3,-2
4549934,7871510,8,1,7
6070905,7357444,2,3,-1
5485358,6223355,3,7,-4
5089442,6927160,5,6,-1
4814093,5296143,1,1,0
4814093,5296143,3,6,-3
6429583,8361346,1,7,-6
6429583,8361346,2,6,-4
6429583,8361346,11,1,10
6882940,8663109,7,4,3
6212175,8599712,10,4,6
7533688,8128116,5,10,-5
4181017,4255967,5,1,4
4181017,4255967,7,6,1
4181017,4255967,9,12,-3
7207368,7712508,1,1,0
7207368,7712508,2,5,-3
4439385,8466231,9,12,-3
6275829,7096205,12,12,0
6283992,7527644,4,1,3
7106151,7696929,9,7,2
6841849,8664562,13,9,4
4613911,5028940,1,9,-8
4613911,5028940,2,8,-6
4613911,5028940,3,2,1
4613911,5028940,4,5,-1
6119023,8067854,4,3,1
6119023,8067854,7,12,-5
6356083,7960855,1,6,-5
6356083,7960855,3,7,-4
6356083,7960855,13,2,11
6955042,7610751,6,13,-7
6955042,7610751,7,3,4
6955042,7610751,12,1,11
6955042,7610751,13,6,7
5043517,7692049,4,5,-1
5043517,7692049,5,1,4
6149156,7338367,5,3,2
6149156,7338367,8,4,4
6149156,7338367,10,6,4
5082548,7077942,3,7,-4
5082548,7077942,11,4,7
5609627,7875071,2,1,1
5609627,7875071,4,7,-3
4010360,7787513,10,6,4
6721076,7813017,13,1,12
6405049,8189538,11,3,8
6092273,7628051,1,5,-4
6092273,7628051,3,1,2
7493550,7844672,3,3,0
7493550,7844672,5,13,-8
7493550,7844672,10,7,3
5310497,6139770,1,1,0
5310497,6139770,2,2,0
5310497,6139770,3,5,-2
7219394,7793388,1,1,0
7219394,7793388,4,5,-1
4392910,4888717,1,1,0
5066131,8267388,1,1,0
5395588,8432541,11,5,6
7144793,8598588,2,6,-4
7144793,8598588,7,1,6
7144793,8598588,12,10,2
7144793,8598588,13,3,10
4402514,7726661,5,6,-1
5377198,6100743,11,12,-1
6993172,8077951,1,1,0
6993172,8077951,2,2,0
6993172,8077951,3,4,-1
6993172,8077951,4,3,1
6993172,8077951,5,5,0
6993172,8077951,6,6,0
6993172,8077951,8,12,-4
6993172,8077951,9,8,1
6993172,8077951,12,9,3
6993172,8077951,13,10,3
8158054,8545593,4,3,1
8158054,8545593,6,12,-6
8158054,8545593,13,6,7
6130875,7646706,2,2,0
6130875,7646706,4,9,-5
6130875,7646706,13,7,6
5417361,8740036,2,7,-5
5417361,8740036,5,6,-1
5417361,8740036,7,5,2
5417361,8740036,8,11,-3
3934583,4240414,4,12,-8
3934583,4240414,8,10,-2
4651564,6700130,10,2,8
7651505,8718745,1,1,0
4213714,4784059,9,2,7
4639075,4861130,4,6,-2
4639075,4861130,8,1,7
4639075,4861130,9,3,6
4248334,4440284,1,4,-3
4248334,4440284,6,9,-3
4062579,5433495,1,1,0
4062579,5433495,3,3,0
4062579,5433495,4,8,-4
7372659,8009382,10,3,7
7372659,8009382,11,9,2
4917697,8277428,4,5,-1
4917697,8277428,6,3,3
4640179,8485081,3,4,-1
4640179,8485081,5,7,-2
7192352,8393958,1,4,-3
7192352,8393958,3,7,-4
7192352,8393958,5,1,4
6356625,7539357,1,2,-1
6356625,7539357,4,4,0
6883101,7146642,2,11,-9
6883101,7146642,9,1,8
6883101,7146642,12,10,2
4139374,4384884,4,2,2
4139374,4384884,9,3,6
5316201,6527027,4,6,-2
4022629,8409344,1,3,-2
4022629,8409344,6,10,-4
3997799,8264041,4,10,-6
3997799,8264041,7,8,-1
3997799,8264041,11,1,10
6356794,7422148,2,1,1
6356794,7422148,3,6,-3
4030811,4714315,6,5,1
4030811,4714315,8,3,5
4030811,4714315,12,7,5
4560997,6158836,10,13,-3
6562638,8051393,8,4,4
6562638,8051393,11,1,10
6562638,8051393,12,11,1
4295784,5190439,2,9,-7
4295784,5190439,6,2,4
6358486,7663011,2,1,1
6358486,7663011,13,5,8
5051622,6393571,3,4,-1
5051622,6393571,7,7,0
5051622,6393571,8,12,-4
5503152,7597663,2,4,-2
5151796,5625718,1,6,-5
5151796,5625718,2,2,0
5151796,5625718,5,9,-4
5151796,5625718,6,10,-4
5151796,5625718,13,3,10
5317850,8484917,1,2,-1
5317850,8484917,3,9,-6
5317850,8484917,5,8,-3
5317850,8484917,8,6,2
3983258,5376394,1,7,-6
3983258,5376394,4,12,-8
3983258,5376394,5,1,4
3983258,5376394,7,3,4
3983258,5376394,8,11,-3
6198290,7683630,5,12,-7
4276557,5012320,1,5,-4
4276557,5012320,6,4,2
4032972,7889865,1,8,-7
4625392,4683393,2,5,-3
7707557,8201151,9,13,-4
6411366,7167296,10,4,6
6411366,7167296,13,8,5
4633304,8585715,2,2,0
3942580,4069859,1,11,-10
3942580,4069859,4,7,-3
3942580,4069859,5,1,4
3942580,4069859,6,6,0
4378068,4899882,2,12,-10
4304987,6602438,4,4,0
4304987,6602438,7,6,1
4433020,8568544,5,5,0
4433020,8568544,6,6,0
7161438,7545225,2,7,-5
7161438,7545225,5,6,-1
7161438,7545225,6,3,3
7161438,7545225,7,4,3
7161438,7545225,8,13,-5
7161438,7545225,12,2,10
6080106,8282577,3,11,-8
6080106,8282577,4,12,-8
4889111,5601551,1,3,-2
4889111,5601551,7,1,6
4889111,5601551,11,5,6
7382771,8732808,3,2,1
7382771,8732808,10,7,3
6949101,8597298,3,13,-10
6949101,8597298,4,1,3
6292840,7430617,2,3,-1
6292840,7430617,7,1,6
5443499,6855162,12,6,6
6464706,8470037,4,8,-4
6464706,8470037,6,9,-3
6179982,7798764,9,5,4
4000603,4294066,2,10,-8
4000603,4294066,5,2,3
4000603,4294066,12,1,11
4751191,5411897,12,9,3
4845507,6087999,1,10,-9
4845507,6087999,2,6,-4
6525125,7060770,4,1,3
6525125,7060770,6,5,1
6525125,7060770,10,13,-3
7421837,8061129,1,3,-2
7421837,8061129,5,6,-1
5294946,6457823,1,1,0
5294946,6457823,2,4,-2
5294946,6457823,11,11,0
5294946,6457823,12,12,0
4354553,4964468,1,8,-7
4354553,4964468,2,1,1
4354553,4964468,5,4,1
5480401,7722647,4,2,2
6091060,7069984,5,2,3
6091060,7069984,6,7,-1
5086743,6981662,2,6,-4
5086743,6981662,10,4,6
5375043,8444292,1,7,-6
6471901,7789488,3,9,-6
6471901,7789488,7,10,-3
6471901,7789488,11,2,9
6895678,7363717,4,3,1
4675614,7110899,1,2,-1
4675614,7110899,2,3,-1
4675614,7110899,7,7,0
7367926,7780578,1,10,-9
7367926,7780578,5,1,4
7367926,7780578,6,13,-7
7367926,7780578,12,5,7
4017065,5568227,9,1,8
4017065,5568227,12,3,9
6559626,6870351,1,1,0
6559626,6870351,3,4,-1
6559626,6870351,4,3,1
6559626,6870351,9,2,7
6534456,8084407,1,5,-4
6534456,8084407,4,3,1
6534456,8084407,5,12,-7
5110129,6371482,1,1,0
5110129,6371482,4,2,2
5423418,6253909,4,4,0
7234759,7841644,2,9,-7
7234759,7841644,7,4,3
7234759,7841644,12,2,10
4087309,4725328,5,2,3
4087309,4725328,6,7,-1
4087309,4725328,11,1,10
7604016,8752564,3,2,1
7604016,8752564,4,3,1
5441076,7216019,1,4,-3
5441076,7216019,12,5,7
7882378,8245064,8,4,4
4867871,6481973,2,1,1
7046667,8750328,1,1,0
7046667,8750328,2,2,0
7046667,8750328,3,4,-1
7046667,8750328,4,3,1
7046667,8750328,6,6,0
7046667,8750328,7,7,0
7046667,8750328,8,9,-1
7046667,8750328,9,11,-2
7046667,8750328,10,13,-3
4186960,5039155,1,2,-1
4186960,5039155,7,9,-2
4100725,4897990,1,4,-3
4046492,5284473,1,5,-4
4046492,5284473,3,4,-1
5591105,7083554,10,1,9
5226079,7356516,4,1,3
6275746,7546251,1,1,0
6275746,7546251,2,2,0
6275746,7546251,3,3,0
6275746,7546251,4,4,0
6275746,7546251,5,5,0
6275746,7546251,6,6,0
6275746,7546251,7,7,0
6275746,7546251,8,8,0
6275746,7546251,9,9,0
6275746,7546251,10,10,0
6275746,7546251,11,11,0
6275746,7546251,12,12,0
6275746,7546251,13,13,0
7662732,8585855,1,1,0
7662732,8585855,2,3,-1
7662732,8585855,12,7,5
7066878,8545393,1,1,0
7066878,8545393,4,3,1
7066878,8545393,5,9,-4
5433721,7857823,2,4,-2
5433721,7857823,3,3,0
5433721,7857823,12,1,11
7411830,7755965,3,3,0
7411830,7755965,5,5,0
7411830,7755965,8,6,2
7095926,8380017,1,3,-2
7095926,8380017,3,4,-1
7095926,8380017,4,10,-6
7095926,8380017,11,1,10
5634665,7334818,1,2,-1
5634665,7334818,2,4,-2
5634665,7334818,9,10,-1
6307955,8010515,2,2,0
7521025,8586166,3,5,-2
5160905,6137358,3,4,-1
5160905,6137358,5,8,-3
7268749,7583033,1,11,-10
7268749,7583033,2,3,-1
7268749,7583033,4,2,2
7268749,7583033,9,6,3
7268749,7583033,11,1,10
7268749,7583033,12,4,8
6202038,8275577,1,4,-3
6303505,7064064,1,11,-10
6303505,7064064,3,1,2
6303505,7064064,7,2,5
6303505,7064064,8,5,3
5561276,6554099,1,5,-4
5561276,6554099,3,4,-1
5169563,8048216,6,13,-7
5169563,8048216,12,12,0
7013454,7404182,2,11,-9
7013454,7404182,6,3,3
5187816,8695125,1,1,0
5187816,8695125,4,13,-9
4824069,5618567,1,1,0
4824069,5618567,3,9,-6
4824069,5618567,5,8,-3
4605678,7078439,2,1,1
4605678,7078439,4,9,-5
4605678,7078439,5,11,-6
4605678,7078439,6,2,4
4605678,7078439,9,4,5
4605678,7078439,10,12,-2
4605678,7078439,11,13,-2
4333117,5287234,1,3,-2
4333117,5287234,2,10,-8
4333117,5287234,3,8,-5
4333117,5287234,6,5,1
4333117,5287234,7,6,1
4333117,5287234,9,4,5
7078239,8409880,6,3,3
5243587,5615187,2,2,0
5243587,5615187,12,7,5
6400996,7925141,9,10,-1
6154121,6466149,2,4,-2
6154121,6466149,4,7,-3
6154121,6466149,5,3,2
6154121,6466149,8,5,3
6154121,6466149,10,6,4
6393419,7822792,11,5,6
6605102,8016854,12,8,4
6452874,8112818,2,7,-5
4611634,5392690,3,8,-5
4611634,5392690,7,7,0
4611634,5392690,10,4,6
4611634,5392690,12,5,7
6360114,7274955,3,10,-7
4615926,5445838,1,1,0
4615926,5445838,3,2,1
5222854,7681603,5,6,-1
8467359,8644276,1,4,-3
8467359,8644276,3,1,2
8467359,8644276,4,2,2
8467359,8644276,6,6,0
8467359,8644276,7,8,-1
8467359,8644276,8,5,3
8467359,8644276,9,11,-2
4572418,4688957,4,2,2
5561075,6331723,1,5,-4
5561075,6331723,2,1,1
5561075,6331723,3,12,-9
5561075,6331723,9,6,3
6100242,8636998,6,6,0
6100242,8636998,13,1,12
7143283,7660269,2,8,-6
7143283,7660269,5,2,3
6556942,7315275,9,9,0
7076187,7386252,12,1,11
3968900,5084828,4,2,2
3968900,5084828,8,5,3
3968900,5084828,10,7,3
6243373,6363064,1,10,-9
6893883,7730434,4,3,1
6893883,7730434,5,6,-1
4203710,4441864,1,1,0
4203710,4441864,2,2,0
4203710,4441864,4,10,-6
4203710,4441864,5,4,1
4203710,4441864,8,5,3
4203710,4441864,13,6,7
7295007,8049503,1,3,-2
7295007,8049503,5,5,0
6892230,8272036,7,4,3
6892230,8272036,12,7,5
7240964,8746790,3,1,2
4178187,4830655,1,1,0
4178187,4830655,6,2,4
4178187,4830655,11,9,2
6463457,7444335,6,12,-6
4290384,4842893,3,2,1
4290384,4842893,5,4,1
4768170,5639163,1,2,-1
4768170,5639163,8,6,2
5111384,5327559,3,13,-10
4116523,6850082,1,1,0
4678764,8168557,3,1,2
5391190,8016783,5,3,2
7370258,8531320,1,1,0
7370258,8531320,9,7,2
7114117,7930469,1,1,0
7114117,7930469,3,6,-3
6421675,8239378,1,4,-3
5384377,7704605,1,3,-2
6118894,6259963,4,2,2
6118894,6259963,9,11,-2
5523764,7221239,1,6,-5
4027785,5078302,2,1,1
4027785,5078302,3,5,-2
4027785,5078302,7,3,4
6130931,8306188,3,13,-10
6130931,8306188,4,11,-7
6130931,8306188,10,6,4
3942888,6072977,2,3,-1
3942888,6072977,4,5,-1
3942888,6072977,10,1,9
4202387,5156297,1,8,-7
4202387,5156297,7,6,1
4202387,5156297,8,4,4
7035431,8363902,12,4,8
7035431,8363902,13,9,4
4704286,5185164,2,4,-2
4704286,5185164,3,10,-7
4704286,5185164,9,2,7
4991341,5585626,1,8,-7
4991341,5585626,9,4,5
6245094,7422600,1,10,-9
6245094,7422600,4,1,3
6453354,7565502,2,10,-8
6207062,7632414,4,4,0
6207062,7632414,7,7,0
6207062,7632414,12,8,4
6644523,7322642,9,3,6
5137626,7125580,10,6,4
5137626,7125580,11,9,2
4038346,5028646,1,5,-4
4038346,5028646,7,12,-5
5222088,7142568,1,1,0
5222088,7142568,2,2,0
5149586,6326450,3,1,2
5149586,6326450,6,8,-2
4996233,5288755,5,2,3
7381170,7850585,1,12,-11
7381170,7850585,4,1,3
6128207,7920397,1,4,-3
6128207,7920397,3,10,-7
6128207,7920397,4,2,2
4040930,4439911,6,1,5
6420792,7100826,1,2,-1
5282177,6963949,3,9,-6
5282177,6963949,4,1,3
5282177,6963949,7,2,5
5282177,6963949,9,7,2
6598996,7498933,1,1,0
6598996,7498933,2,8,-6
6598996,7498933,3,4,-1
6598996,7498933,9,7,2
7174752,8646294,1,6,-5
7174752,8646294,2,1,1
7174752,8646294,6,4,2
4080462,4187302,1,3,-2
4080462,4187302,2,4,-2
4080462,4187302,10,9,1
4080462,4187302,13,12,1
5078693,7615033,3,4,-1
6215071,6635826,1,1,0
6215071,6635826,2,6,-4
6215071,6635826,3,7,-4
6215071,6635826,4,4,0
6215071,6635826,5,5,0
7529357,8417226,3,7,-4
4823731,8348064,1,10,-9
4823731,8348064,6,1,5
4666339,5197826,13,8,5
4932004,8680976,3,4,-1
4932004,8680976,10,12,-2
4449153,4939529,5,13,-8
5561075,6476447,1,7,-6
5561075,6476447,2,9,-7
5561075,6476447,11,3,8
5561075,6476447,13,4,9
5074260,5482012,1,2,-1
5074260,5482012,3,1,2
6207758,7342072,2,11,-9
6207758,7342072,5,4,1
6207758,7342072,7,2,5
6904550,7817732,1,7,-6
6904550,7817732,2,4,-2
6904550,7817732,4,1,3
6291854,6878991,9,2,7
6316727,7473579,1,1,0
6316727,7473579,8,10,-2
6359444,7822455,3,2,1
5448002,8552120,1,2,-1
5448002,8552120,2,3,-1
5448002,8552120,4,6,-2
5448002,8552120,5,11,-6
4373619,8712642,3,11,-8
4044159,4957041,1,3,-2
6269361,8209715,9,4,5
7092379,8379531,1,4,-3
7092379,8379531,4,6,-2
7092379,8379531,5,2,3
7092379,8379531,13,7,6
3969806,5353625,1,4,-3
3969806,5353625,2,3,-1
3969806,5353625,5,9,-4
5125673,5573254,1,1,0
5125673,5573254,2,2,0
5125673,5573254,3,3,0
5125673,5573254,4,4,0
5125673,5573254,5,5,0
5125673,5573254,6,6,0
5125673,5573254,7,7,0
5125673,5573254,8,8,0
5125673,5573254,9,9,0
5125673,5573254,10,10,0
5125673,5573254,11,11,0
5125673,5573254,12,12,0
5125673,5573254,13,13,0
5204809,7652348,1,1,0
4623220,6516130,2,2,0
6310015,6838420,3,2,1
6310015,6838420,10,4,6
5483518,7877653,9,9,0
5083296,7496709,2,3,-1
5083296,7496709,11,1,10
6362816,7460127,3,2,1
6359301,8609457,4,6,-2
6359301,8609457,9,5,4
6359301,8609457,13,12,1
7323790,8723353,5,3,2
7323790,8723353,6,6,0
7323790,8723353,7,7,0
7323790,8723353,9,8,1
7323790,8723353,11,12,-1
5525723,7371759,3,7,-4
4665101,5240656,1,8,-7
6131029,6493555,1,2,-1
6131029,6493555,4,4,0
6131029,6493555,5,3,2
6131029,6493555,8,5,3
6131029,6493555,9,11,-2
7275889,7665779,7,1,6
5516509,8541482,1,1,0
5516509,8541482,5,5,0
6148572,7036279,4,2,2
4303551,4673769,3,4,-1
4303551,4673769,4,3,1
4817753,5064017,1,2,-1
4817753,5064017,4,1,3
4817753,5064017,6,8,-2
4817753,5064017,7,5,2
4817753,5064017,8,3,5
6616696,8632552,3,4,-1
6616696,8632552,7,2,5
5006246,5277805,4,1,3
5006246,5277805,9,6,3
5006246,5277805,10,11,-1
5353076,6154609,1,3,-2
5353076,6154609,2,7,-5
5353076,6154609,4,2,2
5353076,6154609,7,11,-4
5353076,6154609,9,12,-3
5353076,6154609,10,13,-3
5334826,5412675,1,1,0
5334826,5412675,2,4,-2
7406470,8051022,1,9,-8
7406470,8051022,12,10,2
5004502,5654268,5,11,-6
5004502,5654268,9,2,7
5004502,5654268,12,8,4
4940246,8545349,1,2,-1
4890312,5107529,6,10,-4
4394422,4842954,2,6,-4
4394422,4842954,3,4,-1
5082396,6637280,4,1,3
5082396,6637280,13,8,5
6499757,6945837,1,1,0
6499757,6945837,4,7,-3
3937799,4273757,1,5,-4
3937799,4273757,2,3,-1
3937799,4273757,4,7,-3
5622428,8504150,10,12,-2
3963918,7607545,10,4,6
7267120,7992803,1,1,0
4920698,7155863,2,1,1
4920698,7155863,5,4,1
4920698,7155863,6,7,-1
4443512,4886697,1,11,-10
4443512,4886697,2,1,1
4443512,4886697,4,2,2
4443512,4886697,7,4,3
5654502,7607358,3,6,-3
5654502,7607358,6,5,1
7176819,8493250,1,1,0
4806007,6216352,2,3,-1
6640234,8549392,8,1,7
6640234,8549392,10,7,3
4178618,6545584,5,4,1
4178618,6545584,11,1,10
4178618,6545584,12,8,4
6514194,8142494,1,7,-6
6163187,8456208,1,6,-5
6163187,8456208,2,8,-6
6163187,8456208,4,5,-1
6163187,8456208,6,4,2
6163187,8456208,8,9,-1
4420156,6849005,1,2,-1
4420156,6849005,2,4,-2
4420156,6849005,3,1,2
4420156,6849005,8,8,0
5234308,6241450,3,9,-6
5234308,6241450,4,10,-6
5234308,6241450,8,4,4
6277116,8608737,7,6,1
4013100,5275209,2,1,1
4013100,5275209,3,8,-5
4379501,8714232,1,12,-11
6526349,8359288,13,2,11
4799752,5285424,1,2,-1
4799752,5285424,4,5,-1
4799752,5285424,5,12,-7
5217480,8231549,5,6,-1
5217480,8231549,7,13,-6
4686175,6153369,4,11,-7
4686175,6153369,6,9,-3
4686175,6153369,7,10,-3
4686175,6153369,8,2,6
7040556,8454046,9,1,8
6128528,7248918,8,3,5
7158277,8427733,1,10,-9
7158277,8427733,8,3,5
7158277,8427733,10,6,4
7280805,8284824,1,3,-2
7280805,8284824,2,1,1
7280805,8284824,4,9,-5
6184107,6391706,1,2,-1
6184107,6391706,2,4,-2
5614841,7103832,4,10,-6
5614841,7103832,6,2,4
6314460,8190741,5,11,-6
5600906,6863172,2,2,0
5600906,6863172,10,5,5
5355012,8324668,1,2,-1
5355012,8324668,5,1,4
6557752,6839772,2,1,1
6557752,6839772,7,11,-4
5518623,8568595,8,6,2
5548535,7065424,1,12,-11
5548535,7065424,2,3,-1
4442655,5366508,6,1,5
6326840,6429738,1,4,-3
6326840,6429738,2,3,-1
6326840,6429738,3,7,-4
6379725,8127720,3,4,-1
6298718,7007472,1,2,-1
6298718,7007472,7,1,6
4537511,6429575,1,4,-3
4537511,6429575,2,7,-5
4485323,4801837,3,7,-4
4485323,4801837,4,1,3
5652014,7708711,1,6,-5
5652014,7708711,2,9,-7
5652014,7708711,4,3,1
5652014,7708711,7,1,6
4180805,4979738,2,6,-4
4180805,4979738,5,1,4
7471505,8654514,3,13,-10
7471505,8654514,9,5,4
5561000,6881511,5,11,-6
5561000,6881511,10,4,6
5561000,6881511,12,5,7
5561000,6881511,13,8,5
5234509,7497481,1,3,-2
5234509,7497481,2,7,-5
6142872,8376836,3,4,-1
6142872,8376836,7,2,5
4129899,7147344,4,5,-1
7797658,8527925,2,5,-3
5507288,7693560,1,1,0
6312334,7425177,2,4,-2
6470264,7991778,7,6,1
6153190,8486399,3,3,0
6153190,8486399,12,11,1
4957326,7076877,1,1,0
4932143,5408762,2,6,-4
4932143,5408762,4,7,-3
4932143,5408762,5,1,4
5306906,6069374,1,2,-1
5306906,6069374,3,1,2
5306906,6069374,11,5,6
6384952,6914711,1,1,0
6384952,6914711,5,2,3
6492295,8202669,1,2,-1
6492295,8202669,4,10,-6
6492295,8202669,7,4,3
6492295,8202669,9,7,2
6492295,8202669,13,9,4
4399009,6217728,13,2,11
5094213,7793641,1,4,-3
5094213,7793641,5,5,0
5094213,7793641,12,3,9
5169238,6550876,1,3,-2
5169238,6550876,2,8,-6
5169238,6550876,8,1,7
4630302,7120579,4,4,0
4630302,7120579,9,12,-3
6926716,7255697,1,3,-2
6926716,7255697,3,10,-7
6926716,7255697,5,1,4
6926716,7255697,8,7,1
4428089,8573981,3,5,-2
4428089,8573981,4,3,1
4293111,7097681,11,7,4
4293111,7097681,13,6,7
4930751,5186435,4,4,0
4930751,5186435,5,10,-5
7765181,8504489,1,8,-7
4833358,5631517,3,2,1
4833358,5631517,6,13,-7
4833358,5631517,10,6,4
4833358,5631517,11,7,4
6120031,6913533,2,3,-1
6120031,6913533,9,2,7
6546229,7991613,8,1,7
6901870,8261915,2,5,-3
5166690,5327147,13,1,12
6305372,8272380,2,5,-3
6305372,8272380,13,11,2
6500920,8487006,1,1,0
6500920,8487006,8,6,2
6618955,6880259,3,3,0
6618955,6880259,8,1,7
6179252,7236860,1,1,0
6179252,7236860,3,7,-4
6569286,7754460,1,8,-7
5562449,6354837,1,4,-3
5562449,6354837,2,2,0
7163292,8678584,1,12,-11
7163292,8678584,13,3,10
5018082,6421122,4,6,-2
7395221,8103665,7,2,5
7395221,8103665,13,6,7
6552427,7115982,2,3,-1
6552427,7115982,3,4,-1
5383221,7310529,7,6,1
5394308,7364341,2,11,-9
6494570,8152288,1,8,-7
6494570,8152288,6,6,0
6494570,8152288,10,7,3
6327067,7746372,3,2,1
6327067,7746372,5,13,-8
4663627,4929943,6,9,-3
6787500,8273679,1,2,-1
6787500,8273679,2,7,-5
6787500,8273679,5,13,-8
6324339,7164257,5,2,3
6324339,7164257,6,1,5
6324339,7164257,8,7,1
6324339,7164257,11,10,1
6607509,7731657,3,7,-4
6607509,7731657,5,6,-1
4612337,6261271,13,6,7
5357794,6508116,2,4,-2
4941453,6865757,5,2,3
5103407,5311212,2,1,1
5103407,5311212,4,4,0
3975719,4532510,8,1,7
3975719,4532510,10,9,1
6595378,8061538,2,4,-2
6253108,8423134,11,4,7
5073178,5195319,2,1,1
5073178,5195319,8,7,1
5073178,5195319,11,10,1
5524985,6315454,1,4,-3
4626822,6304167,2,4,-2
4626822,6304167,5,3,2
4626822,6304167,13,11,2
6072718,7315467,1,1,0
6072718,7315467,4,12,-8
6072718,7315467,6,13,-7
6072718,7315467,9,5,4
5177012,6377721,1,1,0
5177012,6377721,7,3,4
7027051,8095940,1,1,0
7733311,8462102,3,1,2
7733311,8462102,4,4,0
5276181,8324434,3,6,-3
4148047,4256979,4,8,-4
4148047,4256979,5,9,-4
6100616,8419387,12,10,2
6265410,8697709,4,2,2
6265410,8697709,7,12,-5
6265410,8697709,13,10,3
5359332,6229479,3,7,-4
5359332,6229479,4,13,-9
5359332,6229479,5,9,-4
5359332,6229479,11,4,7
5066248,7473128,1,1,0
5066248,7473128,2,3,-1
5066248,7473128,6,4,2
5003244,6140800,1,1,0
5003244,6140800,2,12,-10
5003244,6140800,8,2,6
6289207,7158792,7,8,-1
6465175,7491680,10,6,4
6173122,7327440,1,1,0
6173122,7327440,2,3,-1
4614825,8541458,1,1,0
4614825,8541458,2,2,0
4614825,8541458,7,7,0
4614825,8541458,11,4,7
7001679,8067326,1,3,-2
4930266,8256091,3,2,1
4930266,8256091,10,9,1
4182378,4930544,1,1,0
5108679,5631097,2,2,0
5240933,7985858,4,2,2
6331972,8267312,9,8,1
6331972,8267312,11,11,0
7346532,7822658,4,11,-7
7346532,7822658,8,6,2
5129512,6221411,5,8,-3
5129512,6221411,10,11,-1
5176294,6375040,6,4,2
4032030,7323639,4,4,0
5622466,8075237,2,1,1
5518674,6245583,8,4,4
4450531,7194093,6,8,-2
4450531,7194093,7,1,6
7015797,7813451,2,7,-5
6857345,7290472,1,6,-5
6857345,7290472,3,1,2
6857345,7290472,4,4,0
6857345,7290472,5,7,-2
6857345,7290472,7,10,-3
6857345,7290472,8,12,-4
6865447,8239992,1,3,-2
4745468,6904610,5,6,-1
7435361,7851012,5,5,0
7435361,7851012,10,6,4
6210392,7854944,11,8,3
6321206,8473450,2,6,-4
4852168,6546366,1,1,0
6361218,7364366,2,10,-8
6361218,7364366,4,13,-9
6311288,7639623,1,1,0
6311288,7639623,12,4,8
6539569,6934980,1,6,-5
6539569,6934980,7,2,5
4335821,5452815,1,9,-8
4843291,5258699,3,2,1
4843291,5258699,8,11,-3
5210050,8330165,5,2,3
5210050,8330165,10,12,-2
7090582,8672757,2,1,1
4633317,7391447,3,1,2
4014321,8114345,5,1,4
6819783,8630494,4,2,2
4363278,7571684,2,2,0
6148425,7293210,2,5,-3
6148425,7293210,3,4,-1
6148425,7293210,4,1,3
6148425,7293210,5,2,3
6148425,7293210,6,6,0
6148425,7293210,10,10,0
6145202,7107686,1,1,0
6145202,7107686,2,2,0
6145202,7107686,7,7,0
6145202,7107686,8,8,0
6145202,7107686,9,9,0
5271544,8714430,1,4,-3
5271544,8714430,2,8,-6
5271544,8714430,4,3,1
5271544,8714430,9,7,2
6654219,8054591,2,6,-4
5221263,5489273,1,3,-2
7051450,8453338,2,7,-5
7051450,8453338,3,11,-8
7051450,8453338,10,8,2
3981949,7367166,13,3,10
5334334,6322928,2,2,0
5334334,6322928,8,5,3
5334334,6322928,9,1,8
5334334,6322928,11,4,7
6419388,7938783,3,1,2
6419388,7938783,4,6,-2
6419388,7938783,5,5,0
6419388,7938783,6,12,-6
5599638,7205059,1,7,-6
5599638,7205059,11,9,2
6537482,7154185,2,7,-5
6537482,7154185,7,2,5
6537482,7154185,13,1,12
4454565,8284542,1,2,-1
4454565,8284542,10,5,5
7230509,8230562,2,8,-6
7230509,8230562,6,13,-7
4671125,4862027,1,7,-6
4671125,4862027,3,8,-5
4671125,4862027,6,6,0
4671125,4862027,9,11,-2
4770928,5304267,1,2,-1
4770928,5304267,3,7,-4
4770928,5304267,5,8,-3
4770928,5304267,8,4,4
4787389,6526317,1,2,-1
4787389,6526317,5,3,2
5258032,7842093,3,11,-8
7045851,8435477,10,6,4
4839545,6445094,12,3,9
5040108,7908403,2,11,-9
5635041,6933003,1,3,-2
7051353,8635646,1,1,0
7051353,8635646,6,2,4
4003190,7479754,1,9,-8
4386817,6359224,3,2,1
6577244,7894297,2,5,-3
6577244,7894297,3,3,0
5302240,7183220,1,1,0
5302240,7183220,2,11,-9
5302240,7183220,11,8,3
3934610,7213612,2,3,-1
3934610,7213612,3,2,1
3934610,7213612,6,12,-6
4569807,6082987,1,1,0
4569807,6082987,7,10,-3
4756134,6487825,2,7,-5
4756134,6487825,3,8,-5
4756134,6487825,12,3,9
5523975,7870435,1,4,-3
5523975,7870435,3,11,-8
5523975,7870435,6,2,4
5523975,7870435,7,5,2
5523975,7870435,11,9,2
4835711,5355439,3,9,-6
4835711,5355439,6,13,-7
6664981,7917860,2,2,0
6664981,7917860,11,10,1
5656858,7932165,1,2,-1
5656858,7932165,3,12,-9
4176258,4335459,1,1,0
4176258,4335459,8,3,5
6669089,8326451,2,1,1
6669089,8326451,4,8,-4
6669089,8326451,5,9,-4
6205236,7664604,2,12,-10
4371953,7671671,11,13,-2
4793680,6548225,2,1,1
4793680,6548225,6,4,2
7160660,7939231,1,2,-1
7160660,7939231,2,1,1
7160660,7939231,3,4,-1
7160660,7939231,5,3,2
5252460,7329534,3,8,-5
5098044,8028961,2,13,-11
5098044,8028961,9,7,2
5098044,8028961,13,2,11
4949395,5101407,3,5,-2
4949395,5101407,4,7,-3
4949395,5101407,5,4,1
4949395,5101407,13,3,10
4398022,4551520,5,6,-1
4398022,4551520,6,7,-1
4398022,4551520,8,5,3
4398022,4551520,10,10,0
6470429,8271738,1,3,-2
6470429,8271738,7,10,-3
4853966,7717227,1,1,0
4853966,7717227,13,2,11
6481726,8348284,3,1,2
5031046,6084644,3,4,-1
5031046,6084644,4,1,3
5031046,6084644,6,10,-4
6956509,8279069,8,7,1
5021864,6569727,2,4,-2
3944931,7849493,5,4,1
3944931,7849493,10,6,4
7043023,7970085,1,4,-3
7043023,7970085,12,9,3
5009688,8664310,1,2,-1
5009688,8664310,10,3,7
5009688,8664310,11,4,7
6162135,6958379,4,5,-1
6230233,7924613,2,3,-1
7059525,7543752,1,3,-2
4801410,6460832,1,1,0
4801410,6460832,7,3,4
5294163,6073387,3,3,0
5294163,6073387,4,4,0
5294163,6073387,5,2,3
4869619,5364207,2,11,-9
4869619,5364207,3,9,-6
4869619,5364207,7,2,5
4313003,4737592,2,6,-4
4313003,4737592,7,9,-2
4217664,5100392,3,8,-5
6656105,7833185,1,5,-4
6656105,7833185,2,1,1
6656105,7833185,11,3,8
4874093,7059097,2,4,-2
4874093,7059097,4,2,2
4717823,4861984,5,10,-5
4717823,4861984,8,13,-5
4950575,5240803,1,1,0
4950575,5240803,2,3,-1
4950575,5240803,7,12,-5
4950575,5240803,10,6,4
4164100,8439727,2,4,-2
4164100,8439727,11,2,9
5266179,7654956,3,9,-6
7354440,8591536,8,6,2
7354440,8591536,10,12,-2
7014041,8376183,1,4,-3
7014041,8376183,2,11,-9
4004731,4194688,4,5,-1
4004731,4194688,5,2,3
7278791,7572065,2,1,1
7548253,8054331,12,2,10
3941871,5167942,1,13,-12
3941871,5167942,7,9,-2
3941871,5167942,8,12,-4
5058921,6474684,1,1,0
5058921,6474684,2,4,-2
5058921,6474684,8,11,-3
6323783,7796474,1,10,-9
3986557,8701769,7,4,3
3986557,8701769,8,3,5
4993356,5291242,6,2,4
4993356,5291242,11,4,7
5505012,7194826,1,2,-1
5505012,7194826,2,1,1
5505012,7194826,9,12,-3
6339010,7385249,2,3,-1
6339010,7385249,5,7,-2
7855397,8649179,3,1,2
6666854,8074859,1,5,-4
6666854,8074859,3,4,-1
6666854,8074859,7,2,5
4364937,4614720,1,5,-4
4364937,4614720,2,2,0
4364937,4614720,3,6,-3
4364937,4614720,4,1,3
4364937,4614720,5,7,-2
4364937,4614720,7,8,-1
4364937,4614720,8,9,-1
4364937,4614720,9,3,6
4364937,4614720,10,10,0
4364937,4614720,11,11,0
4364937,4614720,12,12,0
4364937,4614720,13,13,0
5196821,7358724,2,1,1
5196821,7358724,4,9,-5
7041153,7650780,2,13,-11
7041153,7650780,9,6,3
5087987,7663814,2,1,1
4924890,6446353,2,10,-8
4077301,5303689,11,6,5
3962209,4259237,1,1,0
3962209,4259237,2,2,0
6297962,8607993,1,9,-8
6297962,8607993,5,7,-2
6118662,7633757,2,10,-8
6118662,7633757,10,7,3
4620081,4724796,1,2,-1
4620081,4724796,2,1,1
4620081,4724796,11,13,-2
6360857,7484603,3,5,-2
6360857,7484603,4,1,3
6360857,7484603,5,2,3
6156835,8338522,3,2,1
6156835,8338522,9,4,5
4175302,7648412,4,2,2
3954423,6536680,3,4,-1
5041921,6397189,9,4,5
5041921,6397189,12,5,7
4569745,4879017,1,1,0
4569745,4879017,2,7,-5
4569745,4879017,4,11,-7
4569745,4879017,5,5,0
4263367,4717302,12,2,10
4534916,4713244,2,9,-7
6582679,8486375,8,4,4
7673781,8608046,1,13,-12
7673781,8608046,5,1,4
7673781,8608046,6,6,0
7673781,8608046,13,11,2
8046751,8510751,1,2,-1
8046751,8510751,9,10,-1
5116350,8152753,4,12,-8
5116350,8152753,6,1,5
5116350,8152753,7,4,3
4522445,4720141,1,3,-2
4522445,4720141,6,11,-5
4522445,4720141,13,12,1
8152595,8584059,1,11,-10
4198960,8617177,8,2,6
4345870,4565484,2,3,-1
4345870,4565484,5,13,-8
6373447,8471772,1,1,0
6335781,7554645,3,7,-4
6335781,7554645,4,3,1
6335781,7554645,6,1,5
6335781,7554645,7,10,-3
7150021,7573909,4,5,-1
7150021,7573909,10,13,-3
4216420,5117166,1,4,-3
4216420,5117166,7,6,1
4216420,5117166,12,1,11
4216420,5117166,13,3,10
6084038,7160973,2,4,-2
6084038,7160973,3,1,2
6084038,7160973,9,11,-2
6084038,7160973,10,3,7
6488540,7303405,1,1,0
4600681,8075976,2,2,0
4600681,8075976,3,7,-4
4600681,8075976,10,13,-3
6919924,7688357,12,5,7
4568902,4950178,7,7,0
4568902,4950178,9,9,0
6903443,7049170,1,9,-8
6903443,7049170,5,6,-1
6903443,7049170,6,12,-6
6903443,7049170,7,3,4
6903443,7049170,13,5,8
4394674,6570237,4,6,-2
7054594,8175644,5,3,2
7054594,8175644,13,6,7
4088538,5324775,7,4,3
5449144,6454243,2,13,-11
4614827,6409886,7,2,5
4256108,8460705,1,4,-3
4753902,5175132,3,3,0
4753902,5175132,4,4,0
4753902,5175132,8,10,-2
6340164,6955361,1,1,0
6340164,6955361,8,6,2
6358159,6666780,2,5,-3
6358159,6666780,3,1,2
6358159,6666780,4,10,-6
6358159,6666780,5,3,2
6358159,6666780,8,6,2
5564397,6478014,2,6,-4
5564397,6478014,8,7,1
5564397,6478014,10,3,7
5564397,6478014,13,13,0
5366852,7501230,1,4,-3
5003227,7598684,10,1,9
7447183,8699480,1,2,-1
7447183,8699480,2,1,1
7447183,8699480,11,5,6
6440481,7585537,1,1,0
6440481,7585537,13,12,1
6515484,6854883,5,13,-8
6138865,8019471,2,1,1
6138865,8019471,4,6,-2
4842090,5330023,1,1,0
4842090,5330023,2,12,-10
6872905,7161253,2,7,-5
6872905,7161253,13,12,1
4638577,7841105,1,4,-3
4638577,7841105,3,9,-6
4712028,4757220,1,6,-5
4712028,4757220,2,10,-8
4712028,4757220,4,8,-4
4712028,4757220,8,9,-1
4712028,4757220,9,1,8
6188658,7006420,6,2,4
4237887,7255694,8,1,7
4249281,7076830,2,6,-4
4249281,7076830,6,9,-3
5505654,6464559,1,4,-3
5392117,7209606,1,2,-1
5392117,7209606,2,3,-1
5392117,7209606,9,1,8
5392117,7209606,12,7,5
7379742,8750888,2,3,-1
7379742,8750888,4,2,2
7379742,8750888,10,1,9
7379742,8750888,11,5,6
6338007,7657344,3,8,-5
4251652,4562232,3,9,-6
6137329,7199604,1,3,-2
6137329,7199604,7,10,-3
6137329,7199604,8,6,2
6137329,7199604,13,11,2
6541832,8354688,4,9,-5
6541832,8354688,7,5,2
5280755,6293207,2,12,-10
5280755,6293207,3,4,-1
4748509,7545995,5,9,-4
6579210,7169089,5,7,-2
6579210,7169089,12,2,10
6525263,8668814,8,8,0
4278300,4715667,2,2,0
4278300,4715667,3,5,-2
4278300,4715667,5,1,4
4278300,4715667,7,12,-5
4278300,4715667,8,4,4
4260737,4564593,10,11,-1
4705771,6414195,1,2,-1
4705771,6414195,4,8,-4
4705771,6414195,5,9,-4
4705771,6414195,6,5,1
6539477,8285972,4,6,-2
6539477,8285972,9,1,8
5084030,7118552,5,7,-2
5084030,7118552,8,12,-4
5393290,8464623,5,2,3
7655672,8124096,2,10,-8
5124845,8294975,3,1,2
5124845,8294975,5,11,-6
7176390,7708101,3,1,2
4271246,4339514,2,3,-1
4271246,4339514,6,6,0
4271246,4339514,11,9,2
4271246,4339514,12,4,8
5076220,6629518,1,12,-11
6569442,7799082,11,10,1
4802878,4955844,1,5,-4
4802878,4955844,2,12,-10
4802878,4955844,13,2,11
4190637,7658902,4,1,3
4289863,5292701,3,7,-4
4289863,5292701,4,2,2
6411989,7881216,11,1,10
4155987,8007569,1,2,-1
4155987,8007569,2,6,-4
4135031,5601768,1,3,-2
4135031,5601768,3,4,-1
5061384,7585427,4,2,2
5061384,7585427,10,3,7
6939769,8389068,2,4,-2
6939769,8389068,3,8,-5
6939769,8389068,7,1,6
6939769,8389068,12,13,-1
4726164,7090455,3,12,-9
5489010,6068257,3,3,0
5489010,6068257,4,1,3
5489010,6068257,8,12,-4
5484061,7119298,1,1,0
5484061,7119298,3,2,1
4676198,8051808,2,1,1
4676198,8051808,3,4,-1
4676198,8051808,8,11,-3
4676198,8051808,11,5,6
5083266,7340625,2,8,-6
4260235,4575216,1,1,0
4260235,4575216,8,8,0
5012487,6993061,2,2,0
7211825,8441011,1,7,-6
7211825,8441011,2,8,-6
7211825,8441011,4,1,3
7211825,8441011,7,12,-5
5656494,7544346,8,2,6
5656494,7544346,11,9,2
7287454,8677633,1,1,0
7287454,8677633,3,7,-4
7287454,8677633,7,11,-4
6664634,8451676,3,1,2
6664634,8451676,5,12,-7
4072438,4278373,1,1,0
4072438,4278373,3,3,0
4072438,4278373,4,2,2
4072438,4278373,5,6,-1
5177765,6363060,3,12,-9
5177765,6363060,5,7,-2
4845167,5618907,4,12,-8
8152054,8672220,1,1,0
8152054,8672220,2,2,0
8152054,8672220,10,8,2
7244257,7922718,1,6,-5
6072548,8249156,1,12,-11
4394642,4715036,3,1,2
4394642,4715036,7,6,1
4394642,4715036,9,9,0
6886249,7365988,2,5,-3
4310620,4429037,3,5,-2
5221274,7666175,3,6,-3
4929060,5526145,3,2,1
6329800,7508686,10,7,3
6329800,7508686,11,8,3
6506111,7486513,2,8,-6
6506111,7486513,13,4,9
6640917,7699737,1,6,-5
6640917,7699737,2,2,0
6640917,7699737,9,12,-3
8236452,8658310,2,2,0
8236452,8658310,7,1,6
8236452,8658310,12,4,8
5044853,6899500,4,4,0
8070384,8337117,9,10,-1
4113905,5443871,2,8,-6
4113905,5443871,3,9,-6
4113905,5443871,9,3,6
3995575,8201514,1,4,-3
6567417,7315552,1,1,0
6567417,7315552,2,2,0
6567417,7315552,3,3,0
6567417,7315552,4,4,0
6567417,7315552,5,5,0
6567417,7315552,6,6,0
6567417,7315552,7,7,0
6567417,7315552,9,8,1
6567417,7315552,10,9,1
6567417,7315552,11,10,1
6567417,7315552,12,11,1
6567417,7315552,13,12,1
4594791,5058433,4,11,-7
4594791,5058433,5,10,-5
4594791,5058433,6,9,-3
6102940,8337543,1,5,-4
6217549,7887556,11,3,8
6434642,7003059,4,9,-5
6434642,7003059,8,12,-4
4388909,4446840,5,1,4
4956773,5241623,5,1,4
4956773,5241623,11,5,6
4266154,4716328,1,2,-1
4266154,4716328,2,6,-4
4266154,4716328,4,8,-4
4266154,4716328,5,13,-8
4266154,4716328,13,7,6
4974580,5328368,7,11,-4
7818864,8661650,11,6,5
7818864,8661650,13,4,9
5341350,8495109,8,5,3
5289115,7355867,7,3,4
5289115,7355867,12,5,7
6464832,8328983,2,10,-8
6464832,8328983,5,1,4
4037441,8117875,4,4,0
4037441,8117875,6,3,3
7081421,8154066,2,1,1
7081421,8154066,4,4,0
7081421,8154066,6,6,0
7081421,8154066,12,11,1
7081421,8154066,13,12,1
4794931,6371971,6,9,-3
4794931,6371971,7,6,1
5495398,7061120,4,1,3
5495398,7061120,6,7,-1
5495398,7061120,11,10,1
4943824,5525792,1,8,-7
4943824,5525792,7,3,4
4278655,5549887,1,1,0
4278655,5549887,2,8,-6
4278655,5549887,8,13,-5
6241724,8357152,4,6,-2
4703948,8256827,3,4,-1
4703948,8256827,6,3,3
6290552,7347740,10,11,-1
6554408,8585181,1,1,0
6554408,8585181,2,2,0
6554408,8585181,3,4,-1
6554408,8585181,5,8,-3
6554408,8585181,9,6,3
6554408,8585181,10,3,7
6413393,8160669,1,9,-8
5233866,7331223,1,2,-1
5233866,7331223,4,3,1
5128655,5586559,1,10,-9
5128655,5586559,2,7,-5
5128655,5586559,4,11,-7
7494710,8038786,13,4,9
5199335,7497148,1,11,-10
5199335,7497148,2,3,-1
5199335,7497148,5,6,-1
5371394,6071781,1,8,-7
5371394,6071781,2,9,-7
5371394,6071781,6,3,3
5371394,6071781,11,4,7
6367791,7680555,3,7,-4
6367791,7680555,12,3,9
6520398,8464924,1,1,0
6520398,8464924,6,2,4
6520398,8464924,8,12,-4
5582777,8262066,12,12,0
5398279,6996072,3,13,-10
5398279,6996072,4,10,-6
5455456,8330360,3,13,-10
5455456,8330360,10,10,0
4980277,5153004,5,10,-5
4980277,5153004,7,12,-5
4980277,5153004,8,5,3
6221153,7652149,1,5,-4
6081717,7522918,3,5,-2
4466541,7686167,9,1,8
4466541,7686167,13,2,11
6423980,8422266,1,13,-12
6423980,8422266,11,9,2
6336067,7289895,1,7,-6
6336067,7289895,3,4,-1
6336067,7289895,5,3,2
6336067,7289895,9,12,-3
6336067,7289895,10,10,0
6336067,7289895,11,1,10
6859186,7642975,5,3,2
3933069,6490783,1,1,0
5575799,8196796,9,7,2
6345193,6934574,13,12,1
6472072,8658262,1,7,-6
4011474,6930438,1,2,-1
4011474,6930438,3,5,-2
4534971,4642335,2,1,1
4534971,4642335,13,5,8
4793142,5632152,1,2,-1
4793142,5632152,6,7,-1
6077201,8325909,9,12,-3
4069076,5240817,7,9,-2
7273481,8545540,1,5,-4
7273481,8545540,3,6,-3
7273481,8545540,6,11,-5
4959769,5392428,4,1,3
5639562,6238741,2,6,-4
5639562,6238741,5,4,1
5639562,6238741,7,1,6
4713047,6371279,9,7,2
6575917,8025120,1,2,-1
5340952,7325652,3,2,1
5340952,7325652,7,4,3
5340952,7325652,8,3,5
6888914,7899152,7,2,5
6888914,7899152,12,9,3
6406170,7080913,1,1,0
4344543,5269436,4,9,-5
4344543,5269436,5,1,4
4344543,5269436,8,2,6
7419299,8523427,4,7,-3
7419299,8523427,9,6,3
5088052,7720861,1,4,-3
5088052,7720861,8,1,7
5088052,7720861,12,11,1
4814067,6518475,11,5,6
7354562,7694523,4,3,1
6097986,7110828,1,4,-3
4798541,5345364,3,1,2
7441188,8384925,9,9,0
5204264,6096561,4,4,0
6335883,7672172,1,1,0
6335883,7672172,2,2,0
6335883,7672172,3,3,0
6335883,7672172,4,4,0
6335883,7672172,5,5,0
6335883,7672172,6,6,0
6335883,7672172,7,7,0
6335883,7672172,8,8,0
6335883,7672172,9,9,0
6335883,7672172,10,10,0
6335883,7672172,11,11,0
6335883,7672172,12,12,0
6335883,7672172,13,13,0
3991761,6582728,4,5,-1
6158205,7140862,5,6,-1
4811801,7086488,2,3,-1
4811801,7086488,4,4,0
4543956,7899547,2,1,1
4543956,7899547,4,4,0
5057760,6505132,2,2,0
5057760,6505132,12,6,6
6338522,6932423,1,8,-7
6338522,6932423,3,3,0
6338522,6932423,5,4,1
5362956,7295326,7,1,6
4717918,7864111,1,6,-5
4717918,7864111,3,4,-1
4717918,7864111,6,9,-3
4717918,7864111,13,7,6
5085033,6080426,1,2,-1
5085033,6080426,3,8,-5
5085033,6080426,4,6,-2
5085033,6080426,12,4,8
5263723,7618312,2,2,0
6558477,7219677,2,9,-7
6558477,7219677,3,12,-9
6558477,7219677,4,4,0
6521887,7372021,1,1,0
6521887,7372021,2,6,-4
6521887,7372021,6,9,-3
6521887,7372021,7,8,-1
5373475,6958945,10,11,-1
4425372,4865844,11,5,6
7403643,7587085,2,4,-2
7403643,7587085,6,1,5
7403643,7587085,13,12,1
6547400,8075147,1,4,-3
5305567,8015736,1,3,-2
5305567,8015736,3,1,2
5305567,8015736,8,2,6
5354432,7524405,1,2,-1
5354432,7524405,6,1,5
5354432,7524405,7,7,0
5354432,7524405,9,11,-2
4637404,7802824,11,3,8
3945681,8727451,5,6,-1
4160477,7267164,6,13,-7
4160477,7267164,9,3,6
5335008,6542190,6,8,-2
5335008,6542190,7,3,4
6092002,7896858,7,11,-4
6987258,8237841,3,10,-7
6987258,8237841,4,9,-5
6987258,8237841,9,5,4
6210481,7925377,7,5,2
6210481,7925377,12,2,10
7234156,8126882,5,11,-6
5352749,8618229,2,8,-6
5352749,8618229,6,9,-3
4040292,4348901,7,9,-2
4040292,4348901,13,5,8
7016952,7751604,3,8,-5
6213780,6537072,2,3,-1
4417066,8614275,2,5,-3
4417066,8614275,7,13,-6
5452167,8228633,1,4,-3
6062697,6578974,2,1,1
4690716,7687012,9,13,-4
5098400,8313463,6,1,5
4248201,4404951,3,6,-3
4783706,6950262,7,1,6
4783706,6950262,10,3,7
6134482,6351686,4,3,1
6314451,6516338,1,1,0
6314451,6516338,2,2,0
6314451,6516338,3,3,0
6314451,6516338,4,4,0
6314451,6516338,5,6,-1
6314451,6516338,6,7,-1
6314451,6516338,7,5,2
6314451,6516338,8,8,0
6314451,6516338,10,9,1
6314451,6516338,11,10,1
4445204,6470405,2,7,-5
4445204,6470405,3,6,-3
4445204,6470405,5,11,-6
4445204,6470405,6,13,-7
5359697,7760135,6,4,2
5571451,6294800,2,1,1
5571451,6294800,3,3,0
5571451,6294800,7,4,3
4758233,7771755,8,9,-1
7809805,8352419,8,4,4
7809805,8352419,12,9,3
5055442,8349765,4,2,2
5055442,8349765,6,4,2
4201263,8353169,5,4,1
4532332,5006621,3,1,2
4532332,5006621,10,2,8
6081629,6606652,6,3,3
5189405,7420208,2,4,-2
5189405,7420208,5,1,4
4622095,8052885,6,3,3
4622095,8052885,10,5,5
4261349,5121756,5,7,-2
4210381,7695291,6,11,-5
4210381,7695291,7,12,-5
4210381,7695291,9,10,-1
4075171,5397419,2,7,-5
6218439,6875794,1,4,-3
6218439,6875794,3,5,-2
6218439,6875794,4,1,3
6218439,6875794,5,6,-1
6218439,6875794,6,3,3
4994034,8167820,1,1,0
4994034,8167820,11,7,4
3970344,7370660,4,2,2
6273136,8632381,1,4,-3
6273136,8632381,2,2,0
6273136,8632381,10,6,4
6273136,8632381,13,10,3
4425289,5395575,1,1,0
4425289,5395575,10,5,5
6317973,6631798,3,5,-2
6317973,6631798,4,6,-2
6317973,6631798,5,8,-3
6317973,6631798,12,12,0
5311406,7336502,12,8,4
6432116,7428904,8,1,7
4463222,4850016,3,3,0
4463222,4850016,13,7,6
4325381,8409097,1,3,-2
5214759,5630074,2,2,0
7346922,8424094,11,2,9
6308224,7676281,4,11,-7
5314650,7169341,1,1,0
5314650,7169341,2,3,-1
5314650,7169341,3,4,-1
5314650,7169341,8,2,6
5314650,7169341,11,7,4
4164405,8739734,1,6,-5
4007880,7156115,4,7,-3
4007880,7156115,9,3,6
6381668,8019589,2,2,0
6381668,8019589,6,10,-4
5159685,8112511,4,6,-2
4256017,5520166,2,6,-4
4256017,5520166,4,13,-9
5283868,5651002,8,12,-4
5013649,7365052,5,6,-1
5013649,7365052,9,8,1
5013649,7365052,11,9,2
5013649,7365052,12,5,7
4251387,6091974,5,2,3
4251387,6091974,10,1,9
7260368,7929989,3,6,-3
7260368,7929989,11,2,9
7260368,7929989,13,8,5
4857713,7182256,3,2,1
6282243,7668384,3,10,-7
6282243,7668384,4,4,0
6442690,7660901,8,11,-3
5217705,6506365,1,2,-1
5217705,6506365,2,4,-2
4065019,7938287,3,13,-10
4065019,7938287,4,1,3
4065019,7938287,7,7,0
4065019,7938287,8,3,5
4065019,7938287,12,10,2
5391932,7702095,1,3,-2
5391932,7702095,5,4,1
5265431,6461113,2,9,-7
5265431,6461113,6,7,-1
5265431,6461113,7,1,6
5265431,6461113,10,12,-2
5265431,6461113,12,4,8
6427770,8443873,5,3,2
6427770,8443873,8,1,7
4208104,4793701,1,1,0
4208104,4793701,2,5,-3
6041310,6922674,2,8,-6
6041310,6922674,3,12,-9
6041310,6922674,13,10,3
5437633,8609400,1,2,-1
6311239,7092439,3,2,1
4568550,7250186,1,7,-6
4568550,7250186,3,12,-9
4568550,7250186,4,2,2
4568550,7250186,10,6,4
7457122,8280714,9,1,8
6240188,7269257,1,1,0
5192931,5428345,3,10,-7
5192931,5428345,6,6,0
5192931,5428345,8,3,5
4361263,6276531,1,1,0
4361263,6276531,4,3,1
4361263,6276531,13,11,2
6513821,6997469,2,4,-2
6513821,6997469,4,5,-1
6513821,6997469,8,1,7
6594551,8600553,1,1,0
6594551,8600553,5,4,1
6594551,8600553,12,8,4
6594551,8600553,13,7,6
6209643,7036587,1,2,-1
6209643,7036587,2,5,-3
6209643,7036587,8,7,1
5586780,8272657,1,9,-8
5586780,8272657,2,6,-4
7355970,8493988,2,3,-1
7355970,8493988,3,6,-3
5417361,8286850,1,1,0
5417361,8286850,2,4,-2
4454380,4744506,1,10,-9
4454380,4744506,10,1,9
4454380,4744506,12,4,8
6926618,8469834,4,7,-3
6926618,8469834,6,6,0
6926618,8469834,7,5,2
6926618,8469834,10,8,2
6926618,8469834,11,9,2
5452091,8119991,1,12,-11
6856169,7280590,2,2,0
3965900,5328028,9,12,-3
7725492,8271506,1,12,-11
7725492,8271506,4,10,-6
7725492,8271506,5,3,2
7725492,8271506,7,7,0
4236974,5160714,4,2,2
6320323,7843144,1,2,-1
4384279,4723119,1,1,0
4384279,4723119,11,6,5
4384279,4723119,12,13,-1
8273039,8734370,2,1,1
8273039,8734370,3,5,-2
8273039,8734370,6,2,4
4955095,6088858,2,5,-3
4955095,6088858,3,1,2
4955095,6088858,6,7,-1
4955095,6088858,12,8,4
6940956,7688841,6,3,3
6671710,6908808,2,12,-10
6671710,6908808,8,8,0
4290058,8253563,7,8,-1
4290058,8253563,12,1,11
5375199,7197718,1,12,-11
5375199,7197718,7,13,-6
5375199,7197718,10,1,9
5375199,7197718,12,3,9
7221130,8022683,2,7,-5
7221130,8022683,4,10,-6
7221130,8022683,9,2,7
4896183,5005043,3,3,0
4896183,5005043,5,5,0
5396210,7788794,1,9,-8
5396210,7788794,3,6,-3
5396210,7788794,4,8,-4
5396210,7788794,5,5,0
6185799,7124478,1,4,-3
7444845,8739584,1,1,0
7444845,8739584,2,3,-1
7444845,8739584,3,8,-5
7444845,8739584,4,2,2
4325148,5146932,1,2,-1
4918614,6045252,7,4,3
4918614,6045252,10,5,5
4826568,5149442,1,6,-5
4826568,5149442,4,13,-9
4790678,5601376,1,3,-2
4790678,5601376,8,4,4
4790678,5601376,12,10,2
6618831,8589767,7,8,-1
6618831,8589767,13,9,4
6514809,7259069,3,4,-1
4327490,8079152,3,4,-1
7350077,7653011,4,6,-2
7350077,7653011,9,7,2
4084714,5228823,2,7,-5
4084714,5228823,8,11,-3
6880579,8511096,3,4,-1
5262305,8543183,4,4,0
4431968,5233298,2,1,1
4118452,4834643,2,7,-5
4118452,4834643,8,5,3
4020378,4233653,1,5,-4
4020378,4233653,3,1,2
4020378,4233653,4,3,1
6126611,7225021,1,1,0
6126611,7225021,2,2,0
7753904,8685020,1,2,-1
7753904,8685020,4,7,-3
7753904,8685020,6,4,2
7753904,8685020,11,5,6
5371895,7890927,2,6,-4
4935760,5172154,1,2,-1
4935760,5172154,2,1,1
4935760,5172154,10,4,6
4935760,5172154,11,7,4
4935760,5172154,13,8,5
5307317,6996010,1,3,-2
4925207,7004484,8,3,5
4925207,7004484,9,13,-4
7399704,8351012,5,7,-2
6307956,8016191,1,2,-1
6307956,8016191,3,11,-8
6662419,7116034,1,4,-3
6662419,7116034,3,1,2
6662419,7116034,5,2,3
6662419,7116034,7,5,2
6662419,7116034,8,8,0
6662419,7116034,9,3,6
6662419,7116034,11,9,2
6662419,7116034,13,7,6
6944168,7203192,1,2,-1
5557907,6244021,1,2,-1
5557907,6244021,3,5,-2
5557907,6244021,6,3,3
6381602,8489624,1,9,-8
6381602,8489624,4,5,-1
4794971,7798162,2,1,1
5168446,7080034,1,3,-2
5168446,7080034,5,2,3
7252223,8744915,2,9,-7
7252223,8744915,3,2,1
5340947,6338906,5,3,2
5340947,6338906,6,2,4
7031041,7751108,2,8,-6
7031041,7751108,3,11,-8
7031041,7751108,4,9,-5
7031041,7751108,5,10,-5
7290630,7665554,11,3,8
7694934,8360250,4,3,1
4798534,7841858,2,1,1
4798534,7841858,4,9,-5
4798534,7841858,6,13,-7
4798534,7841858,7,10,-3
4171661,4704936,1,2,-1
4171661,4704936,3,10,-7
4171661,4704936,6,1,5
4584722,5376118,12,12,0
5307320,7075857,3,7,-4
5307320,7075857,5,5,0
5569182,8206371,1,3,-2
5569182,8206371,3,7,-4
5569182,8206371,4,1,3
4819676,5303448,4,12,-8
5199741,5387008,9,6,3
5199741,5387008,12,13,-1
3972524,4117314,4,6,-2
7217187,7677972,2,4,-2
7217187,7677972,5,2,3
7217187,7677972,11,5,6
5224424,6412414,5,2,3
7471008,7781904,1,1,0
7471008,7781904,4,9,-5
7471008,7781904,7,7,0
7471008,7781904,9,12,-3
7471008,7781904,10,13,-3
6363489,7698444,1,4,-3
6363489,7698444,3,12,-9
6363489,7698444,4,2,2
6363489,7698444,12,11,1
6132580,8563275,3,3,0
6132580,8563275,7,9,-2
6132580,8563275,8,10,-2
6132580,8563275,11,11,0
6317722,8364555,1,1,0
6317722,8364555,4,6,-2
6317722,8364555,6,2,4
6317722,8364555,11,11,0
6317722,8364555,13,5,8
7181378,8419232,3,10,-7
7181378,8419232,5,5,0
7181378,8419232,6,11,-5
7181378,8419232,11,2,9
4322016,5359766,4,2,2
4322016,5359766,5,10,-5
6530938,7163523,3,1,2
6530938,7163523,13,10,3
7049987,8162540,4,5,-1
7049987,8162540,12,11,1
7464358,7614028,1,1,0
7464358,7614028,2,13,-11
5120928,5653900,1,5,-4
5120928,5653900,8,7,1
4767940,7602376,2,3,-1
4767940,7602376,4,2,2
5244001,8220477,1,3,-2
5244001,8220477,3,2,1
5244001,8220477,5,10,-5
5244001,8220477,8,11,-3
5244001,8220477,11,12,-1
4096340,4372875,3,7,-4
4096340,4372875,5,8,-3
4096340,4372875,8,5,3
4096340,4372875,9,3,6
6581839,7156301,1,3,-2
6581839,7156301,7,7,0
5358518,8668730,3,8,-5
5358518,8668730,11,7,4
4914808,5079834,1,2,-1
4914808,5079834,2,13,-11
4914808,5079834,4,6,-2
7268807,8355059,4,2,2
6536001,7849125,1,11,-10
6536001,7849125,2,5,-3
6536001,7849125,7,2,5
5397591,7163811,1,10,-9
6118993,6970566,6,7,-1
6118993,6970566,7,12,-5
6419434,8061944,2,4,-2
5215088,7625371,1,5,-4
6377262,7864202,1,1,0
6377262,7864202,4,9,-5
6377262,7864202,6,2,4
7255980,7713633,8,11,-3
7255980,7713633,12,4,8
7255980,7713633,13,3,10
6637424,8100740,4,2,2
5226866,7097593,2,3,-1
5226866,7097593,9,1,8
5226866,7097593,11,2,9
6982978,7694015,1,9,-8
4614766,5064719,3,12,-9
4614766,5064719,8,4,4
4614766,5064719,11,6,5
4614766,5064719,12,8,4
5138249,7019507,3,4,-1
5138249,7019507,4,9,-5
5039155,7080866,9,5,4
6430796,7584947,1,6,-5
6430796,7584947,10,4,6
5000559,6551354,12,8,4
4424491,7940052,11,3,8
4424491,7940052,12,1,11
6238288,8439739,1,1,0
6238288,8439739,2,2,0
6238288,8439739,3,5,-2
6238288,8439739,4,3,1
6238288,8439739,5,8,-3
6238288,8439739,9,13,-4
6636834,8719133,1,10,-9
6636834,8719133,12,4,8
5614549,6541508,1,2,-1
7136835,8635131,3,1,2
7136835,8635131,4,5,-1
8282256,8562195,2,5,-3
8282256,8562195,6,2,4
8282256,8562195,11,10,1
4534248,5363728,3,2,1
5148826,7058478,7,9,-2
4605973,8612310,2,9,-7
6484143,8195831,5,13,-8
6484143,8195831,9,10,-1
6484143,8195831,11,4,7
4401368,6466368,1,12,-11
4401368,6466368,3,2,1
4158555,4610402,1,1,0
5365936,5566096,4,4,0
6373979,7949186,8,8,0
6373979,7949186,11,6,5
4385157,6469094,9,1,8
5224802,5584612,1,5,-4
5224802,5584612,5,3,2
5224802,5584612,7,9,-2
4230350,6474702,1,3,-2
4230350,6474702,2,2,0
4230350,6474702,9,1,8
6607257,7543900,13,3,10
6861466,7709566,2,10,-8
6861466,7709566,3,6,-3
7028298,8271651,1,2,-1
7028298,8271651,2,1,1
7399398,8251672,1,1,0
7399398,8251672,2,4,-2
6272053,7336554,1,3,-2
6272053,7336554,6,11,-5
6272053,7336554,7,8,-1
6272053,7336554,8,10,-2
5283462,6411494,4,7,-3
5283462,6411494,7,11,-4
5283462,6411494,8,13,-5
6134461,8348886,3,5,-2
4158738,8470257,1,12,-11
6252591,7392506,1,3,-2
6252591,7392506,2,10,-8
6252591,7392506,5,9,-4
6252591,7392506,6,7,-1
4211592,7785061,1,4,-3
4211592,7785061,3,13,-10
4211592,7785061,10,2,8
6064890,7286801,2,2,0
7494689,8518552,1,4,-3
7494689,8518552,3,2,1
7494689,8518552,10,3,7
5410090,8541627,1,8,-7
5410090,8541627,3,2,1
5410090,8541627,4,6,-2
5410090,8541627,5,1,4
5410090,8541627,7,5,2
5410090,8541627,11,3,8
5149806,7556858,1,5,-4
5149806,7556858,4,10,-6
7231566,7793177,7,4,3
7231566,7793177,8,8,0
7231566,7793177,10,9,1
6463478,7689716,5,3,2
5269775,8273939,3,6,-3
5269775,8273939,4,2,2
5269775,8273939,5,7,-2
5652569,6075442,1,3,-2
5652569,6075442,6,2,4
6513606,8360174,1,2,-1
6513606,8360174,11,1,10
5000162,6516793,1,11,-10
5000162,6516793,2,9,-7
5000162,6516793,3,7,-4
5000162,6516793,6,1,5
5000162,6516793,9,4,5
5000162,6516793,10,5,5
5000162,6516793,11,8,3
6947802,7709765,1,6,-5
6947802,7709765,12,7,5
6947802,7709765,13,13,0
7017294,7325347,1,1,0
7017294,7325347,2,4,-2
7017294,7325347,3,3,0
7017294,7325347,4,5,-1
7017294,7325347,5,8,-3
7017294,7325347,7,2,5
7017294,7325347,8,7,1
4055960,8051655,1,11,-10
4055960,8051655,3,4,-1
4055960,8051655,5,3,2
4055960,8051655,8,5,3
5568044,6100676,4,7,-3
5568044,6100676,5,3,2
5568044,6100676,6,13,-7
5568044,6100676,7,8,-1
5568044,6100676,10,1,9
4940311,5528424,11,7,4
6081852,7050446,5,1,4
4341327,7193385,2,3,-1
4341327,7193385,7,1,6
4341327,7193385,9,2,7
4144412,4677687,1,2,-1
4144412,4677687,3,3,0
4144412,4677687,9,12,-3
4562972,8136750,2,1,1
4562972,8136750,7,4,3
7601858,8008517,1,2,-1
7601858,8008517,2,1,1
7601858,8008517,3,5,-2
7601858,8008517,4,3,1
7601858,8008517,5,4,1
7601858,8008517,6,10,-4
7601858,8008517,7,12,-5
7601858,8008517,8,7,1
7601858,8008517,9,8,1
7601858,8008517,10,9,1
7601858,8008517,11,6,5
7601858,8008517,12,11,1
7601858,8008517,13,13,0
5479986,8631876,8,11,-3
5019152,6262275,1,2,-1
5019152,6262275,2,4,-2
5019152,6262275,3,3,0
7840537,8458131,3,9,-6
7840537,8458131,9,13,-4
4617880,6655331,4,6,-2
6878233,7655110,9,3,6
6878233,7655110,12,5,7
4601374,6511075,4,2,2
4601374,6511075,7,3,4
4193141,5566404,3,12,-9
4193141,5566404,11,10,1
5310012,6988556,2,9,-7
5310012,6988556,4,3,1
4296521,7350259,1,1,0
4296521,7350259,4,9,-5
4296521,7350259,6,2,4
4296521,7350259,11,8,3
4365114,4811406,1,5,-4
4397724,6533953,2,2,0
4190697,7360831,2,4,-2
4190697,7360831,7,7,0
4899358,7227931,1,3,-2
4899358,7227931,2,2,0
4899358,7227931,3,1,2
4899358,7227931,7,11,-4
5288736,6964711,2,2,0
5288736,6964711,3,6,-3
5288736,6964711,8,5,3
5288736,6964711,12,1,11
4446018,8715498,1,1,0
5346196,6916018,3,4,-1
5346196,6916018,5,1,4
6118450,7818350,4,11,-7
6118450,7818350,7,3,4
6118450,7818350,11,4,7
4848374,8333197,1,1,0
5111288,7298400,6,2,4
7280858,7887345,1,4,-3
7280858,7887345,10,8,2
6178418,6532463,3,8,-5
6178418,6532463,9,3,6
6178418,6532463,13,6,7
5207353,5574549,1,1,0
5207353,5574549,4,3,1
4536893,4690134,6,1,5
4536893,4690134,12,9,3
5589291,6326104,2,6,-4
5589291,6326104,3,7,-4
5589291,6326104,13,3,10
4107663,4307391,2,1,1
4981491,8648226,3,1,2
4981491,8648226,13,5,8
6180288,7771922,2,6,-4
7341804,8034485,1,12,-11
7341804,8034485,7,10,-3
7341804,8034485,10,2,8
7341804,8034485,11,1,10
7341804,8034485,12,6,6
7341804,8034485,13,7,6
6329940,7064695,9,3,6
6329940,7064695,10,4,6
6329940,7064695,11,7,4
4920733,7753160,1,1,0
4920733,7753160,9,6,3
7536470,7899048,3,3,0
7536470,7899048,5,8,-3
5233273,7446489,7,8,-1
6502859,8714655,11,3,8
4529239,7934758,1,1,0
4769339,5512499,2,6,-4
4769339,5512499,3,3,0
4769339,5512499,4,5,-1
4769339,5512499,8,7,1
4366565,7065039,1,5,-4
4366565,7065039,2,4,-2
4366565,7065039,13,6,7
6397417,8720120,6,1,5
6406540,7625446,11,9,2
6392721,7133102,4,3,1
6392721,7133102,6,11,-5
6392721,7133102,8,4,4
6392721,7133102,11,9,2
6535497,8259641,12,10,2
4890065,7961059,6,3,3
5095484,7437656,1,11,-10
4278574,7053149,3,5,-2
4259762,7703158,10,4,6
4051399,6268668,2,6,-4
4051399,6268668,3,10,-7
4051399,6268668,4,2,2
4051399,6268668,6,8,-2
4051399,6268668,12,1,11
6526411,7043477,1,1,0
6239989,6882548,4,9,-5
6239989,6882548,5,7,-2
6239989,6882548,11,3,8
4859871,5027017,6,8,-2
4859871,5027017,11,10,1
6599397,7332626,4,8,-4
6599397,7332626,7,1,6
6599397,7332626,10,2,8
4267423,5298709,1,1,0
4267423,5298709,2,3,-1
4267423,5298709,6,12,-6
4267423,5298709,7,13,-6
4267423,5298709,13,7,6
5559363,6548896,1,3,-2
5559363,6548896,9,1,8
5484988,7103570,2,11,-9
5484988,7103570,3,10,-7
5484988,7103570,7,2,5
5484988,7103570,8,1,7
5080474,7387954,1,2,-1
5080474,7387954,2,1,1
5080474,7387954,12,13,-1
6142887,7766768,1,4,-3
6142887,7766768,3,7,-4
6142887,7766768,8,3,5
7139811,7991883,10,1,9
7139811,7991883,11,6,5
6071068,7950685,3,12,-9
6071068,7950685,4,4,0
6071068,7950685,13,1,12
4000740,6261266,4,4,0
4000740,6261266,8,2,6
6188913,7668510,4,8,-4
6188913,7668510,6,12,-6
6188913,7668510,9,10,-1
6974461,8496690,1,1,0
6974461,8496690,2,12,-10
6797718,8158794,6,5,1
4951156,5490199,1,1,0
4951156,5490199,6,9,-3
4757626,7647881,1,6,-5
4757626,7647881,4,10,-6
4757626,7647881,10,1,9
4678171,6874182,9,9,0
4678171,6874182,10,1,9
4678171,6874182,11,5,6
6497022,7263737,5,1,4
6497022,7263737,7,11,-4
6141533,8503927,1,3,-2
6141533,8503927,2,2,0
4315779,6475497,1,1,0
4315779,6475497,6,3,3
4315779,6475497,7,12,-5
4315779,6475497,13,4,9
6469778,7777866,1,5,-4
6469778,7777866,4,2,2
6202207,7093247,2,3,-1
6202207,7093247,6,1,5
7312976,8023251,3,2,1
7312976,8023251,5,1,4
6419058,6874603,1,3,-2
6419058,6874603,3,1,2
6419058,6874603,6,4,2
6419058,6874603,12,2,10
6476215,8466272,1,3,-2
6476215,8466272,9,11,-2
4721868,7382155,1,5,-4
4721868,7382155,5,1,4
4721868,7382155,11,7,4
6589508,8313732,1,1,0
5404418,6274995,1,2,-1
5404418,6274995,9,4,5
5404418,6274995,10,7,3
6571821,7321125,3,12,-9
5350397,6383204,2,1,1
6126677,8267964,4,3,1
6126677,8267964,5,8,-3
5328778,6270921,3,2,1
5328778,6270921,7,8,-1
5328778,6270921,8,9,-1
6164756,8353569,2,10,-8
6164756,8353569,5,1,4
6164756,8353569,9,2,7
6620251,7819079,5,7,-2
6092496,6957635,1,3,-2
6092496,6957635,2,2,0
6092496,6957635,5,9,-4
6092496,6957635,9,7,2
6092496,6957635,13,4,9
4156465,6622467,3,3,0
6120378,7846018,1,9,-8
6120378,7846018,3,4,-1
6320586,7692653,4,9,-5
6284323,8574721,4,1,3
6284323,8574721,5,2,3
6284323,8574721,6,11,-5
6284323,8574721,9,7,2
6284323,8574721,10,6,4
7142526,7876731,10,4,6
4112138,5248279,5,9,-4
4112138,5248279,9,7,2
5327376,7929332,3,6,-3
5327376,7929332,9,2,7
5327376,7929332,11,10,1
5327376,7929332,12,11,1
7031910,8359201,4,5,-1
7031910,8359201,9,7,2
7031910,8359201,12,12,0
6369618,6522175,1,2,-1
6369618,6522175,2,3,-1
6369618,6522175,3,8,-5
5343559,7451267,2,3,-1
5598184,6894698,1,1,0
5598184,6894698,12,12,0
4237378,7187795,3,8,-5
6538669,8352472,2,3,-1
5147370,7604700,1,1,0
5091856,7732938,11,12,-1
4108569,4466619,1,5,-4
4108569,4466619,2,1,1
6634300,7547345,1,1,0
6634300,7547345,2,2,0
6634300,7547345,3,5,-2
6634300,7547345,4,4,0
6634300,7547345,5,13,-8
6634300,7547345,6,8,-2
6634300,7547345,7,3,4
6634300,7547345,9,6,3
6634300,7547345,12,12,0
6452826,8169233,1,1,0
6452826,8169233,4,4,0
5315766,7252098,1,7,-6
5315766,7252098,2,2,0
5315766,7252098,11,1,10
5008911,6504902,2,1,1
5637095,8032226,3,1,2
5637095,8032226,4,7,-3
4041369,4912382,1,1,0
5137470,5334051,1,1,0
5137470,5334051,2,11,-9
5137470,5334051,3,4,-1
5137470,5334051,4,5,-1
5137470,5334051,8,2,6
5137470,5334051,10,8,2
5137470,5334051,12,6,6
4097850,4792797,4,5,-1
4607317,8664880,11,13,-2
6238335,7047980,1,2,-1
6238335,7047980,3,12,-9
6238335,7047980,5,8,-3
6238335,7047980,7,10,-3
6238335,7047980,8,5,3
4394099,4596091,1,2,-1
4394099,4596091,4,5,-1
5145993,6610739,1,2,-1
4391127,7472580,6,2,4
4391127,7472580,12,4,8
4910597,7636116,2,5,-3
4910597,7636116,12,11,1
4121057,4368531,2,2,0
4121057,4368531,6,1,5
5448992,7356365,2,6,-4
5448992,7356365,5,3,2
4375655,5502601,2,12,-10
4375655,5502601,6,8,-2
4375655,5502601,11,11,0
6147375,8283788,8,12,-4
6238790,7081210,11,9,2
5557606,7729684,1,1,0
7390317,8531064,1,9,-8
7390317,8531064,3,6,-3
4492915,5105157,1,2,-1
4492915,5105157,2,1,1
4492915,5105157,3,5,-2
4370997,6386403,5,2,3
4944778,6924326,9,3,6
6228118,6972037,3,4,-1
6228118,6972037,6,2,4
5396266,8031181,6,7,-1
4587189,7108947,12,5,7
4274849,7069743,8,11,-3
4274849,7069743,12,5,7
5624125,7690658,1,1,0
5624125,7690658,4,11,-7
5624125,7690658,13,2,11
6165747,7691593,2,4,-2
6165747,7691593,3,3,0
4840427,7156442,1,1,0
4840427,7156442,5,4,1
4840427,7156442,10,10,0
5632915,7135389,1,4,-3
5632915,7135389,13,8,5
5371547,8749705,10,2,8
5371547,8749705,11,6,5
6325505,6351320,1,1,0
6325505,6351320,2,7,-5
6938411,7412823,2,4,-2
6545155,7709505,1,1,0
6545155,7709505,9,12,-3
6621729,7747926,2,3,-1
6621729,7747926,6,1,5
6621729,7747926,7,12,-5
6621729,7747926,10,6,4
3947051,5577757,2,1,1
3947051,5577757,3,2,1
7010663,8166128,2,1,1
7010663,8166128,5,2,3
7010663,8166128,6,3,3
7010663,8166128,7,11,-4
4549900,5266586,3,3,0
4549900,5266586,7,8,-1
4549900,5266586,9,9,0
4549900,5266586,11,10,1
5270554,8664665,3,6,-3
5270554,8664665,4,2,2
4247254,4893987,2,1,1
4247254,4893987,3,3,0
4247254,4893987,8,12,-4
4325376,5171249,1,1,0
4325376,5171249,12,8,4
5623137,7571858,7,1,6
6220804,8608420,1,2,-1
6220804,8608420,6,5,1
6220804,8608420,8,9,-1
4590614,7256741,3,7,-4
4634535,6401934,2,1,1
5223714,5573952,12,8,4
6263141,7171100,1,3,-2
6263141,7171100,2,2,0
6263141,7171100,7,7,0
6263141,7171100,8,8,0
6263141,7171100,10,6,4
6446188,7249131,4,3,1
6166828,8152272,4,2,2
6166828,8152272,7,13,-6
4762723,4960043,10,3,7
7359349,8428086,2,13,-11
7359349,8428086,3,5,-2
7359349,8428086,4,4,0
4368907,7810860,2,9,-7
4368907,7810860,3,5,-2
4368907,7810860,8,3,5
4368907,7810860,9,10,-1
4162500,4375220,5,3,2
5536131,8668426,3,4,-1
5536131,8668426,7,7,0
4189553,4526943,2,1,1
4189553,4526943,4,2,2
4189553,4526943,5,3,2
6487338,6885682,2,1,1
6487338,6885682,10,8,2
4049414,4288143,1,2,-1
4049414,4288143,4,4,0
4049414,4288143,6,13,-7
6281568,6841414,2,9,-7
6281568,6841414,4,5,-1
6281568,6841414,5,7,-2
4935457,7235613,12,1,11
5211748,6300390,1,2,-1
5211748,6300390,2,1,1
6865798,7000310,3,2,1
4410216,8616273,8,5,3
4771438,7133620,2,3,-1
6993451,8169406,3,6,-3
6136339,8003141,3,3,0
4181943,8473127,1,1,0
4181943,8473127,12,5,7
5501123,5562277,1,7,-6
5501123,5562277,11,8,3
4410385,7358202,3,11,-8
4410385,7358202,4,13,-9
5391143,7195710,5,2,3
6515511,8643162,10,2,8
6506405,8734853,8,10,-2
4404451,5191707,4,2,2
4404451,5191707,5,5,0
6150692,7855380,3,11,-8
6150692,7855380,6,1,5
6150692,7855380,13,6,7
5620921,6353012,6,3,3
7255496,8280203,10,13,-3
4547390,6120502,2,2,0
4547390,6120502,3,1,2
4376753,5307391,6,9,-3
4376753,5307391,8,11,-3
4028888,8276387,1,1,0
4028888,8276387,4,4,0
4028888,8276387,5,6,-1
4028888,8276387,11,2,9
5263622,7250070,2,4,-2
4921334,6211859,1,10,-9
4921334,6211859,2,3,-1
4921334,6211859,13,6,7
7059508,7770775,1,6,-5
7059508,7770775,2,4,-2
7059508,7770775,6,10,-4
7059508,7770775,7,7,0
7059508,7770775,10,1,9
4027454,7631469,3,5,-2
5650256,8592115,1,1,0
4600857,7097328,1,6,-5
4600857,7097328,2,2,0
4600857,7097328,3,3,0
6906677,7321338,1,3,-2
6500612,7105294,1,1,0
6500612,7105294,3,9,-6
6500612,7105294,5,13,-8
6500612,7105294,12,4,8
5364298,6443793,2,8,-6
5364298,6443793,10,3,7
6381564,8070909,5,4,1
5333113,8271388,10,8,2
6844048,7163885,1,6,-5
5336616,8486616,2,3,-1
6220666,6890034,5,6,-1
4365921,4998858,1,13,-12
4674751,7015300,3,4,-1
4674751,7015300,5,1,4
4674751,7015300,6,11,-5
5126892,5309291,2,2,0
5126892,5309291,7,3,4
5602566,7601066,1,7,-6
6967745,7793000,3,1,2
5503530,6448669,1,1,0
5503530,6448669,2,3,-1
5503530,6448669,9,8,1
7147327,7901079,7,5,2
3996546,6099332,1,1,0
3996546,6099332,3,8,-5
4704891,7929137,6,11,-5
4704891,7929137,9,13,-4
6120918,7684151,1,10,-9
6120918,7684151,6,1,5
6120918,7684151,8,11,-3
6120918,7684151,9,3,6
6120918,7684151,11,6,5
6120918,7684151,12,7,5
6120918,7684151,13,8,5
7019670,8671002,1,1,0
7019670,8671002,4,7,-3
5478662,6979504,2,3,-1
5478662,6979504,5,1,4
6527658,7591750,1,12,-11
6527658,7591750,4,4,0
6527658,7591750,9,2,7
6527658,7591750,11,5,6
6527658,7591750,12,7,5
6948745,7377557,1,2,-1
4706687,5242404,4,1,3
4706687,5242404,9,11,-2
4706687,5242404,13,5,8
5200982,6064706,1,6,-5
5200982,6064706,3,1,2
5200982,6064706,12,2,10
5146435,7190038,2,3,-1
5146435,7190038,3,6,-3
4905448,5477658,4,7,-3
4368310,4521577,1,9,-8
5549577,6669681,3,7,-4
5549577,6669681,5,9,-4
5549577,6669681,6,2,4
6128740,7690037,10,10,0
5220674,7155476,1,4,-3
5220674,7155476,4,2,2
6541294,7279711,1,2,-1
6541294,7279711,5,1,4
6541294,7279711,11,3,8
7447911,8276816,1,2,-1
6379324,7376460,4,1,3
4097807,4263670,8,6,2
6238397,8470000,4,10,-6
4205341,7202882,2,1,1
7093399,8056739,1,1,0
4918031,6475356,2,2,0
5184208,6249050,1,13,-12
5184208,6249050,12,10,2
4112860,4703926,11,10,1
6298255,8103325,2,3,-1
6298255,8103325,13,4,9
5277262,7487833,2,3,-1
5277262,7487833,10,13,-3
5277262,7487833,11,5,6
4821645,6123025,4,1,3
4821645,6123025,7,13,-6
4821645,6123025,9,10,-1
5382259,8444668,5,5,0
4123305,7141768,13,1,12
5331807,5615658,1,6,-5
5331807,5615658,3,1,2
5331807,5615658,10,10,0
5518272,7063355,2,2,0
5518272,7063355,7,4,3
4391927,6890972,1,1,0
4391927,6890972,3,2,1
4391927,6890972,8,5,3
5153568,8253750,2,1,1
5345402,6622541,8,4,4
5345402,6622541,10,8,2
6872226,8211170,4,1,3
6904057,7065083,9,7,2
5643460,6927846,2,1,1
5225899,5416531,1,4,-3
5225899,5416531,5,2,3
5225899,5416531,7,7,0
5225899,5416531,8,8,0
5225899,5416531,10,12,-2
5225899,5416531,11,9,2
7865931,8453166,2,3,-1
7865931,8453166,9,6,3
6514217,8303520,5,12,-7
7143785,8480974,1,1,0
6894285,7141798,6,4,2
6894285,7141798,10,13,-3
4890715,5479853,9,2,7
4875240,6984279,2,5,-3
7650966,8397873,1,2,-1
7650966,8397873,4,1,3
6429300,7125669,1,7,-6
6429300,7125669,2,1,1
6429300,7125669,4,2,2
6429300,7125669,6,10,-4
4117582,5173982,9,6,3
4092612,4330757,2,1,1
4092612,4330757,6,2,4
4490190,7960248,11,12,-1
5120428,7090768,10,4,6
7566944,8741683,1,2,-1
7566944,8741683,2,7,-5
7566944,8741683,6,1,5
5072152,6091384,2,3,-1
5072152,6091384,3,6,-3
5072152,6091384,5,8,-3
6303324,8440410,2,8,-6
6303324,8440410,4,13,-9
5309733,6223549,1,6,-5
5309733,6223549,11,4,7
5162822,6271739,3,9,-6
5162822,6271739,6,2,4
5162822,6271739,8,3,5
5162822,6271739,9,13,-4
6663155,7604273,2,3,-1
4556488,7658788,2,3,-1
4556488,7658788,5,7,-2
5484988,7103570,2,11,-9
5484988,7103570,3,10,-7
5484988,7103570,7,2,5
5484988,7103570,8,1,7
6550539,7350584,1,7,-6
6550539,7350584,2,2,0
6550539,7350584,6,8,-2
6550539,7350584,13,6,7
4979064,5097243,1,5,-4
4979064,5097243,2,2,0
4979064,5097243,7,12,-5
4635638,5100421,1,1,0
4635638,5100421,3,2,1
4635638,5100421,4,3,1
4197850,7496404,1,2,-1
4197850,7496404,3,5,-2
4197850,7496404,4,3,1
4197850,7496404,5,11,-6
7532501,8116118,2,8,-6
7532501,8116118,3,1,2
7532501,8116118,8,2,6
7532501,8116118,9,3,6
4892764,7484949,1,3,-2
4892764,7484949,5,4,1
4892764,7484949,6,11,-5
6636227,7525551,2,2,0
5529044,6152107,1,1,0
5529044,6152107,5,5,0
4378384,4685203,1,10,-9
4378384,4685203,10,11,-1
4378384,4685203,11,3,8
7027838,8102319,3,1,2
7027838,8102319,10,6,4
4089559,6631948,2,1,1
4089559,6631948,6,4,2
4089559,6631948,11,8,3
4712460,5645206,1,2,-1
4618649,5292514,10,4,6
4674115,8019064,4,2,2
4674115,8019064,7,10,-3
4674115,8019064,12,5,7
5643260,8114130,3,1,2
5643260,8114130,4,5,-1
5643260,8114130,8,3,5
3957718,4278585,2,8,-6
6189803,7059307,1,1,0
6189803,7059307,6,8,-2
5278759,5499181,5,1,4
4027943,5249080,5,5,0
4614088,7637119,1,4,-3
4614088,7637119,5,2,3
5453822,5615001,1,2,-1
5453822,5615001,3,5,-2
5453822,5615001,7,1,6
5453822,5615001,13,10,3
7037344,7288099,2,1,1
7037344,7288099,4,6,-2
7037344,7288099,10,2,8
7037344,7288099,13,5,8
5483526,7724666,12,4,8
5483526,7724666,13,6,7
4397253,8549785,10,12,-2
4529980,8253528,1,7,-6
4529980,8253528,3,13,-10
4237264,7276554,1,1,0
4237264,7276554,3,9,-6
4237264,7276554,6,4,2
7364061,8636766,2,1,1
7364061,8636766,6,5,1
7364061,8636766,8,7,1
4601995,4663302,4,6,-2
4601995,4663302,5,7,-2
4601995,4663302,6,8,-2
4601995,4663302,12,9,3
4750498,8460311,1,1,0
4750498,8460311,2,3,-1
4750498,8460311,8,9,-1
5155493,8009107,2,8,-6
5155493,8009107,3,1,2
5009568,7607862,1,3,-2
5009568,7607862,2,1,1
5009568,7607862,4,4,0
5348022,8357103,1,3,-2
5348022,8357103,4,1,3
5348022,8357103,12,4,8
6064567,7102882,2,12,-10
6944121,8154307,2,2,0
6424578,7091769,1,2,-1
6424578,7091769,10,10,0
6424578,7091769,12,3,9
6424578,7091769,13,7,6
4862237,5327001,4,11,-7
4862237,5327001,8,5,3
6205150,7809856,3,1,2
6205150,7809856,5,3,2
5655088,7107240,2,7,-5
6964155,8172716,1,2,-1
6964155,8172716,2,1,1
6964155,8172716,5,6,-1
6964155,8172716,7,4,3
4378194,6619072,4,7,-3
4674584,6343664,1,1,0
4674584,6343664,5,7,-2
6071783,6335250,1,1,0
4185849,8360455,1,2,-1
4185849,8360455,2,4,-2
4185849,8360455,6,1,5
4347826,7350514,1,5,-4
4347826,7350514,8,2,6
7590939,8108777,1,2,-1
7590939,8108777,10,5,5
4354248,4766561,1,1,0
4099358,7650727,3,2,1
5453827,6078710,2,1,1
5453827,6078710,3,2,1
5453827,6078710,4,3,1
4162542,5331691,1,5,-4
4925443,6331158,3,2,1
4598402,7116602,4,5,-1
6297424,8475427,11,5,6
6297424,8475427,12,1,11
6554852,8267973,1,1,0
6554852,8267973,2,3,-1
6554852,8267973,3,2,1
5247220,6218767,4,1,3
5247220,6218767,7,10,-3
4246440,4534054,2,5,-3
4246440,4534054,3,1,2
4246440,4534054,13,3,10
4544869,5132600,1,1,0
4544869,5132600,3,9,-6
4544869,5132600,4,6,-2
4544869,5132600,6,4,2
4983672,8357740,4,4,0
6084928,6311043,2,1,1
6084928,6311043,10,11,-1
5221038,7449781,1,11,-10
5221038,7449781,2,4,-2
5053920,7394236,2,1,1
5053920,7394236,3,11,-8
5053920,7394236,8,5,3
5053920,7394236,13,8,5
4601390,5031760,1,3,-2
4601390,5031760,2,10,-8
4601390,5031760,10,9,1
4601390,5031760,12,6,6
6310810,6473325,3,5,-2
7141175,8658095,3,2,1
7141175,8658095,4,3,1
7141175,8658095,6,4,2
5132923,7805340,1,8,-7
5132923,7805340,7,12,-5
7942303,8616431,6,8,-2
4025281,4127380,2,2,0
4025281,4127380,3,4,-1
4025281,4127380,5,8,-3
4025281,4127380,8,1,7
4025281,4127380,10,5,5
4025281,4127380,12,3,9
4853692,7538680,6,1,5
5359972,6655347,3,1,2
5359972,6655347,10,4,6
5359972,6655347,12,2,10
5016500,7681476,1,13,-12
5016500,7681476,4,9,-5
5016500,7681476,12,10,2
5450590,6615373,10,4,6
5014742,6167920,1,4,-3
5014742,6167920,2,5,-3
5014742,6167920,7,10,-3
4300196,6880138,10,9,1
4151425,4845632,12,5,7
5215758,7172767,9,2,7
6240503,7043626,3,3,0
5624001,6481495,1,5,-4
5624001,6481495,7,12,-5
7810764,8601900,6,1,5
6877030,7360033,2,1,1
6877030,7360033,8,13,-5
6877030,7360033,12,2,10
4543921,5063890,1,6,-5
4543921,5063890,4,3,1
4543921,5063890,9,9,0
4543921,5063890,13,10,3
5071578,7202303,2,4,-2
4463079,4840870,11,4,7
4463079,4840870,12,10,2
4463079,4840870,13,3,10
5556389,6234951,3,3,0
5556389,6234951,4,4,0
5556389,6234951,9,9,0
5556389,6234951,12,10,2
6187061,7883553,2,7,-5
7313903,7805919,2,1,1
7313903,7805919,8,9,-1
5221027,8348912,1,9,-8
5221027,8348912,10,1,9
5055103,7056411,6,7,-1
5055103,7056411,12,5,7
7397011,8326450,4,1,3
7397011,8326450,5,3,2
7397011,8326450,13,10,3
5483865,6502497,1,8,-7
5483865,6502497,7,6,1
5483865,6502497,12,11,1
5059211,6537311,1,1,0
4363340,4922975,1,2,-1
4363340,4922975,6,4,2
4363340,4922975,10,9,1
5163989,8177744,9,8,1
6946847,8693963,1,4,-3
6607931,8658446,1,2,-1
6607931,8658446,9,13,-4
6607931,8658446,11,1,10
4369623,6418708,1,5,-4
4369623,6418708,2,1,1
4369623,6418708,4,6,-2
4369623,6418708,5,10,-5
4369623,6418708,6,3,3
4369623,6418708,7,9,-2
4369623,6418708,11,12,-1
4708378,4893704,1,2,-1
4708378,4893704,2,3,-1
4708378,4893704,4,1,3
6323315,7700636,5,4,1
6349905,7048241,2,5,-3
6919631,7247934,4,13,-9
6919631,7247934,5,5,0
6919631,7247934,6,3,3
6919631,7247934,10,8,2
6088686,8429041,2,1,1
5545803,7490665,13,2,11
4959812,7569844,1,3,-2
4959812,7569844,3,1,2
4959812,7569844,6,4,2
5638084,6130656,1,12,-11
5638084,6130656,5,8,-3
5638084,6130656,12,1,11
7198817,7699007,1,7,-6
6618801,7162612,5,8,-3
6618801,7162612,7,1,6
6618801,7162612,9,2,7
4794092,5231304,1,2,-1
4794092,5231304,4,1,3
4794092,5231304,9,7,2
5535950,7757968,2,2,0
5535950,7757968,3,7,-4
5535950,7757968,8,1,7
6192312,7403978,4,8,-4
4763294,5121351,1,4,-3
4763294,5121351,2,9,-7
4763294,5121351,6,2,4
4763294,5121351,12,8,4
4763294,5121351,13,1,12
5354359,7722840,1,3,-2
5354359,7722840,4,1,3
5354359,7722840,7,2,5
5354359,7722840,8,8,0
5354359,7722840,9,4,5
5354359,7722840,11,7,4
5354359,7722840,13,11,2
4219156,5076496,1,4,-3
4219156,5076496,2,11,-9
4124736,4678722,1,3,-2
4124736,4678722,3,6,-3
4228949,7018326,3,3,0
4858924,7160210,6,2,4
4858924,7160210,9,4,5
4858924,7160210,11,7,4
4243031,8251092,5,4,1
4243031,8251092,12,2,10
6146143,6652376,2,13,-11
3932293,4092459,9,2,7
6940451,8126643,1,3,-2
6940451,8126643,5,8,-3
4927411,6620434,3,11,-8
4839628,5652574,8,4,4
4839628,5652574,13,7,6
6266505,8285179,1,1,0
6266505,8285179,3,13,-10
6266505,8285179,13,6,7
6335927,7181455,4,2,2
4812030,6522475,3,2,1
4812030,6522475,11,1,10
5643216,7628771,6,5,1
4874501,6475360,10,6,4
4083105,5323502,5,8,-3
4083105,5323502,6,4,2
4083105,5323502,12,3,9
7426614,7730350,1,2,-1
7426614,7730350,2,1,1
7426614,7730350,3,4,-1
7426614,7730350,4,3,1
7426614,7730350,7,5,2
7426614,7730350,10,13,-3
7426614,7730350,11,7,4
6442754,7451435,8,4,4
4259052,7387006,2,1,1
4259052,7387006,3,6,-3
4259052,7387006,13,12,1
4550245,6210484,1,6,-5
4550245,6210484,11,4,7
4550245,6210484,12,8,4
5260669,8547035,6,3,3
7301927,8380232,3,2,1
7301927,8380232,9,1,8
6145304,6401450,1,12,-11
6145304,6401450,2,6,-4
6145304,6401450,4,1,3
6620821,7960384,6,8,-2
5091039,6074333,7,4,3
8026671,8187006,1,11,-10
6081295,7120253,2,8,-6
5054887,8138500,2,2,0
5054887,8138500,8,4,4
4289532,4723998,1,2,-1
4289532,4723998,2,1,1
4289532,4723998,3,9,-6
4289532,4723998,4,3,1
4289532,4723998,5,6,-1
4289532,4723998,8,10,-2
5632957,7285384,12,12,0
6312706,7828728,9,12,-3
6312706,7828728,10,4,6
4189319,4465762,1,1,0
4189319,4465762,2,8,-6
4189319,4465762,4,7,-3
5390670,7720516,2,6,-4
5390670,7720516,6,8,-2
5390670,7720516,11,13,-2
6941019,8363731,3,11,-8
6941019,8363731,4,3,1
4567248,4663427,2,2,0
7343793,8254208,12,4,8
4697981,5154048,1,1,0
4697981,5154048,2,8,-6
4697981,5154048,6,2,4
4697981,5154048,10,4,6
6212428,7643877,8,8,0
6212428,7643877,9,2,7
5554567,6844255,3,3,0
7188950,7726811,5,9,-4
7188950,7726811,9,13,-4
4520314,7482823,1,1,0
4520314,7482823,4,2,2
5646857,6856897,9,4,5
5646857,6856897,13,12,1
4275583,5323946,1,1,0
4275583,5323946,6,8,-2
4275583,5323946,8,6,2
4846352,7721896,2,3,-1
4846352,7721896,7,5,2
6269277,8527928,13,2,11
4420373,7097736,8,7,1
4118476,4774077,2,2,0
7664903,7730221,3,2,1
7664903,7730221,12,6,6
4643586,7322744,2,2,0
4643586,7322744,6,1,5
4643586,7322744,10,11,-1
6066139,8361068,3,3,0
7078597,7582810,2,2,0
7078597,7582810,3,3,0
7078597,7582810,4,4,0
7078597,7582810,5,5,0
7078597,7582810,6,6,0
7078597,7582810,7,7,0
7078597,7582810,8,8,0
7078597,7582810,9,9,0
7078597,7582810,10,10,0
7078597,7582810,11,11,0
7078597,7582810,12,12,0
7078597,7582810,13,13,0
6212282,8314893,2,12,-10
6212282,8314893,4,2,2
6212282,8314893,5,1,4
5113300,6191918,10,4,6
5142451,5621607,2,1,1
5142451,5621607,4,2,2
5142451,5621607,8,6,2
4227430,7788996,1,1,0
4227430,7788996,4,7,-3
4227430,7788996,8,2,6
6650156,7123055,1,7,-6
6650156,7123055,3,1,2
6650156,7123055,6,3,3
6650156,7123055,7,2,5
6650156,7123055,11,5,6
4877972,5563540,5,3,2
5353817,7854214,2,2,0
7577479,8708934,2,4,-2
7577479,8708934,7,9,-2
7577479,8708934,8,3,5
4656352,4799210,6,4,2
4656352,4799210,7,10,-3
6202319,7574816,2,9,-7
4785295,5150100,12,1,11
4926364,8290721,9,13,-4
4262458,8327587,1,2,-1
4262458,8327587,4,7,-3
6302893,7765670,1,9,-8
6302893,7765670,3,12,-9
6302893,7765670,4,13,-9
6302893,7765670,7,7,0
4799832,5299895,1,11,-10
4799832,5299895,3,1,2
4799832,5299895,6,3,3
6582304,7247095,1,5,-4
4323367,6471443,1,1,0
5429549,7004830,2,1,1
5081410,7633334,11,4,7
5081410,7633334,13,2,11
6409674,7632228,1,2,-1
6290674,7703459,3,8,-5
4057280,7841280,9,2,7
4057280,7841280,12,1,11
6080182,8529587,11,3,8
6149660,6626899,1,4,-3
6149660,6626899,6,3,3
6464294,7322647,1,1,0
6464294,7322647,2,2,0
6464294,7322647,3,3,0
6464294,7322647,9,4,5
6190799,6511771,1,2,-1
6190799,6511771,2,1,1
6190799,6511771,3,9,-6
6190799,6511771,4,5,-1
6190799,6511771,5,3,2
6190799,6511771,8,7,1
6190799,6511771,9,8,1
6190799,6511771,10,4,6
6190799,6511771,11,6,5
4551330,8236287,6,7,-1
4551330,8236287,8,12,-4
4807565,7757636,6,12,-6
6134235,7564870,3,2,1
6134235,7564870,4,3,1
6134235,7564870,9,6,3
4238905,5009625,1,1,0
4238905,5009625,5,4,1
4933839,5274835,11,11,0
3935007,4113472,3,12,-9
3935007,4113472,5,4,1
3935007,4113472,8,6,2
3935007,4113472,10,3,7
4807205,7992057,5,3,2
4807205,7992057,11,8,3
4395796,8407865,1,1,0
4395796,8407865,2,11,-9
4395796,8407865,3,4,-1
5489111,6846001,1,1,0
5489111,6846001,2,2,0
5489111,6846001,4,3,1
6617979,6959187,2,1,1
6617979,6959187,8,6,2
6437750,7589686,1,4,-3
6437750,7589686,2,1,1
5265562,7438025,1,4,-3
7711308,8712309,1,1,0
7711308,8712309,7,5,2
7711308,8712309,9,2,7
4122522,5047942,1,4,-3
4122522,5047942,2,3,-1
4122522,5047942,7,7,0
4122522,5047942,12,12,0
4831389,6079823,1,1,0
4831389,6079823,4,6,-2
5108569,7407565,3,12,-9
5108569,7407565,5,11,-6
4005339,7234614,1,3,-2
4005339,7234614,3,6,-3
4005339,7234614,5,10,-5
4005339,7234614,8,2,6
5365169,6087830,4,2,2
5365169,6087830,5,3,2
5365169,6087830,6,10,-4
6162805,8552191,7,12,-5
4415467,6159380,5,4,1
4415467,6159380,9,11,-2
6196242,6439249,1,1,0
6080193,7410501,3,11,-8
6080193,7410501,5,5,0
8076931,8338993,1,1,0
8076931,8338993,2,6,-4
4497000,4644413,4,2,2
4497000,4644413,5,12,-7
4497000,4644413,6,1,5
6287149,7121896,3,1,2
6287149,7121896,11,11,0
4799893,4915637,1,1,0
4799893,4915637,2,2,0
4799893,4915637,3,3,0
4799893,4915637,4,4,0
4799893,4915637,5,5,0
4799893,4915637,6,6,0
4799893,4915637,7,7,0
4799893,4915637,8,8,0
4799893,4915637,9,9,0
4799893,4915637,10,10,0
4799893,4915637,11,11,0
4799893,4915637,12,12,0
4799893,4915637,13,13,0
6879565,7937442,1,2,-1
6879565,7937442,4,1,3
6879565,7937442,7,3,4
7543413,8468750,1,1,0
5210264,6639062,3,11,-8
5210264,6639062,7,12,-5
4230052,7992731,1,1,0
4230052,7992731,2,5,-3
4230052,7992731,4,4,0
4230052,7992731,8,6,2
4861962,5170033,1,4,-3
4861962,5170033,3,2,1
4861962,5170033,4,1,3
4861962,5170033,5,9,-4
4861962,5170033,7,6,1
4861962,5170033,13,11,2
4323788,4775800,1,2,-1
4323788,4775800,3,4,-1
4323788,4775800,9,6,3
6624185,7205290,2,2,0
6624185,7205290,5,7,-2
6624185,7205290,8,8,0
6624185,7205290,9,12,-3
6624185,7205290,10,13,-3
6624185,7205290,12,4,8
5651548,7427234,1,6,-5
6261188,7346958,1,1,0
6261188,7346958,3,3,0
6261188,7346958,7,9,-2
6261188,7346958,10,13,-3
6507061,7251154,4,1,3
6636754,6912420,2,3,-1
6636754,6912420,4,4,0
6636754,6912420,8,7,1
6636754,6912420,12,11,1
4893801,7798478,1,4,-3
4893801,7798478,2,2,0
4934674,7806395,1,1,0
4934674,7806395,7,12,-5
6362257,7357594,1,8,-7
6362257,7357594,6,6,0
4978281,8708650,3,4,-1
7185010,8473321,2,3,-1
7185010,8473321,6,11,-5
7185010,8473321,9,4,5
6872475,8343381,2,8,-6
6872475,8343381,12,1,11
4632383,7699757,1,11,-10
4522690,8602991,11,4,7
4522690,8602991,13,13,0
4280590,8752672,1,1,0
4280590,8752672,9,3,6
4280590,8752672,11,4,7
4280590,8752672,13,12,1
6430143,7350220,1,1,0
6430143,7350220,6,10,-4
6430143,7350220,8,3,5
7125059,8534983,2,6,-4
4817600,7887561,4,3,1
4817600,7887561,8,1,7
4817600,7887561,13,8,5
4016684,5235784,4,1,3
4016684,5235784,12,8,4
5269477,5516053,13,3,10
4115499,4533696,1,5,-4
6311194,7231381,2,1,1
6311194,7231381,11,2,9
4672421,5280193,1,3,-2
4672421,5280193,7,9,-2
4672421,5280193,12,4,8
6150092,7750143,13,3,10
6849068,8414604,1,2,-1
4981335,6124956,2,2,0
4686582,5307171,1,3,-2
4686582,5307171,2,1,1
4686582,5307171,10,5,5
3964138,8393645,7,11,-4
5520769,7106425,9,7,2
4054951,6529996,11,8,3
6455495,7763712,1,4,-3
6078308,7199790,2,1,1
6078308,7199790,3,6,-3
6078308,7199790,4,5,-1
6078308,7199790,5,4,1
6078308,7199790,6,11,-5
6078308,7199790,8,3,5
6078308,7199790,9,8,1
6078308,7199790,13,12,1
6620176,8349019,9,3,6
5333888,8596664,3,4,-1
5333888,8596664,6,1,5
6645444,7329301,11,5,6
6890314,7128723,3,2,1
4840380,7070517,1,1,0
4840380,7070517,5,5,0
6069443,8207537,2,2,0
6069443,8207537,7,9,-2
6235044,7987994,9,2,7
6235044,7987994,11,5,6
5561777,6992707,8,6,2
3947441,7205297,2,3,-1
3947441,7205297,10,10,0
6956060,8334409,1,1,0
6956060,8334409,2,2,0
6956060,8334409,7,4,3
5178448,7918570,3,2,1
5178448,7918570,4,1,3
5178448,7918570,5,7,-2
7016549,8456544,13,11,2
5153002,5429822,5,2,3
5153002,5429822,10,6,4
5095480,8570990,1,3,-2
5095480,8570990,8,4,4
4021703,8724275,3,2,1
6225152,7736960,1,1,0
6225152,7736960,8,7,1
6225152,7736960,9,6,3
6225152,7736960,11,10,1
7218411,7839511,1,7,-6
5014195,6604173,1,4,-3
5014195,6604173,2,10,-8
5014195,6604173,3,1,2
5014195,6604173,11,6,5
6085371,6634045,1,5,-4
5471669,7809643,2,12,-10
5471669,7809643,3,8,-5
5471669,7809643,5,1,4
5471669,7809643,9,7,2
7799019,8551083,2,2,0
4423892,5135268,1,4,-3
4423892,5135268,4,8,-4
4423892,5135268,7,12,-5
4423892,5135268,9,6,3
7201694,8133149,1,3,-2
7201694,8133149,3,2,1
7201694,8133149,7,12,-5
7104995,7695474,1,1,0
7104995,7695474,2,2,0
7104995,7695474,3,3,0
7104995,7695474,4,4,0
7104995,7695474,5,5,0
7104995,7695474,6,6,0
7104995,7695474,7,7,0
7104995,7695474,8,8,0
7104995,7695474,9,9,0
7104995,7695474,10,10,0
7104995,7695474,11,11,0
7104995,7695474,12,12,0
7104995,7695474,13,13,0
5559032,7713687,5,13,-8
5559032,7713687,13,9,4
4425908,7959672,12,7,5
5192003,5251790,1,1,0
5192003,5251790,4,5,-1
5167716,7270137,4,6,-2
5167716,7270137,5,5,0
4181685,4814424,2,1,1
4181685,4814424,5,2,3
6530892,8403864,3,7,-4
5309907,6404497,5,1,4
5309907,6404497,6,8,-2
6846758,8697192,1,1,0
6183740,7026150,1,1,0
4325796,4909918,1,5,-4
4325796,4909918,2,4,-2
4325796,4909918,7,6,1
4809196,6206961,3,3,0
4809196,6206961,5,4,1
6332113,6967484,1,1,0
6332113,6967484,4,2,2
6332113,6967484,10,4,6
6332113,6967484,13,10,3
4496815,5182425,1,5,-4
4496815,5182425,11,4,7
7078922,7314821,1,1,0
7078922,7314821,2,8,-6
7078922,7314821,3,4,-1
7078922,7314821,4,6,-2
7078922,7314821,5,9,-4
7078922,7314821,6,12,-6
7078922,7314821,7,3,4
7078922,7314821,10,7,3
4210927,4697206,1,1,0
4210927,4697206,2,4,-2
7162522,7664746,4,1,3
7162522,7664746,8,6,2
5102412,8070776,2,3,-1
5102412,8070776,5,2,3
3936971,5579600,1,1,0
3936971,5579600,3,13,-10
3936971,5579600,7,4,3
3936971,5579600,10,6,4
6206052,7467648,1,4,-3
6206052,7467648,3,7,-4
6206052,7467648,5,9,-4
6363331,7009118,2,5,-3
6363331,7009118,3,10,-7
6363331,7009118,6,6,0
5470079,6454570,3,4,-1
4152473,7758281,10,12,-2
6444149,7438782,1,5,-4
6444149,7438782,4,4,0
7489635,7649899,2,12,-10
7489635,7649899,4,5,-1
4710913,6564844,1,2,-1
6068552,7862423,2,8,-6
6068552,7862423,11,3,8
6469040,8329728,11,1,10
4268994,5622004,2,7,-5
4193093,4696533,5,2,3
4193093,4696533,7,1,6
6456744,8422546,2,5,-3
6456744,8422546,9,3,6
6083903,7175994,9,10,-1
5336258,8480731,2,3,-1
5336258,8480731,4,2,2
5336258,8480731,5,7,-2
5293945,8196679,2,1,1
5293945,8196679,7,3,4
5293945,8196679,11,11,0
5293945,8196679,12,6,6
6442249,7113586,1,2,-1
6442249,7113586,11,13,-2
4403337,4597094,1,2,-1
4403337,4597094,2,4,-2
4403337,4597094,3,6,-3
4403337,4597094,4,3,1
4403337,4597094,5,8,-3
4403337,4597094,6,9,-3
4403337,4597094,7,1,6
4403337,4597094,8,12,-4
4403337,4597094,9,13,-4
4409275,7550057,1,1,0
4409275,7550057,2,2,0
4272781,6910533,13,11,2
6264652,7276063,1,1,0
6264652,7276063,13,6,7
4956695,7535109,1,1,0
4956695,7535109,7,11,-4
6437769,7528896,2,2,0
6437769,7528896,6,4,2
6478972,8632794,2,6,-4
6177187,8613988,4,5,-1
6177187,8613988,5,6,-1
7092174,7686524,2,8,-6
7092174,7686524,3,4,-1
7533063,8132016,5,5,0
7533063,8132016,11,6,5
5576252,8652980,3,2,1
5576252,8652980,6,8,-2
5576252,8652980,7,9,-2
4950239,7641844,1,2,-1
4992233,5487865,1,10,-9
4992233,5487865,5,9,-4
5018037,6525912,2,7,-5
5018037,6525912,3,1,2
5018037,6525912,5,2,3
7108156,7665632,6,2,4
4717872,5594332,2,4,-2
4599685,4725941,1,11,-10
4599685,4725941,3,5,-2
4599685,4725941,5,10,-5
6420534,6545127,6,10,-4
5266974,7997681,1,2,-1
5266974,7997681,4,1,3
5095561,6941594,2,1,1
5095561,6941594,3,9,-6
3993063,4768568,1,1,0
3993063,4768568,3,5,-2
4927426,7833242,3,10,-7
4927426,7833242,8,4,4
4200800,7492855,4,5,-1
4957165,7455112,4,1,3
4957165,7455112,7,6,1
4957165,7455112,11,4,7
6349306,7912929,2,9,-7
6349306,7912929,3,12,-9
6349306,7912929,4,3,1
6349306,7912929,5,6,-1
5581370,7676091,1,1,0
5581370,7676091,2,4,-2
5581370,7676091,3,3,0
6388633,7339541,7,5,2
6329977,6933952,3,5,-2
6329977,6933952,4,1,3
6329977,6933952,9,4,5
5104394,5382255,1,8,-7
5163976,6465557,5,4,1
5163976,6465557,6,1,5
5163976,6465557,11,5,6
7081753,7151374,3,6,-3
7081753,7151374,6,8,-2
3991754,6548592,9,3,6
4748883,5307709,4,4,0
6336092,8280738,1,8,-7
6336092,8280738,7,6,1
4312133,7047655,8,2,6
5022440,5090454,2,6,-4
6331386,7482113,1,1,0
6331386,7482113,7,7,0
4616336,5586240,6,3,3
4784950,7414022,3,3,0
4784950,7414022,4,6,-2
4784950,7414022,5,5,0
6445927,8081990,5,3,2
4627853,7931692,1,1,0
4627853,7931692,4,2,2
5620913,6329245,1,3,-2
5620913,6329245,10,4,6
5261001,7257225,6,7,-1
5261001,7257225,7,1,6
4911794,8262996,8,12,-4
5641255,7207758,1,3,-2
5641255,7207758,5,4,1
5641255,7207758,6,2,4
6466155,8098186,1,2,-1
5070583,6376035,8,10,-2
5070583,6376035,12,9,3
7636665,8326714,1,12,-11
5154497,7654388,6,3,3
4448336,4811877,1,7,-6
4448336,4811877,12,2,10
6194988,7772958,10,5,5
5055851,5398190,7,5,2
5055851,5398190,8,10,-2
5275331,7753195,9,8,1
5275331,7753195,10,12,-2
4255833,4969233,13,12,1
8007544,8376971,1,1,0
6885389,7547612,7,2,5
7254402,8432312,7,3,4
6264659,7837733,5,6,-1
6264659,7837733,6,12,-6
6264659,7837733,8,1,7
5362688,7771684,2,8,-6
5362688,7771684,6,3,3
4827808,8186246,5,6,-1
6668491,7448167,1,11,-10
6668491,7448167,2,10,-8
6668491,7448167,3,1,2
6668491,7448167,5,2,3
4686366,6870153,2,1,1
4686366,6870153,3,9,-6
4686366,6870153,6,2,4
4447484,6521348,1,3,-2
4447484,6521348,3,1,2
4447484,6521348,13,8,5
7051024,8117223,2,1,1
7051024,8117223,6,2,4
7051024,8117223,8,5,3
5354677,8283373,1,1,0
5354677,8283373,2,7,-5
6846951,8710107,4,7,-3
6846951,8710107,9,3,6
5387555,8476150,3,2,1
5387555,8476150,6,1,5
4242151,4357182,2,2,0
4242151,4357182,4,5,-1
4242151,4357182,11,13,-2
6311659,6422187,2,1,1
6311659,6422187,8,12,-4
4122884,4262728,4,1,3
4122884,4262728,9,3,6
4122884,4262728,11,10,1
4122884,4262728,12,8,4
5050018,7433141,10,11,-1
7095321,7698561,3,7,-4
4573986,7870652,11,7,4
4394147,5071553,1,1,0
6182584,7909899,4,3,1
6182584,7909899,13,1,12
5391150,8486044,1,9,-8
5391150,8486044,3,12,-9
5391150,8486044,10,10,0
7693509,8472934,8,8,0
7693509,8472934,12,2,10
4366190,5308922,5,5,0
3947355,4832854,5,13,-8
3947355,4832854,10,4,6
6342437,7233047,1,1,0
6342437,7233047,2,2,0
6342437,7233047,3,3,0
6342437,7233047,4,4,0
6342437,7233047,5,5,0
6342437,7233047,6,7,-1
6342437,7233047,7,6,1
6342437,7233047,8,8,0
6342437,7233047,9,9,0
6342437,7233047,10,10,0
6342437,7233047,12,11,1
6342437,7233047,13,12,1
4907589,5342357,8,6,2
4907589,5342357,11,5,6
6122665,7286652,1,3,-2
6122665,7286652,8,2,6
5163910,7655016,2,1,1
5163910,7655016,12,4,8
7262212,7943623,1,8,-7
7262212,7943623,2,3,-1
7262212,7943623,3,1,2
7262212,7943623,7,2,5
4827045,4969987,2,4,-2
4827045,4969987,11,2,9
6270850,7544382,3,6,-3
6270850,7544382,4,1,3
6270850,7544382,5,8,-3
6270850,7544382,13,3,10
7038715,7864990,7,1,6
5115171,6320332,1,4,-3
5115171,6320332,2,5,-3
5115171,6320332,4,6,-2
5115171,6320332,6,8,-2
5115171,6320332,11,12,-1
5115171,6320332,12,10,2
5115171,6320332,13,7,6
4985495,6815491,3,11,-8
6491108,8267177,1,2,-1
6491108,8267177,3,1,2
4882675,8706549,1,1,0
4882675,8706549,3,3,0
4882675,8706549,6,7,-1
5307504,7941647,1,3,-2
5307504,7941647,5,1,4
5234818,8431603,6,7,-1
4064526,4144106,4,2,2
4064526,4144106,10,1,9
5617818,6237554,1,9,-8
5617818,6237554,10,4,6
4920074,6232152,1,5,-4
4920074,6232152,4,2,2
4920074,6232152,8,3,5
4922765,5176039,1,3,-2
4922765,5176039,3,7,-4
4922765,5176039,5,11,-6
6595441,7874323,2,3,-1
6595441,7874323,13,5,8
5354308,6093203,2,2,0
6499562,8544600,1,1,0
6499562,8544600,11,6,5
5495200,8295800,4,11,-7
5185610,5627856,3,1,2
4371821,6903469,1,2,-1
4371821,6903469,3,9,-6
4371821,6903469,9,7,2
6296278,6511095,1,1,0
6296278,6511095,3,7,-4
6296278,6511095,8,4,4
5358259,7309283,1,4,-3
6314754,8517116,1,6,-5
6314754,8517116,2,4,-2
4223836,6474091,9,1,8
4223836,6474091,10,8,2
5218930,6415738,1,1,0
5218930,6415738,5,4,1
5218930,6415738,8,7,1
4922648,7703235,3,3,0
4922648,7703235,9,10,-1
4188455,5624759,4,10,-6
4188455,5624759,10,1,9
5217567,5324690,1,5,-4
5217567,5324690,3,2,1
5217567,5324690,4,6,-2
5217567,5324690,12,13,-1
6976678,7775799,1,3,-2
6976678,7775799,3,12,-9
5581252,7274321,3,2,1
5581252,7274321,7,12,-5
5581252,7274321,8,1,7
5581252,7274321,13,3,10
4069797,4196707,2,3,-1
4069797,4196707,5,2,3
4069797,4196707,9,1,8
4069797,4196707,10,9,1
5364066,6076368,4,6,-2
5364066,6076368,5,12,-7
5364066,6076368,6,2,4
4252859,5049437,11,6,5
5269125,6240713,1,3,-2
5269125,6240713,2,13,-11
5269125,6240713,6,5,1
7809740,8126906,2,12,-10
4695824,7452062,2,4,-2
5400244,8572799,1,1,0
5150464,5481750,1,4,-3
4606044,6965638,2,8,-6
5640327,6883154,12,1,11
6921351,7917148,6,8,-2
4561204,8046951,6,2,4
5364512,6495052,9,5,4
5642405,6246861,7,4,3
5642405,6246861,13,5,8
4531485,6941922,1,2,-1
4531485,6941922,6,4,2
4531485,6941922,7,1,6
4333134,4403269,1,6,-5
4333134,4403269,4,4,0
4333134,4403269,5,1,4
4333134,4403269,12,10,2
4844584,7652584,5,9,-4
4844584,7652584,9,2,7
4288082,6527049,2,12,-10
4288082,6527049,5,1,4
4288082,6527049,11,3,8
4280726,4917423,11,10,1
4280726,4917423,13,5,8
5372901,6558856,2,13,-11
5372901,6558856,5,3,2
6164277,7650886,3,9,-6
4636951,8197321,3,1,2
4636951,8197321,7,2,5
5600330,7657300,6,2,4
4918168,5055563,1,1,0
4918168,5055563,2,3,-1
4918168,5055563,3,6,-3
4918168,5055563,4,12,-8
4918168,5055563,5,4,1
4918168,5055563,6,2,4
4918168,5055563,9,5,4
4918168,5055563,10,7,3
4918168,5055563,11,13,-2
5623599,7337286,3,6,-3
4094357,7951184,1,1,0
6565582,8496614,7,10,-3
6649381,8137884,8,4,4
7715893,8665091,1,4,-3
7715893,8665091,4,3,1
7715893,8665091,6,10,-4
5360972,6100975,12,4,8
5343469,7412505,1,6,-5
5343469,7412505,8,4,4
6144722,7319866,8,2,6
6144722,7319866,9,1,8
6133932,8270049,5,2,3
6133932,8270049,8,11,-3
7094665,8173520,2,4,-2
6959415,7653876,7,4,3
6959415,7653876,10,5,5
6297960,6862185,2,2,0
6615119,8219280,13,9,4
7369452,8395923,12,5,7
6453506,8528142,2,9,-7
5219283,7896650,1,5,-4
5219283,7896650,7,9,-2
8222832,8610364,1,1,0
8222832,8610364,9,11,-2
8222832,8610364,10,6,4
6556763,8649649,2,1,1
6556763,8649649,13,5,8
4016582,5240792,2,1,1
4524518,6226873,1,6,-5
4369631,8161763,3,2,1
5077198,5180664,4,1,3
5077198,5180664,5,4,1
4154014,4672763,3,5,-2
4154014,4672763,6,7,-1
4154014,4672763,9,1,8
6085981,7097105,1,11,-10
6085981,7097105,2,2,0
6085981,7097105,5,4,1
6085981,7097105,6,6,0
6085981,7097105,9,1,8
6085981,7097105,12,7,5
4988337,8016744,2,3,-1
4823071,6556025,1,10,-9
4823071,6556025,6,3,3
4823071,6556025,12,11,1
4976839,6998341,6,2,4
4809243,5119089,2,2,0
5241266,8595419,6,2,4
5041964,7257523,12,7,5
4344187,6597250,1,2,-1
4344187,6597250,6,4,2
4344187,6597250,11,1,10
4344187,6597250,12,9,3
7202173,7906354,7,13,-6
7202173,7906354,12,7,5
5026056,5409229,1,5,-4
5026056,5409229,2,7,-5
5026056,5409229,3,11,-8
6596798,7723440,2,1,1
5635767,7446035,11,3,8
6842175,8072448,10,4,6
6842175,8072448,11,5,6
6842175,8072448,12,8,4
6092120,8121271,5,9,-4
5012838,6516835,1,4,-3
5012838,6516835,7,7,0
5012838,6516835,9,3,6
4502100,5063475,2,1,1
7463487,8254121,4,2,2
7411379,7906939,1,1,0
4492318,7080757,3,2,1
4492318,7080757,4,1,3
4492318,7080757,9,5,4
5550905,7283625,1,1,0
5550905,7283625,4,9,-5
5550905,7283625,5,3,2
5550905,7283625,6,10,-4
4549144,4902980,2,2,0
4549144,4902980,3,3,0
4201291,5305881,1,6,-5
4201291,5305881,8,3,5
6300725,8106598,1,1,0
5455177,6615062,7,3,4
5455177,6615062,13,12,1
7792712,8175935,1,2,-1
7792712,8175935,3,4,-1
7792712,8175935,5,10,-5
7792712,8175935,9,5,4
4708456,5358235,3,5,-2
5448384,8686934,3,4,-1
5448384,8686934,10,6,4
5273788,6933112,9,1,8
6533050,8011457,2,9,-7
6533050,8011457,6,2,4
7188263,8266456,2,8,-6
7188263,8266456,9,4,5
7188263,8266456,12,5,7
5206791,5412535,1,1,0
4981415,6491497,3,5,-2
8190561,8688630,1,3,-2
8190561,8688630,10,1,9
5113202,5272492,1,9,-8
5113202,5272492,12,1,11
7102410,8432189,1,6,-5
7102410,8432189,5,2,3
6551399,7799674,11,9,2
7359200,7796390,3,4,-1
7359200,7796390,4,3,1
7359200,7796390,9,8,1
4816333,6635341,1,1,0
4530360,6524261,1,2,-1
4530360,6524261,2,4,-2
4422120,5345126,2,13,-11
4422120,5345126,8,1,7
6382228,7130046,1,8,-7
5323637,6507015,8,9,-1
4109791,7014043,4,13,-9
4109791,7014043,5,8,-3
6079229,7475569,1,1,0
6079229,7475569,3,4,-1
6079229,7475569,6,3,3
6079229,7475569,7,8,-1
5188320,8281435,5,3,2
5188320,8281435,12,8,4
5609636,8343219,3,8,-5
7239476,8693139,1,2,-1
7239476,8693139,4,1,3
6232847,7893790,10,8,2
6665725,8565088,2,2,0
6665725,8565088,10,7,3
6539517,7120303,3,5,-2
5478772,6573554,1,12,-11
5478772,6573554,12,8,4
7584368,8255728,6,2,4
7033275,8021220,1,9,-8
7033275,8021220,2,6,-4
7033275,8021220,3,11,-8
7033275,8021220,4,10,-6
6172968,7079543,4,5,-1
6172968,7079543,8,1,7
4924124,5304884,7,12,-5
4924124,5304884,9,3,6
4924124,5304884,12,2,10
6563618,8727804,5,3,2
5328807,7083879,1,6,-5
5328807,7083879,3,2,1
6425898,8574282,8,8,0
6557374,7350591,1,2,-1
6557374,7350591,6,1,5
6557374,7350591,11,7,4
5121513,6941598,12,8,4
5121513,6941598,13,3,10
4215439,4911721,1,8,-7
4215439,4911721,3,3,0
4215439,4911721,4,1,3
7340759,8363562,7,3,4
6098133,7194623,2,6,-4
6098133,7194623,4,11,-7
4413540,4998354,9,3,6
4913973,6245104,7,4,3
6889430,7342319,3,2,1
6889430,7342319,5,1,4
6889430,7342319,9,8,1
4049510,4104139,3,1,2
4049510,4104139,9,7,2
6180846,7125540,1,12,-11
4615918,7799215,2,5,-3
5001745,5600649,5,11,-6
5001745,5600649,12,7,5
4980758,7148900,1,2,-1
4980758,7148900,6,5,1
4318099,7053819,6,5,1
4318099,7053819,9,1,8
4318099,7053819,13,11,2
5071437,8435302,2,5,-3
5071437,8435302,3,3,0
6313695,6603217,1,1,0
6313695,6603217,2,2,0
6313695,6603217,3,3,0
6313695,6603217,4,4,0
6313695,6603217,5,5,0
6313695,6603217,6,6,0
6313695,6603217,7,7,0
6313695,6603217,8,8,0
6313695,6603217,9,9,0
6313695,6603217,10,10,0
6313695,6603217,11,11,0
6313695,6603217,12,12,0
6313695,6603217,13,13,0
4700324,4893267,1,1,0
4700324,4893267,3,2,1
4700324,4893267,11,11,0
7470693,8481739,3,1,2
7470693,8481739,6,4,2
7470693,8481739,11,12,-1
4597338,8167605,3,10,-7
4597338,8167605,8,3,5
6971541,7988017,1,3,-2
4333244,8006397,2,1,1
7092005,7650014,1,1,0
7092005,7650014,5,2,3
6118287,7352168,1,2,-1
5653895,8450636,4,4,0
6573598,8354302,1,5,-4
6573598,8354302,6,12,-6
6573598,8354302,8,3,5
6573598,8354302,10,8,2
5421893,7655093,1,3,-2
5421893,7655093,2,1,1
4936834,6979324,1,2,-1
4936834,6979324,4,13,-9
4936834,6979324,9,5,4
4500276,5287781,5,1,4
4500276,5287781,11,6,5
3975340,5523363,5,8,-3
4782249,7474122,1,9,-8
4782249,7474122,3,3,0
4782249,7474122,4,2,2
4782249,7474122,9,7,2
4782249,7474122,13,6,7
6185307,8118223,11,8,3
5638740,7032507,1,13,-12
5638740,7032507,8,8,0
6638294,8585713,7,1,6
4114592,8393777,7,9,-2
4785446,5299317,4,1,3
4785446,5299317,8,10,-2
6348031,8556794,2,4,-2
6348031,8556794,5,3,2
6348031,8556794,10,10,0
7313425,8235915,12,6,6
5013194,6290606,5,2,3
5013194,6290606,13,7,6
5478351,5626608,1,8,-7
5478351,5626608,2,2,0
5478351,5626608,7,10,-3
5478351,5626608,9,5,4
5478351,5626608,13,6,7
4717442,5373618,10,11,-1
5452886,6062372,4,1,3
5452886,6062372,10,2,8
5656778,6393913,11,1,10
5656778,6393913,12,12,0
4920046,8603835,1,3,-2
6231045,7487964,2,3,-1
6231045,7487964,4,7,-3
6231045,7487964,11,11,0
6231045,7487964,12,6,6
6492776,6909244,1,2,-1
6492776,6909244,3,1,2
6492776,6909244,4,6,-2
6492776,6909244,5,11,-6
6492776,6909244,12,3,9
4990887,5172095,1,1,0
4990887,5172095,2,6,-4
4990887,5172095,3,3,0
4990887,5172095,6,12,-6
4990887,5172095,8,7,1
4990887,5172095,12,5,7
5596168,6309484,6,3,3
6596959,7452171,1,1,0
6596959,7452171,2,2,0
6596959,7452171,10,3,7
4779260,5204598,12,3,9
7200021,8566516,1,3,-2
4457313,6551254,4,3,1
4457313,6551254,10,7,3
4292555,4503347,1,8,-7
4292555,4503347,5,1,4
5136570,6449234,5,13,-8
5136570,6449234,8,2,6
5136570,6449234,11,1,10
4389201,7294035,8,3,5
5305197,8160988,5,10,-5
4682421,7650269,9,9,0
6515968,8554804,2,4,-2
6515968,8554804,4,10,-6
4886267,5642880,1,2,-1
4886267,5642880,2,10,-8
4886267,5642880,3,1,2
4927863,6534556,5,3,2
4927863,6534556,7,2,5
4613237,5597890,1,1,0
7184539,7792276,6,10,-4
7184539,7792276,9,4,5
6323497,7586110,2,3,-1
6323497,7586110,5,8,-3
6323497,7586110,7,1,6
6323497,7586110,10,9,1
4544923,4723269,13,10,3
7607678,7976052,1,12,-11
5054936,6088176,8,3,5
5087010,7714802,1,6,-5
5087010,7714802,10,10,0
5371913,6090215,4,3,1
5371913,6090215,9,6,3
5371913,6090215,13,7,6
5453904,6914421,1,5,-4
5453904,6914421,3,10,-7
5453904,6914421,5,12,-7
6498895,8370884,5,3,2
6498895,8370884,13,10,3
5594854,7800607,10,2,8
4412714,5382176,1,1,0
4412714,5382176,5,11,-6
7076604,8549230,3,8,-5
6490212,8045395,3,2,1
6490212,8045395,4,5,-1
6490212,8045395,9,7,2
5259466,6595290,1,3,-2
5259466,6595290,4,4,0
5259466,6595290,6,1,5
5259466,6595290,7,8,-1
8079529,8434675,3,4,-1
8079529,8434675,4,6,-2
8079529,8434675,6,13,-7
8079529,8434675,7,9,-2
8079529,8434675,10,8,2
8079529,8434675,11,3,8
8079529,8434675,12,2,10
6435511,7607977,1,1,0
6435511,7607977,3,2,1
6435511,7607977,11,3,8
4713265,6326059,2,1,1
5401116,8491224,8,10,-2
5401116,8491224,12,1,11
5078279,7165750,13,7,6
6013591,8029755,4,6,-2
6013591,8029755,5,7,-2
6013591,8029755,8,5,3
6013591,8029755,10,12,-2
6013591,8029755,11,13,-2
6573635,7750420,7,6,1
4562591,4764967,1,1,0
4562591,4764967,4,10,-6
4562591,4764967,10,3,7
4562591,4764967,11,6,5
4670088,5163118,5,4,1
6924839,7088392,1,11,-10
5258340,8360073,1,3,-2
5258340,8360073,2,13,-11
5258340,8360073,3,7,-4
5258340,8360073,5,5,0
5258340,8360073,7,6,1
5258340,8360073,9,4,5
5135571,6929688,6,1,5
4676284,8357116,1,2,-1
6441734,7319479,2,5,-3
6441734,7319479,10,7,3
5003562,5594763,1,1,0
5003562,5594763,2,13,-11
5003562,5594763,12,12,0
5519263,7081714,4,5,-1
4454764,6948369,1,3,-2
4454764,6948369,7,4,3
6618397,8489562,1,5,-4
4050360,4913001,1,1,0
4050360,4913001,2,11,-9
4050360,4913001,5,8,-3
4050360,4913001,12,7,5
4261947,6558587,1,2,-1
6573940,6717622,1,11,-10
6254923,6957760,7,2,5
6254923,6957760,8,9,-1
6469639,7904569,7,5,2
4709206,4853625,3,9,-6
5080385,5269551,3,11,-8
5080385,5269551,8,8,0
5080385,5269551,11,10,1
4438156,4603080,1,2,-1
4438156,4603080,3,6,-3
4438156,4603080,7,3,4
4438156,4603080,12,9,3
4723733,5318254,3,2,1
4723733,5318254,4,9,-5
8235981,8473077,4,8,-4
5524662,7028674,4,3,1
4886718,5262081,1,4,-3
4886718,5262081,2,12,-10
4886718,5262081,8,5,3
5432803,6289487,1,3,-2
5432803,6289487,2,10,-8
5067788,6879263,5,1,4
7029649,8651268,1,1,0
5070560,7849545,1,1,0
5070560,7849545,11,13,-2
6578068,7694306,5,12,-7
6578068,7694306,10,10,0
4698303,6153791,3,4,-1
4698303,6153791,7,13,-6
5217975,6919359,4,3,1
5217975,6919359,13,1,12
4833108,5264388,1,1,0
4833108,5264388,3,2,1
4833108,5264388,4,3,1
4833108,5264388,9,4,5
6891551,7835989,7,12,-5
6185121,8659028,1,7,-6
6185121,8659028,6,4,2
4907220,5285444,6,1,5
6253228,6947967,1,1,0
6253228,6947967,2,3,-1
6253228,6947967,3,2,1
6253228,6947967,4,4,0
6253228,6947967,5,5,0
6253228,6947967,6,6,0
6253228,6947967,7,7,0
6253228,6947967,8,8,0
6253228,6947967,9,9,0
6253228,6947967,10,10,0
6253228,6947967,11,11,0
6253228,6947967,12,12,0
6253228,6947967,13,13,0
6097605,7787243,3,13,-10
4193511,4415092,1,1,0
4193511,4415092,12,6,6
4706224,5136554,1,1,0
4706224,5136554,3,2,1
4706224,5136554,4,6,-2
6613090,7998215,2,1,1
5027590,6912834,1,1,0
5027590,6912834,3,11,-8
5027590,6912834,12,8,4
4862970,6390931,6,2,4
4862970,6390931,7,3,4
4862970,6390931,10,4,6
5195959,6015406,1,6,-5
5195959,6015406,13,7,6
6208521,7606048,11,3,8
4564046,5302929,3,3,0
6097557,6446073,3,10,-7
6097557,6446073,4,3,1
5351190,7707024,1,10,-9
5351190,7707024,5,7,-2
4614226,4688308,5,5,0
4614226,4688308,6,13,-7
4614226,4688308,9,1,8
6198824,7526560,1,2,-1
6198824,7526560,2,3,-1
6198824,7526560,6,11,-5
6198824,7526560,7,4,3
6511199,7334508,1,10,-9
6309299,8348753,5,1,4
5355391,6490224,4,6,-2
3947742,4280084,2,8,-6
4325563,6367841,4,2,2
5030290,7335319,7,9,-2
7115919,7373392,1,1,0
4441944,8209927,13,10,3
5024617,7377902,2,11,-9
4081400,4257873,1,2,-1
4081400,4257873,6,6,0
4081400,4257873,7,4,3
5484435,8057471,3,4,-1
5484435,8057471,5,12,-7
6570943,7099385,12,5,7
5168498,6389025,12,6,6
5337412,8209411,3,5,-2
4554857,5639979,1,11,-10
4554857,5639979,2,1,1
4554857,5639979,3,7,-4
6198145,6924166,3,9,-6
6239495,7732328,1,2,-1
6239495,7732328,2,1,1
6239495,7732328,7,9,-2
7265073,8133837,1,9,-8
7265073,8133837,2,6,-4
7265073,8133837,3,8,-5
7265073,8133837,4,11,-7
7265073,8133837,6,3,3
7265073,8133837,12,4,8
5558851,8007764,2,2,0
5558851,8007764,3,3,0
5558851,8007764,5,8,-3
5558851,8007764,6,13,-7
5378309,7589382,2,2,0
5378309,7589382,7,7,0
6876511,7006312,1,2,-1
6876511,7006312,3,1,2
6876511,7006312,7,6,1
3955703,4081099,1,2,-1
3955703,4081099,4,8,-4
6962155,8424521,1,1,0
6962155,8424521,4,5,-1
6962155,8424521,12,3,9
5447505,8540687,1,3,-2
5447505,8540687,11,8,3
4334221,4641245,11,6,5
6964205,8253696,1,9,-8
6263118,6917782,3,4,-1
6263118,6917782,4,5,-1
6263118,6917782,6,2,4
4490116,5564929,2,6,-4
4490116,5564929,3,13,-10
4490116,5564929,7,2,5
4490116,5564929,9,1,8
6205617,7207087,9,1,8
6211263,6544642,1,2,-1
6211263,6544642,2,4,-2
6211263,6544642,5,3,2
6211263,6544642,8,9,-1
6211263,6544642,9,11,-2
6498683,6569517,1,9,-8
6498683,6569517,2,7,-5
6498683,6569517,4,10,-6
4641555,5269211,9,11,-2
4339079,5431859,6,4,2
5434791,8533237,3,5,-2
5434791,8533237,7,4,3
4218705,4313135,1,2,-1
4218705,4313135,2,1,1
4218705,4313135,3,13,-10
4218705,4313135,4,3,1
6163464,6462957,1,2,-1
6163464,6462957,4,1,3
4379947,4556973,1,2,-1
4379947,4556973,4,1,3
4379947,4556973,7,7,0
6539360,7937244,1,12,-11
6539360,7937244,11,9,2
7495719,8170748,6,1,5
5202300,6497848,12,9,3
4081391,4681831,3,9,-6
4081391,4681831,5,5,0
4081391,4681831,7,2,5
4081391,4681831,9,12,-3
4743747,8131617,6,6,0
5162933,7092050,2,3,-1
5162933,7092050,5,2,3
5162933,7092050,11,6,5
7374422,8628702,1,7,-6
7374422,8628702,6,2,4
7309630,8036014,7,8,-1
7309630,8036014,9,1,8
5192327,5397364,3,5,-2
5192327,5397364,9,3,6
6337663,8564485,2,1,1
6337663,8564485,4,3,1
4353012,4721888,1,3,-2
4353012,4721888,4,8,-4
4353012,4721888,6,6,0
4353012,4721888,13,1,12
4524037,6495085,1,5,-4
4524037,6495085,3,4,-1
7351740,7989641,1,6,-5
7351740,7989641,6,5,1
4573276,5396710,1,13,-12
4573276,5396710,2,9,-7
4573276,5396710,3,4,-1
6274823,7109731,2,2,0
7013128,7400891,1,2,-1
7013128,7400891,7,12,-5
6661928,7088858,12,2,10
5592177,8149879,1,6,-5
6080643,7205662,4,5,-1
6080643,7205662,8,11,-3
6080643,7205662,12,9,3
6966833,7658673,2,1,1
6966833,7658673,3,2,1
6966833,7658673,4,3,1
6966833,7658673,9,11,-2
7669212,8645572,1,3,-2
7669212,8645572,5,2,3
4818444,7189033,4,5,-1
4818444,7189033,5,11,-6
4818444,7189033,9,3,6
4818444,7189033,13,2,11
7562283,8250445,1,1,0
7562283,8250445,2,3,-1
7562283,8250445,4,2,2
7562283,8250445,8,5,3
8027571,8261832,1,8,-7
8027571,8261832,2,3,-1
8027571,8261832,4,13,-9
8027571,8261832,12,12,0
4711818,8647712,8,4,4
4711818,8647712,13,2,11
4598775,8286697,8,1,7
4598775,8286697,9,2,7
4370957,5647306,1,2,-1
4370957,5647306,3,7,-4
4370957,5647306,5,8,-3
4370957,5647306,6,5,1
4370957,5647306,11,4,7
4370957,5647306,12,6,6
4854952,8683846,1,1,0
5198813,7623048,3,13,-10
5393352,6477285,9,11,-2
5542031,8213034,2,9,-7
5542031,8213034,7,5,2
6465953,7075103,7,2,5
6465953,7075103,11,5,6
4983164,8544645,1,8,-7
6228678,7646102,3,10,-7
6228678,7646102,4,7,-3
6275596,7139404,1,2,-1
6275596,7139404,2,1,1
5628938,8268234,2,11,-9
5628938,8268234,3,4,-1
4250818,4706578,2,8,-6
4250818,4706578,5,4,1
4250818,4706578,13,2,11
4809791,7980392,3,12,-9
8326178,8676086,4,5,-1
4599713,8654606,2,6,-4
6530949,8747459,3,2,1
7121357,8061000,8,2,6
5298811,7106137,2,3,-1
5298811,7106137,10,7,3
6404248,6646484,4,1,3
6404248,6646484,5,11,-6
6404248,6646484,9,5,4
6404248,6646484,10,12,-2
4862888,7696466,2,1,1
4862888,7696466,5,4,1
4900882,6476335,3,2,1
4900882,6476335,9,4,5
4900882,6476335,12,9,3
5159549,8734235,1,3,-2
5159549,8734235,4,2,2
6187344,6516796,5,9,-4
5199066,8533851,11,7,4
6275648,8087050,1,1,0
6275648,8087050,3,3,0
6275648,8087050,4,2,2
6275648,8087050,12,8,4
6275648,8087050,13,6,7
6097147,6894307,5,1,4
6097147,6894307,13,8,5
4389919,8733009,1,3,-2
4389919,8733009,2,7,-5
4426362,7196045,1,2,-1
4205529,6484506,9,3,6
4205529,6484506,11,7,4
4624363,6964144,2,6,-4
4624363,6964144,4,10,-6
7565613,8201109,3,12,-9
7565613,8201109,4,4,0
7565613,8201109,5,6,-1
5308233,7425296,8,8,0
5064665,8178138,2,1,1
4022269,5586435,4,7,-3
4022269,5586435,12,3,9
4022269,5586435,13,12,1
3972385,8718310,1,8,-7
3972385,8718310,4,1,3
4156952,4939808,1,2,-1
4156952,4939808,3,3,0
4156952,4939808,5,4,1
5303841,6386386,1,1,0
5303841,6386386,8,3,5
4160461,8066196,1,2,-1
4868518,5177374,2,8,-6
4868518,5177374,13,7,6
6236317,7936275,1,5,-4
4687657,4743662,6,1,5
4687657,4743662,12,2,10
6282549,7752186,1,9,-8
6282549,7752186,2,7,-5
6282549,7752186,8,5,3
6282549,7752186,12,10,2
7525939,8180809,1,1,0
7525939,8180809,9,4,5
5002369,5193016,3,5,-2
5002369,5193016,6,2,4
5002369,5193016,11,10,1
5002369,5193016,13,11,2
4929240,7059510,3,2,1
4929240,7059510,7,1,6
5548729,8141147,4,6,-2
6506873,7662323,2,2,0
6506873,7662323,13,13,0
7090672,7445618,2,7,-5
7639916,8328406,1,1,0
7639916,8328406,4,3,1
7639916,8328406,5,2,3
7639916,8328406,6,4,2
7639916,8328406,11,10,1
6952382,7933176,2,6,-4
6954818,7924296,5,1,4
4448419,7597621,3,13,-10
4448419,7597621,6,2,4
4448419,7597621,12,7,5
5228416,8464671,10,3,7
5228416,8464671,13,1,12
5260607,5615094,1,1,0
5260607,5615094,4,7,-3
5260607,5615094,10,6,4
5029293,6525662,3,4,-1
5029293,6525662,13,11,2
7147057,7635023,5,4,1
7147057,7635023,10,10,0
7233510,7417880,1,3,-2
7233510,7417880,2,9,-7
7233510,7417880,3,4,-1
7233510,7417880,6,1,5
7233510,7417880,7,6,1
7233510,7417880,9,11,-2
4288872,6297645,4,2,2
6185436,8204542,2,10,-8
6185436,8204542,5,9,-4
6185436,8204542,12,7,5
4868722,7140755,7,6,1
6270850,8623465,4,1,3
6270850,8623465,5,4,1
6485595,8198979,2,2,0
5016562,8304019,1,7,-6
5647483,8459533,1,8,-7
5647483,8459533,3,1,2
5647483,8459533,10,9,1
5647483,8459533,12,2,10
5647483,8459533,13,4,9
5214419,7304784,2,4,-2
5214419,7304784,6,12,-6
6324678,6477689,3,5,-2
6324678,6477689,4,4,0
6293827,7402064,5,6,-1
3967679,5332042,2,3,-1
3967679,5332042,8,1,7
3967679,5332042,11,6,5
4090349,4296664,1,12,-11
4090349,4296664,13,10,3
4003574,5342043,2,9,-7
4003574,5342043,5,3,2
5028017,6883726,6,5,1
5028017,6883726,7,4,3
6412562,6907933,2,10,-8
6412562,6907933,3,11,-8
6412562,6907933,6,4,2
5212553,7823175,2,8,-6
5212553,7823175,13,4,9
7403180,8330770,11,11,0
6870225,8498157,2,11,-9
6870225,8498157,6,3,3
5103743,7695535,2,2,0
5103743,7695535,10,7,3
5103743,7695535,12,1,11
4899054,5410153,2,2,0
4899054,5410153,4,7,-3
7230924,7769892,3,1,2
4616567,5619010,8,9,-1
4605150,7789280,9,6,3
4792183,7281762,1,10,-9
4792183,7281762,12,4,8
4437432,6344224,6,6,0
6365958,7888801,5,2,3
4589569,7530466,8,13,-5
6160791,8351414,1,1,0
6160791,8351414,10,11,-1
6160791,8351414,12,4,8
5257993,8221470,5,3,2
6556646,6876353,2,5,-3
6556646,6876353,4,8,-4
6556646,6876353,5,9,-4
6556646,6876353,6,11,-5
5016627,7185649,2,12,-10
5016627,7185649,4,13,-9
6511505,7160321,2,1,1
6511505,7160321,6,8,-2
6511505,7160321,7,2,5
5304114,7235060,2,1,1
5304114,7235060,4,4,0
6259031,7173189,1,9,-8
6259031,7173189,2,4,-2
6259031,7173189,3,2,1
6259031,7173189,5,5,0
6259031,7173189,10,3,7
4381045,4953660,4,4,0
4381045,4953660,5,5,0
4381045,4953660,7,7,0
4680741,7328114,4,3,1
4680741,7328114,6,6,0
4680741,7328114,7,7,0
5231283,7217880,2,3,-1
5231283,7217880,6,4,2
5231283,7217880,8,11,-3
4201641,5591539,1,11,-10
4201641,5591539,2,3,-1
4201641,5591539,5,2,3
4201641,5591539,11,5,6
7240100,8041809,2,1,1
7240100,8041809,3,13,-10
7240100,8041809,4,4,0
7240100,8041809,5,8,-3
7240100,8041809,11,10,1
5570626,8028618,1,12,-11
4693479,5161802,1,3,-2
4693479,5161802,2,2,0
4693479,5161802,3,1,2
4693479,5161802,5,4,1
4693479,5161802,12,12,0
4753724,7396473,1,1,0
4753724,7396473,2,7,-5
4753724,7396473,7,6,1
4753724,7396473,9,5,4
5217455,7229436,1,3,-2
5238335,5328304,1,1,0
5238335,5328304,2,6,-4
5238335,5328304,5,5,0
8361428,8653149,7,5,2
8361428,8653149,8,2,6
8361428,8653149,12,13,-1
5037508,7303654,4,4,0
4841010,5332781,1,2,-1
4841010,5332781,3,4,-1
6126506,7328535,4,5,-1
6126506,7328535,5,1,4
6126506,7328535,10,13,-3
7667166,8680435,1,1,0
7667166,8680435,3,2,1
7667166,8680435,5,6,-1
7667166,8680435,8,12,-4
4271845,8419720,6,11,-5
4178246,4358371,1,3,-2
4622582,7576892,2,1,1
4622582,7576892,12,9,3
5203329,8509869,7,2,5
5203329,8509869,9,8,1
4756631,8496075,1,1,0
4756631,8496075,12,13,-1
6175217,8718845,10,7,3
6175217,8718845,12,4,8
4838275,8620678,9,13,-4
6462682,7197752,13,4,9
4771425,6393467,11,4,7
5376409,7925450,13,4,9
7184064,8592697,11,5,6
6627723,7645829,5,13,-8
6627723,7645829,7,1,6
5546832,6062108,1,5,-4
5546832,6062108,5,3,2
5546832,6062108,10,8,2
4719894,7079938,3,5,-2
4719894,7079938,6,12,-6
4719894,7079938,8,8,0
5596025,6127450,7,4,3
5258527,8314254,10,6,4
6307918,6633627,1,1,0
6307918,6633627,2,2,0
6307918,6633627,8,6,2
6970510,7962932,4,3,1
6970510,7962932,9,5,4
6506437,7946019,9,1,8
5149453,7565830,2,3,-1
5149453,7565830,5,11,-6
5149453,7565830,10,6,4
5149453,7565830,11,8,3
6190496,7780864,2,1,1
4625012,7074856,2,7,-5
4625012,7074856,5,5,0
7266391,8352802,11,7,4
6062673,6226101,1,1,0
6062673,6226101,4,3,1
5037451,7396505,5,4,1
5037451,7396505,11,5,6
6319263,7758594,8,4,4
5513298,7702508,2,3,-1
5018362,5216895,3,3,0
5018362,5216895,5,5,0
5018362,5216895,7,7,0
5018362,5216895,9,1,8
6285607,7549013,1,1,0
5571192,8268004,4,3,1
5571192,8268004,6,1,5
7011086,8360053,3,4,-1
7011086,8360053,4,3,1
7011086,8360053,13,2,11
4835615,6118948,3,9,-6
4835615,6118948,4,3,1
4537681,7479219,2,1,1
4537681,7479219,10,5,5
6159126,7422546,13,11,2
6128608,7624074,1,5,-4
6128608,7624074,3,2,1
6128608,7624074,6,8,-2
6128608,7624074,11,6,5
6099524,8337492,3,1,2
6099524,8337492,11,2,9
6099524,8337492,13,4,9
4859056,8195264,12,4,8
6860405,7028862,1,1,0
6860405,7028862,2,2,0
6860405,7028862,3,3,0
6860405,7028862,4,4,0
6860405,7028862,5,5,0
6860405,7028862,6,6,0
6860405,7028862,7,7,0
6860405,7028862,8,8,0
6860405,7028862,9,9,0
6860405,7028862,10,10,0
6860405,7028862,11,11,0
6860405,7028862,12,12,0
6860405,7028862,13,13,0
5648679,7279364,4,5,-1
5648679,7279364,9,2,7
5648679,7279364,12,9,3
5648679,7279364,13,13,0
4917712,6630015,8,6,2
6559793,7796084,5,1,4
4866797,7140157,3,1,2
4866797,7140157,5,9,-4
4866797,7140157,8,4,4
5647255,8439366,1,1,0
4682604,6534770,6,6,0
6876280,7696946,2,6,-4
6876280,7696946,7,13,-6
6903578,8049573,2,11,-9
6903578,8049573,4,7,-3
6903578,8049573,8,3,5
6195459,7149356,3,12,-9
6195459,7149356,8,5,3
6500454,8580858,6,5,1
7131970,8211105,2,5,-3
7131970,8211105,4,3,1
7131970,8211105,6,1,5
7131970,8211105,9,10,-1
5484274,7598598,5,7,-2
8099811,8689380,1,1,0
8099811,8689380,2,2,0
8099811,8689380,3,3,0
8099811,8689380,4,4,0
8099811,8689380,5,5,0
8099811,8689380,6,6,0
8099811,8689380,7,7,0
8099811,8689380,8,8,0
8099811,8689380,9,9,0
8099811,8689380,10,10,0
4672605,8223800,3,2,1
4680025,8567609,6,5,1
4680025,8567609,12,4,8
7425178,7717429,2,2,0
5130009,6618934,7,13,-6
5130009,6618934,10,1,9
5389598,7141532,2,4,-2
4623057,6152281,4,4,0
4623057,6152281,6,3,3
5075650,5173671,4,9,-5
5075650,5173671,8,4,4
5075650,5173671,11,13,-2
4956694,7073253,1,3,-2
4956694,7073253,2,1,1
4379226,4892373,2,3,-1
4379226,4892373,11,4,7
6475869,8395191,8,2,6
4461248,4719879,3,4,-1
4461248,4719879,11,1,10
5423881,6950709,1,5,-4
5423881,6950709,4,11,-7
6613792,7645750,5,1,4
4907962,6837702,9,3,6
4802488,8016745,10,3,7
4414612,5249109,5,11,-6
5324974,6492665,3,4,-1
5324974,6492665,5,1,4
5324974,6492665,6,7,-1
6367835,7384064,2,5,-3
6367835,7384064,5,11,-6
6367835,7384064,6,12,-6
6367835,7384064,7,4,3
6367835,7384064,10,6,4
4495586,4642563,2,2,0
4163225,5247282,4,9,-5
4163225,5247282,12,5,7
5126323,5550114,11,10,1
5483434,8193852,1,12,-11
4823393,6539104,1,1,0
4823393,6539104,2,7,-5
4823393,6539104,3,10,-7
4823393,6539104,5,13,-8
4823393,6539104,6,4,2
4890497,8307712,1,4,-3
4890497,8307712,8,7,1
5361455,7950666,5,6,-1
5361455,7950666,6,4,2
5361455,7950666,7,10,-3
4909768,6575490,4,3,1
6409028,8453850,1,5,-4
6409028,8453850,3,1,2
6409028,8453850,5,10,-5
5492146,6938642,3,5,-2
5492146,6938642,4,2,2
5492146,6938642,5,11,-6
5492146,6938642,12,1,11
4721950,5066944,1,4,-3
4679250,6894907,9,12,-3
5026366,8460368,9,12,-3
4275316,5239206,4,13,-9
4275316,5239206,10,5,5
6348524,7176251,1,3,-2
6348524,7176251,5,1,4
6348524,7176251,9,5,4
4196473,4663629,7,4,3
4878944,5127943,1,13,-12
4878944,5127943,3,5,-2
4878944,5127943,7,6,1
4878944,5127943,12,2,10
5459971,8286398,11,3,8
5487385,6071274,2,1,1
4888568,6094112,2,3,-1
4888568,6094112,3,6,-3
4888568,6094112,4,13,-9
6297687,6512413,1,13,-12
6297687,6512413,3,11,-8
6297687,6512413,7,2,5
6297687,6512413,9,9,0
4750775,5548278,5,11,-6
5217241,6378885,1,11,-10
5217241,6378885,2,6,-4
5217241,6378885,3,5,-2
5217241,6378885,4,2,2
5217241,6378885,7,9,-2
5217241,6378885,9,10,-1
5217241,6378885,13,13,0
4127927,6363598,1,6,-5
4127927,6363598,2,8,-6
4127927,6363598,4,1,3
4127927,6363598,8,2,6
6159729,7682792,1,2,-1
6159729,7682792,5,8,-3
6159729,7682792,7,9,-2
5159698,8031849,2,1,1
4616777,4909436,8,7,1
4568953,6062678,2,1,1
4568953,6062678,4,12,-8
4568953,6062678,9,10,-1
5080642,7770635,1,1,0
5221520,7306650,2,8,-6
5221520,7306650,3,9,-6
6207977,7250359,4,13,-9
5356433,6358556,9,2,7
5190383,6254291,1,1,0
5190383,6254291,2,2,0
5015977,5264673,1,3,-2
5015977,5264673,6,4,2
4442631,4819379,1,1,0
4442631,4819379,2,3,-1
4442631,4819379,3,2,1
4442631,4819379,4,7,-3
4442631,4819379,7,5,2
4529090,5524763,1,1,0
4529090,5524763,3,5,-2
4459437,4528427,1,4,-3
4459437,4528427,2,2,0
4459437,4528427,6,6,0
4459437,4528427,8,1,7
4459437,4528427,10,3,7
6473602,8411638,11,10,1
6227703,7793559,1,6,-5
6227703,7793559,7,8,-1
6227703,7793559,9,13,-4
4841329,5162852,2,1,1
4841329,5162852,4,4,0
4841329,5162852,5,5,0
4858248,8713714,4,2,2
3948294,4348243,2,2,0
6600750,8045203,4,8,-4
4611219,5291226,7,2,5
4610710,6288552,4,10,-6
3955423,4210623,7,6,1
3955423,4210623,9,4,5
4960205,5253756,7,2,5
6941888,8430046,4,1,3
6941888,8430046,6,13,-7
6941888,8430046,11,2,9
6941888,8430046,12,3,9
4773242,6494070,1,2,-1
7265079,7700525,11,3,8
5097137,6127686,3,1,2
5097137,6127686,6,7,-1
4564876,4710828,2,1,1
4564876,4710828,4,4,0
6920553,7328333,4,1,3
6225047,8664358,1,8,-7
4071698,8472608,2,12,-10
4071698,8472608,5,8,-3
4732152,6270525,3,8,-5
4801468,5358755,3,7,-4
4174237,5239247,1,1,0
4174237,5239247,2,2,0
5293470,6434739,11,5,6
5401141,6551071,1,1,0
5401141,6551071,2,2,0
5401141,6551071,3,9,-6
5401141,6551071,4,4,0
5401141,6551071,6,10,-4
5401141,6551071,8,11,-3
5401141,6551071,10,13,-3
5401141,6551071,12,5,7
5401141,6551071,13,7,6
6394935,7758478,4,12,-8
6394935,7758478,7,1,6
6394935,7758478,11,7,4
3932496,4137270,7,10,-3
4009131,6575721,1,2,-1
4009131,6575721,6,1,5
5566337,8174502,1,4,-3
4530634,5002299,2,2,0
4530634,5002299,3,3,0
4530634,5002299,4,6,-2
4530634,5002299,6,4,2
4530634,5002299,11,5,6
5644591,7085246,3,4,-1
5644591,7085246,5,12,-7
5644591,7085246,8,9,-1
5644591,7085246,11,11,0
4540780,6365604,2,2,0
4692293,5316715,1,5,-4
4692293,5316715,2,3,-1
4692293,5316715,3,9,-6
4692293,5316715,5,1,4
4692293,5316715,7,12,-5
4692293,5316715,10,2,8
5392461,7671803,2,1,1
5392461,7671803,9,10,-1
5392461,7671803,10,2,8
6140004,7011871,4,5,-1
6140004,7011871,5,6,-1
5168380,5394256,1,1,0
5168380,5394256,3,2,1
6368216,8021230,1,1,0
6368216,8021230,3,8,-5
6368216,8021230,8,12,-4
4160205,5643742,1,1,0
5326224,8522558,2,1,1
5326224,8522558,4,8,-4
5326224,8522558,5,4,1
4778879,8283449,10,9,1
6351821,8458361,5,3,2
6351821,8458361,9,6,3
5256287,7258781,1,7,-6
5256287,7258781,2,4,-2
5256287,7258781,9,3,6
4838269,8257343,7,2,5
4838269,8257343,8,1,7
6865185,8174970,5,7,-2
6865185,8174970,11,12,-1
5598285,7030953,4,3,1
5598285,7030953,5,7,-2
5598285,7030953,8,8,0
4565158,8025735,3,1,2
4565158,8025735,8,5,3
4133025,6424227,8,2,6
4133025,6424227,11,4,7
4874969,5642062,5,5,0
4874969,5642062,7,8,-1
4874969,5642062,8,7,1
4874969,5642062,11,6,5
5201750,7645261,2,4,-2
5085584,6076526,12,1,11
4912378,7227321,4,8,-4
4912378,7227321,6,5,1
4912378,7227321,7,12,-5
4912378,7227321,10,2,8
4695941,6456908,6,7,-1
5653714,7695477,1,4,-3
5653714,7695477,2,2,0
4132952,7693230,7,12,-5
4132952,7693230,9,4,5
7148268,8182597,1,1,0
7148268,8182597,2,5,-3
7148268,8182597,5,8,-3
7469311,8234425,7,5,2
5627861,6421399,3,1,2
5627861,6421399,4,5,-1
5627861,6421399,8,4,4
5627861,6421399,12,9,3
3975400,7164031,2,6,-4
3975400,7164031,4,3,1
3975400,7164031,11,5,6
3975400,7164031,13,8,5
4540173,7278960,1,3,-2
4540173,7278960,4,8,-4
4540173,7278960,13,1,12
5042566,7975637,1,2,-1
5042566,7975637,10,8,2
5042566,7975637,11,9,2
6851101,8112731,1,5,-4
5246016,8412307,2,2,0
6430164,8545333,3,3,0
6430164,8545333,5,7,-2
6430164,8545333,10,4,6
5065453,8339216,1,1,0
5535816,7305843,2,2,0
5260827,5406938,2,1,1
5260827,5406938,13,8,5
6141168,7969337,10,11,-1
5134669,8104686,6,9,-3
6996358,7288356,1,1,0
6996358,7288356,2,2,0
6996358,7288356,3,12,-9
6996358,7288356,4,3,1
6996358,7288356,5,4,1
6996358,7288356,7,7,0
6996358,7288356,8,9,-1
6996358,7288356,9,10,-1
6878450,7862910,1,1,0
6878450,7862910,3,8,-5
6878450,7862910,5,3,2
6157644,7715409,2,1,1
4292960,6602251,11,1,10
6545904,6894915,3,8,-5
6545904,6894915,5,5,0
6341288,6581205,10,10,0
5155646,6130809,1,10,-9
5155646,6130809,4,7,-3
5155646,6130809,5,5,0
6188822,7090406,6,2,4
6188822,7090406,9,7,2
4288715,4977349,1,8,-7
4288715,4977349,2,1,1
4288715,4977349,3,3,0
4288715,4977349,5,2,3
4288715,4977349,6,4,2
4288715,4977349,8,9,-1
4371967,5246878,1,4,-3
5140811,5307627,3,3,0
5140811,5307627,7,1,6
5140811,5307627,11,13,-2
5140811,5307627,12,6,6
6038650,7434191,7,7,0
6367133,8006357,2,2,0
6367133,8006357,12,12,0
4749821,8529279,3,12,-9
4416976,4786580,1,1,0
4463758,5398684,4,10,-6
4463758,5398684,12,5,7
3967020,5571585,4,5,-1
3967020,5571585,5,2,3
3967020,5571585,9,4,5
3940679,5345163,1,1,0
3940679,5345163,9,7,2
3940679,5345163,10,2,8
5115494,5307453,8,6,2
4268013,7611022,1,5,-4
5292475,8657990,13,11,2
5250047,8469957,8,8,0
5250047,8469957,11,3,8
6184829,7069319,8,9,-1
7072701,8696593,1,3,-2
7072701,8696593,3,7,-4
5641343,6547856,1,10,-9
5641343,6547856,2,1,1
5641343,6547856,11,8,3
5010241,5291008,12,10,2
6201850,7099435,5,10,-5
6201850,7099435,6,11,-5
4132864,6442255,1,10,-9
3994850,5162462,1,3,-2
4907308,5251347,5,9,-4
4907308,5251347,9,6,3
4907308,5251347,10,1,9
6495067,8734584,2,6,-4
5165841,5410232,5,1,4
5165841,5410232,8,12,-4
4631337,6518370,6,4,2
4421902,5292828,5,4,1
5376310,6274541,6,13,-7
5376310,6274541,10,2,8
7354292,8151016,1,10,-9
6496118,7277295,1,10,-9
6496118,7277295,2,2,0
7277978,7913032,2,4,-2
4864276,5327035,1,12,-11
4864276,5327035,5,11,-6
6470845,7550906,1,3,-2
6470845,7550906,2,1,1
6470845,7550906,6,9,-3
6470845,7550906,9,2,7
5239833,7802426,1,13,-12
5054319,8354632,12,2,10
4898118,7588736,13,3,10
5165909,7563428,3,3,0
5100374,8708946,2,1,1
5100374,8708946,13,5,8
4295796,5024274,4,2,2
4626850,7265656,2,5,-3
6476831,7701471,11,2,9
4667412,7334344,1,4,-3
4667412,7334344,4,2,2
4667412,7334344,9,3,6
5361255,5590123,1,13,-12
5361255,5590123,2,4,-2
5361255,5590123,9,12,-3
4760449,5144434,1,3,-2
4760449,5144434,3,1,2
7865502,8185530,4,3,1
5143082,7041055,3,6,-3
4288814,8654433,4,12,-8
4288814,8654433,5,8,-3
4288814,8654433,8,3,5
4288814,8654433,13,9,4
4945932,7077145,1,1,0
4945932,7077145,8,2,6
4216512,6080352,3,6,-3
4216512,6080352,5,7,-2
4159365,4699746,1,7,-6
4159365,4699746,4,1,3
4159365,4699746,9,8,1
6530181,8689705,7,1,6
4280919,5296355,12,12,0
4135778,5299067,2,1,1
6279109,7949814,12,10,2
6095117,7367316,1,7,-6
6095117,7367316,3,1,2
6095117,7367316,11,4,7
4950239,6951674,1,2,-1
4950239,6951674,2,3,-1
4950239,6951674,3,10,-7
6575570,8196227,3,8,-5
6575570,8196227,12,3,9
4996225,7812197,6,6,0
4987619,5299330,13,1,12
4325802,7694829,2,11,-9
4054229,8708148,13,2,11
6214104,6872418,8,5,3
3933276,6296146,3,1,2
3936742,6281672,1,4,-3
3936742,6281672,3,5,-2
3936742,6281672,6,8,-2
3936742,6281672,11,2,9
6064372,7598744,5,3,2
7200973,7926407,3,5,-2
5495206,6944257,3,5,-2
5495206,6944257,6,1,5
4343202,5263383,2,4,-2
4343202,5263383,6,8,-2
4150455,5247741,2,13,-11
4150455,5247741,8,2,6
6071689,6524860,1,1,0
6071689,6524860,2,2,0
6071689,6524860,4,4,0
6071689,6524860,7,5,2
6071689,6524860,8,6,2
6071689,6524860,9,3,6
6071689,6524860,11,7,4
6071689,6524860,12,8,4
6071689,6524860,13,10,3
5000165,7691145,5,5,0
6431845,7114207,6,7,-1
4792038,5031760,1,3,-2
4792038,5031760,6,10,-4
4792038,5031760,8,4,4
4792038,5031760,9,8,1
4665431,7362879,9,5,4
4914676,7149238,3,9,-6
4912637,5313646,10,1,9
6020980,7558983,1,1,0
6020980,7558983,2,2,0
6020980,7558983,6,8,-2
6020980,7558983,10,9,1
6020980,7558983,11,4,7
4153903,4231646,1,1,0
4153903,4231646,2,4,-2
4153903,4231646,4,2,2
4153903,4231646,7,13,-6
4153903,4231646,8,6,2
6134308,7769030,1,1,0
6500692,7572701,3,10,-7
6191848,7714251,1,1,0
4805014,8549565,2,4,-2
4805014,8549565,8,2,6
6837366,7703600,1,1,0
4557240,4798189,3,9,-6
4557240,4798189,9,1,8
4557240,4798189,13,4,9
3947558,5346684,5,12,-7
3947558,5346684,6,4,2
3947558,5346684,8,1,7
5319481,6476966,2,10,-8
5319481,6476966,8,8,0
7973351,8698260,4,3,1
5378249,6080212,2,9,-7
5378249,6080212,3,2,1
5378249,6080212,8,7,1
5378249,6080212,10,12,-2
5378249,6080212,13,13,0
6135885,8337294,1,5,-4
6180863,6630621,1,2,-1
6180863,6630621,3,9,-6
5654901,6480901,5,6,-1
4695971,4918636,10,4,6
7296623,8496238,11,11,0
6326309,6560765,7,11,-4
3985540,8668954,5,13,-8
3985540,8668954,6,2,4
4520767,8590306,4,4,0
4520767,8590306,6,5,1
4784636,7632288,1,11,-10
4784636,7632288,2,1,1
4784636,7632288,4,13,-9
4784636,7632288,10,7,3
6346951,8276076,8,5,3
4411603,7303680,12,4,8
4601471,5062635,1,8,-7
4488850,6851916,2,12,-10
4488850,6851916,4,2,2
5615620,6516729,12,6,6
6223098,7386420,1,4,-3
6223098,7386420,9,13,-4
6223098,7386420,11,5,6
5361975,6581772,10,3,7
6178808,8024961,5,9,-4
4690825,5126174,7,9,-2
4690825,5126174,10,4,6
4268722,5241537,8,9,-1
4132610,4880507,1,1,0
4132610,4880507,2,3,-1
4132610,4880507,3,2,1
4132610,4880507,5,11,-6
4132610,4880507,9,8,1
5564662,6484334,11,13,-2
4107181,4703127,3,5,-2
4107181,4703127,4,9,-5
4107181,4703127,7,4,3
4107181,4703127,10,13,-3
4107181,4703127,11,11,0
6447047,7658426,11,8,3
7845885,8745953,11,3,8
5552976,8354816,6,2,4
5552976,8354816,9,1,8
5552976,8354816,11,4,7
5149720,5650222,3,7,-4
5149720,5650222,6,1,5
5149720,5650222,13,3,10
4575615,4923091,1,3,-2
4575615,4923091,2,1,1
5448537,6087644,1,4,-3
5448537,6087644,12,11,1
5004089,6644453,2,2,0
5004089,6644453,3,10,-7
5004089,6644453,7,1,6
4837728,8262453,1,4,-3
4837728,8262453,2,5,-3
4837728,8262453,3,9,-6
5638519,8700499,4,2,2
3949432,6370704,2,2,0
3949432,6370704,9,4,5
3949432,6370704,10,11,-1
4844470,7744495,1,2,-1
4844470,7744495,3,1,2
4844470,7744495,5,3,2
4844470,7744495,7,6,1
6421480,7292786,3,10,-7
6421480,7292786,4,7,-3
6421480,7292786,5,1,4
6421480,7292786,7,4,3
6421480,7292786,8,6,2
5138468,8355526,3,2,1
5241074,7615514,8,4,4
6850790,8738109,1,2,-1
6850790,8738109,2,5,-3
5648508,7534303,4,6,-2
5648508,7534303,5,3,2
5648508,7534303,13,13,0
5595364,7651063,2,2,0
5595364,7651063,4,1,3
5595364,7651063,12,11,1
4121450,5499546,5,4,1
4121450,5499546,6,2,4
4121450,5499546,11,1,10
4121450,5499546,12,3,9
4063775,6554355,1,5,-4
4063775,6554355,4,3,1
5640343,8025960,7,9,-2
5084925,6928673,3,2,1
5084925,6928673,4,3,1
6653266,8361952,1,10,-9
6653266,8361952,2,3,-1
6653266,8361952,12,13,-1
6082813,8186755,2,7,-5
6082813,8186755,3,3,0
6082813,8186755,8,8,0
5279559,8128619,5,3,2
4497575,8149048,8,5,3
4356908,5293888,1,9,-8
4356908,5293888,4,12,-8
5320092,6126681,11,3,8
7488088,8348457,1,4,-3
7488088,8348457,2,6,-4
7488088,8348457,3,2,1
7488088,8348457,5,12,-7
4496475,8310803,8,8,0
6671506,7079850,3,6,-3
6671506,7079850,7,11,-4
5586316,6073145,9,10,-1
6957536,7845172,1,1,0
6957536,7845172,5,2,3
6957536,7845172,10,6,4
6957536,7845172,13,7,6
4140952,8269482,2,11,-9
4140952,8269482,5,4,1
4140952,8269482,6,3,3
4569005,4719543,1,3,-2
4569005,4719543,2,1,1
4569005,4719543,3,7,-4
4569005,4719543,4,5,-1
4569005,4719543,8,2,6
5494456,6074242,1,1,0
5494456,6074242,3,6,-3
5494456,6074242,7,4,3
5494456,6074242,9,9,0
6311118,7582041,2,3,-1
6311118,7582041,10,1,9
4176865,8550502,5,3,2
5123095,5598547,1,10,-9
5123095,5598547,3,13,-10
6340929,8570165,2,2,0
6340929,8570165,13,4,9
4821470,6978499,2,3,-1
4821470,6978499,4,5,-1
5106395,5254797,6,8,-2
5106395,5254797,7,5,2
5106395,5254797,11,1,10
4540534,7588672,11,6,5
4299154,6576828,1,1,0
4299154,6576828,3,2,1
7051808,7832484,2,5,-3
7051808,7832484,3,3,0
7051808,7832484,5,4,1
7051808,7832484,7,13,-6
7051808,7832484,9,2,7
4638120,4916738,1,12,-11
5324956,7075652,6,5,1
6237332,6875147,1,2,-1
6237332,6875147,2,11,-9
6237332,6875147,3,12,-9
6237332,6875147,4,1,3
6237332,6875147,5,8,-3
7330564,8429205,3,3,0
7330564,8429205,13,10,3
7363980,8671974,2,2,0
4799172,6473093,2,6,-4
4799172,6473093,12,11,1
4117105,8575255,1,2,-1
6536165,7730672,1,1,0
6536165,7730672,2,2,0
6536165,7730672,8,8,0
4488179,7073187,1,4,-3
4039755,7676049,3,5,-2
4039755,7676049,13,7,6
4982041,7998438,12,10,2
4982041,7998438,13,6,7
4185778,4690333,4,6,-2
6878587,7763542,5,2,3
6878587,7763542,9,6,3
6878587,7763542,10,7,3
4767206,6436682,3,4,-1
5481763,7992559,9,7,2
5481763,7992559,10,5,5
4962342,7765095,11,5,6
4390193,5314204,2,1,1
4390193,5314204,7,5,2
4390193,5314204,11,6,5
4390193,5314204,13,12,1
6124311,7973069,8,2,6
5210789,6192118,1,4,-3
5210789,6192118,4,8,-4
5210789,6192118,11,5,6
4998578,7682704,4,9,-5
4998578,7682704,5,6,-1
5188295,6095435,2,12,-10
4029353,4222603,1,1,0
4029353,4222603,2,2,0
4029353,4222603,3,5,-2
4029353,4222603,4,4,0
4029353,4222603,5,7,-2
4029353,4222603,6,8,-2
4029353,4222603,7,10,-3
7575206,8444123,1,1,0
6517073,8142283,3,5,-2
6517073,8142283,5,1,4
5315787,8534499,3,13,-10
6844214,7923790,2,2,0
6569198,7377941,13,8,5
5343650,8156854,2,10,-8
5343650,8156854,7,11,-4
5250188,8679313,1,1,0
5250188,8679313,5,2,3
7206627,8311611,7,4,3
5397433,6559057,3,11,-8
4743330,8283017,2,1,1
4743330,8283017,4,4,0
4743330,8283017,7,2,5
5156636,8478563,1,1,0
5156636,8478563,2,11,-9
5156636,8478563,6,5,1
5282474,7092748,7,2,5
4693899,5110614,3,8,-5
5099918,7798221,1,13,-12
6217448,7666092,1,3,-2
6217448,7666092,3,1,2
6217448,7666092,8,12,-4
6217448,7666092,13,6,7
6453201,7069070,1,12,-11
6453201,7069070,3,10,-7
5015931,5483346,10,5,5
5015931,5483346,11,8,3
6522451,7589883,3,3,0
6522451,7589883,6,6,0
6522451,7589883,7,10,-3
6522451,7589883,8,1,7
6522451,7589883,9,4,5
6067281,7460464,7,1,6
6067281,7460464,8,3,5
6067281,7460464,9,8,1
8023309,8199555,1,4,-3
8023309,8199555,2,3,-1
8023309,8199555,3,6,-3
8023309,8199555,5,1,4
4220128,4611563,6,2,4
4220128,4611563,8,3,5
4220128,4611563,11,9,2
3956458,7678178,4,12,-8
7257032,7660160,2,7,-5
7257032,7660160,3,8,-5
7257032,7660160,7,13,-6
7257032,7660160,12,11,1
6577877,8239595,2,4,-2
6577877,8239595,5,9,-4
6597572,6994576,1,4,-3
6597572,6994576,2,2,0
7092708,7421342,2,10,-8
7092708,7421342,8,13,-5
7092708,7421342,9,9,0
4492278,4633959,2,1,1
4492278,4633959,9,5,4
4102179,6153437,3,1,2
4102179,6153437,5,8,-3
5019042,7704220,2,11,-9
5019042,7704220,8,8,0
7288321,8623258,1,1,0
7288321,8623258,4,3,1
7288321,8623258,5,4,1
6178567,7676858,1,1,0
6178567,7676858,2,11,-9
6178567,7676858,11,2,9
5589383,7070819,2,10,-8
5589383,7070819,5,9,-4
5589383,7070819,7,11,-4
5589383,7070819,11,12,-1
6930269,8642903,3,8,-5
6930269,8642903,4,2,2
6185641,7051124,10,9,1
4265997,4883019,2,1,1
4265997,4883019,3,3,0
4265997,4883019,4,5,-1
6925289,8069041,1,6,-5
6925289,8069041,6,12,-6
4624063,4856210,2,3,-1
4624063,4856210,3,1,2
4624063,4856210,10,10,0
6067679,7240384,3,1,2
6067679,7240384,4,10,-6
6067679,7240384,8,6,2
6883429,8528477,2,12,-10
6883429,8528477,3,2,1
6883429,8528477,6,1,5
6079442,8413573,1,12,-11
6079442,8413573,2,2,0
4948206,8439460,6,5,1
4948206,8439460,9,10,-1
6603450,8085224,1,2,-1
6603450,8085224,5,4,1
6603450,8085224,7,9,-2
4764581,5268434,2,3,-1
4764581,5268434,11,6,5
4764581,5268434,13,10,3
4913954,7654227,1,5,-4
5272458,8274348,1,1,0
5272458,8274348,3,4,-1
5272458,8274348,5,5,0
5272458,8274348,9,11,-2
5507288,8280475,1,2,-1
5507288,8280475,4,5,-1
6385589,7256708,4,2,2
6946688,8283423,11,13,-2
6259996,7253637,1,2,-1
6259996,7253637,2,1,1
6259996,7253637,3,4,-1
6259996,7253637,6,9,-3
4966423,7293845,1,3,-2
4966423,7293845,4,12,-8
4966423,7293845,6,6,0
4966423,7293845,7,2,5
4966423,7293845,8,10,-2
6302091,6662795,2,11,-9
6302091,6662795,7,1,6
4174916,5222841,1,3,-2
6503147,8512139,2,1,1
4180160,7559434,2,11,-9
4180160,7559434,9,5,4
7581019,7760633,13,7,6
6429812,6615112,13,9,4
6096213,8623202,12,3,9
6276186,8656574,1,3,-2
6276186,8656574,7,1,6
6276186,8656574,9,6,3
4263649,4816990,2,5,-3
4263649,4816990,13,1,12
6163889,8235262,2,4,-2
6163889,8235262,4,10,-6
4849831,5323273,4,3,1
4849831,5323273,5,1,4
4849831,5323273,7,2,5
4519538,7066379,4,5,-1
6889079,8160687,10,2,8
7747533,8544111,1,1,0
5205433,6293409,6,13,-7
4661695,4978850,3,1,2
4661695,4978850,5,10,-5
4661695,4978850,6,6,0
5250070,6482226,5,6,-1
5250070,6482226,6,1,5
4062192,4406162,2,2,0
4062192,4406162,10,8,2
6927145,8159875,3,1,2
6927145,8159875,8,2,6
4766967,7004273,2,11,-9
4766967,7004273,7,1,6
4766967,7004273,8,13,-5
7319277,7960825,8,1,7
6922870,8336428,1,5,-4
6922870,8336428,2,1,1
6523149,7062731,3,2,1
6410156,7427430,1,1,0
6410156,7427430,4,9,-5
6410156,7427430,11,2,9
6547150,7369982,1,1,0
6547150,7369982,3,3,0
6151105,8547528,2,5,-3
6151105,8547528,3,1,2
6151105,8547528,12,12,0
4773063,6480648,3,10,-7
4773063,6480648,11,5,6
4773063,6480648,12,3,9
4706671,6348062,6,11,-5
4408696,7105742,4,2,2
4408696,7105742,11,10,1
4408696,7105742,13,4,9
6635662,8450305,4,2,2
6635662,8450305,6,9,-3
6122171,7256072,4,2,2
5565769,6512366,4,7,-3
6173163,6501959,2,2,0
6328632,6869337,1,13,-12
6328632,6869337,2,1,1
6328632,6869337,4,3,1
4759237,8061178,5,3,2
4759237,8061178,7,7,0
6342108,7969705,6,2,4
4693411,5494214,2,4,-2
4693411,5494214,8,3,5
5383469,6443908,6,3,3
5383469,6443908,13,5,8
4437907,6873239,1,2,-1
4437907,6873239,4,10,-6
4437907,6873239,5,5,0
4733665,7780726,2,4,-2
4733665,7780726,13,9,4
4920776,5327757,1,1,0
5404952,7017661,7,1,6
5404952,7017661,9,10,-1
4095242,4274722,1,5,-4
4095242,4274722,5,4,1
4095242,4274722,6,6,0
7882196,8693373,1,1,0
7882196,8693373,2,2,0
7882196,8693373,3,3,0
7882196,8693373,5,4,1
7882196,8693373,7,12,-5
7695174,7926960,1,1,0
7695174,7926960,3,7,-4
7695174,7926960,5,10,-5
7695174,7926960,12,13,-1
7495488,8264261,6,5,1
4721569,5344562,2,7,-5
4721569,5344562,3,11,-8
4721569,5344562,8,5,3
6063569,7125994,1,1,0
6063569,7125994,12,2,10
6063569,7125994,13,13,0
4532282,8071673,2,7,-5
4532282,8071673,3,4,-1
4956630,6213526,1,4,-3
4956630,6213526,2,5,-3
4956630,6213526,5,2,3
4956630,6213526,6,3,3
5339405,8341188,8,9,-1
7596613,8554714,9,3,6
5219018,6932938,1,3,-2
4194889,8591629,3,2,1
4194889,8591629,5,3,2
4324739,7091286,2,13,-11
5401982,7141821,4,3,1
5401982,7141821,7,5,2
5401982,7141821,8,2,6
4595727,8445089,4,4,0
4595727,8445089,8,8,0
4595727,8445089,9,5,4
6601030,6871178,3,9,-6
4006266,7585533,1,2,-1
4006266,7585533,2,3,-1
4006266,7585533,13,8,5
5520643,7803143,3,9,-6
5520643,7803143,11,5,6
7064674,8664880,10,3,7
3934066,5098778,2,12,-10
3934066,5098778,4,5,-1
3934066,5098778,5,13,-8
4034227,4960560,2,5,-3
4034227,4960560,3,1,2
6963990,7146519,1,1,0
6963990,7146519,6,6,0
6963990,7146519,12,2,10
4463807,6910536,4,3,1
6220349,8746342,4,7,-3
6220349,8746342,7,12,-5
4923472,7722678,9,3,6
4923472,7722678,10,7,3
7134468,8735485,2,3,-1
6396466,6515434,2,1,1
6396466,6515434,10,9,1
5560357,8103456,3,5,-2
5080752,5633088,1,1,0
5080752,5633088,4,3,1
5080752,5633088,12,4,8
4323174,4644134,3,9,-6
4323174,4644134,12,1,11
4749289,5127753,1,2,-1
7243285,7899051,3,7,-4
7243285,7899051,4,2,2
5550150,6077852,8,1,7
4942050,8735786,1,3,-2
4942050,8735786,2,1,1
4942050,8735786,3,7,-4
4942050,8735786,6,10,-4
4308868,6493590,6,2,4
6335099,8663807,2,5,-3
6335099,8663807,4,2,2
6335099,8663807,8,11,-3
6335099,8663807,9,4,5
4758834,5394140,1,2,-1
4758834,5394140,9,6,3
6358709,7166466,3,1,2
5318348,7461442,1,1,0
5318348,7461442,2,6,-4
5318348,7461442,8,2,6
5120322,8052745,7,12,-5
5366785,7678228,13,9,4
6224614,8551091,5,5,0
6224614,8551091,6,6,0
4819279,5282281,2,4,-2
4819279,5282281,4,2,2
4819279,5282281,6,3,3
4334292,4861976,3,12,-9
6349274,8331855,9,6,3
6196688,7813023,9,2,7
6532603,7181778,1,3,-2
6532603,7181778,6,5,1
6157665,6347110,3,1,2
5402967,7721812,1,11,-10
5402967,7721812,2,13,-11
5402967,7721812,3,2,1
5402967,7721812,8,5,3
4843881,5332005,9,4,5
3973084,4223186,4,3,1
3973084,4223186,7,13,-6
6946324,8230591,6,5,1
6946324,8230591,13,12,1
6125852,8715160,1,2,-1
6909442,8291207,5,5,0
7094770,7365057,4,2,2
7094770,7365057,6,8,-2
7094770,7365057,8,10,-2
6876461,8488145,3,3,0
6876461,8488145,4,2,2
6876461,8488145,9,6,3
6529377,7372697,9,1,8
6529377,7372697,11,7,4
5325231,7248402,2,2,0
6512248,8664684,1,2,-1
5023782,8635131,3,1,2
6137880,8422189,9,4,5
6138080,7884615,1,2,-1
6882995,7716208,11,3,8
6150818,7772949,1,2,-1
6150818,7772949,2,10,-8
6150818,7772949,5,1,4
6150818,7772949,7,4,3
4458357,6091665,2,5,-3
6146210,6257925,5,4,1
6146210,6257925,7,11,-4
6146210,6257925,9,7,2
6146210,6257925,10,2,8
6146210,6257925,12,9,3
4987541,6629030,1,2,-1
4987541,6629030,2,3,-1
4987541,6629030,8,10,-2
4987541,6629030,11,13,-2
6296212,6866070,1,1,0
7942521,8246166,1,10,-9
7942521,8246166,2,9,-7
7942521,8246166,5,6,-1
7942521,8246166,7,12,-5
7942521,8246166,8,7,1
7942521,8246166,9,8,1
7942521,8246166,10,13,-3
7942521,8246166,12,11,1
7942521,8246166,13,4,9
5643330,7483748,1,2,-1
5643330,7483748,3,3,0
4035580,5450411,3,11,-8
4035580,5450411,6,8,-2
4035580,5450411,10,3,7
4043865,4374083,1,2,-1
4043865,4374083,7,1,6
4043865,4374083,10,7,3
5628684,7967674,1,1,0
8164113,8502338,1,1,0
8164113,8502338,8,2,6
8164113,8502338,11,9,2
5142677,7861263,3,7,-4
4865211,5435451,5,1,4
5403312,6206875,3,1,2
5403312,6206875,5,8,-3
5403312,6206875,11,13,-2
4782359,5239349,1,5,-4
4782359,5239349,2,1,1
6129060,6382154,1,2,-1
6129060,6382154,3,1,2
6513802,8534658,11,12,-1
6513802,8534658,13,2,11
5484167,6125563,2,2,0
7310544,8273295,4,1,3
5520652,8292909,4,11,-7
5520652,8292909,11,9,2
4831529,5029085,1,6,-5
6318525,7921974,3,1,2
5120847,7038050,11,4,7
7670471,7837946,7,5,2
7670471,7837946,8,7,1
4765293,6570265,3,7,-4
4765293,6570265,8,4,4
4765293,6570265,9,3,6
4294416,4899286,7,3,4
5191349,7576686,1,1,0
5191349,7576686,2,2,0
5191349,7576686,5,11,-6
5047183,6616434,6,8,-2
6567297,8754795,6,6,0
4535318,5327129,1,9,-8
4535318,5327129,3,10,-7
5434136,7498303,3,1,2
5434136,7498303,5,8,-3
5434136,7498303,7,7,0
4353954,5565267,2,2,0
4353954,5565267,8,6,2
6072272,7916156,8,3,5
6072272,7916156,12,12,0
7309325,8475455,3,4,-1
4857067,5242436,1,4,-3
4857067,5242436,13,3,10
5082451,6095836,1,2,-1
5082451,6095836,12,6,6
7634780,8694915,5,3,2
5012535,6405387,2,2,0
6173501,8577637,1,5,-4
6173501,8577637,5,1,4
6173501,8577637,9,4,5
6173501,8577637,12,9,3
6577743,8023685,1,2,-1
6577743,8023685,7,8,-1
7575266,7753426,1,1,0
7575266,7753426,2,2,0
7575266,7753426,3,3,0
7575266,7753426,4,4,0
7575266,7753426,5,5,0
7575266,7753426,6,6,0
7575266,7753426,7,7,0
7575266,7753426,8,8,0
7575266,7753426,9,9,0
7575266,7753426,10,10,0
7575266,7753426,11,11,0
7575266,7753426,12,12,0
7575266,7753426,13,13,0
5291761,7707861,5,1,4
5291761,7707861,12,13,-1
4011759,8511167,1,7,-6
4011759,8511167,2,8,-6
4011759,8511167,4,3,1
6448665,8304289,5,6,-1
6448665,8304289,10,12,-2
5372196,8739896,2,3,-1
5372196,8739896,5,5,0
5372196,8739896,6,6,0
5372196,8739896,8,4,4
5372196,8739896,10,2,8
5372196,8739896,11,9,2
8085076,8630130,3,2,1
6613604,7668000,3,5,-2
6613604,7668000,4,1,3
6613604,7668000,10,7,3
4802741,6614574,4,5,-1
5105425,6256756,4,1,3
4709416,5065456,2,13,-11
4709416,5065456,4,10,-6
7300183,8277059,2,4,-2
7300183,8277059,9,7,2
5587692,6137376,2,6,-4
5587692,6137376,7,1,6
5587692,6137376,11,12,-1
5250414,6221376,13,5,8
6430166,7308017,3,13,-10
6430166,7308017,5,2,3
6430166,7308017,8,3,5
8386104,8751087,2,4,-2
8386104,8751087,6,3,3
8386104,8751087,9,13,-4
8386104,8751087,12,11,1
8386104,8751087,13,7,6
5616857,6484570,1,8,-7
5616857,6484570,4,11,-7
5616857,6484570,5,3,2
7168203,7730658,1,8,-7
7168203,7730658,3,9,-6
7168203,7730658,5,1,4
7168203,7730658,7,2,5
7168203,7730658,8,3,5
5096577,5593575,1,7,-6
4800883,6438420,1,13,-12
4800883,6438420,3,1,2
4800883,6438420,5,8,-3
4800883,6438420,11,2,9
6959298,7900240,7,6,1
6959298,7900240,8,12,-4
8075357,8147285,3,1,2
8075357,8147285,6,9,-3
8075357,8147285,7,5,2
8075357,8147285,13,13,0
5245329,8204222,5,10,-5
5245329,8204222,10,7,3
5300233,7972520,1,3,-2
5300233,7972520,4,1,3
5300233,7972520,6,9,-3
7873830,8258809,6,4,2
4909017,5461845,1,3,-2
4909017,5461845,3,1,2
4909017,5461845,5,2,3
4909017,5461845,6,8,-2
4909017,5461845,8,4,4
6478800,8308734,1,9,-8
6478800,8308734,11,13,-2
5620207,7527449,7,1,6
4883244,8634974,13,6,7
5400212,7085128,3,1,2
5400212,7085128,5,3,2
5400212,7085128,6,2,4
5400212,7085128,12,8,4
7421393,8473299,1,1,0
7421393,8473299,2,2,0
7421393,8473299,3,3,0
7421393,8473299,4,4,0
7421393,8473299,5,5,0
7421393,8473299,6,6,0
7421393,8473299,7,7,0
7421393,8473299,8,8,0
7421393,8473299,9,9,0
7421393,8473299,10,10,0
7421393,8473299,11,11,0
7421393,8473299,12,12,0
7421393,8473299,13,13,0
6510548,7584447,2,1,1
5654471,7147800,7,12,-5
5654471,7147800,12,1,11
6329829,7038475,2,2,0
6329829,7038475,3,5,-2
6329829,7038475,11,12,-1
5480942,6454980,1,7,-6
5480942,6454980,2,8,-6
5480942,6454980,3,1,2
5480942,6454980,12,13,-1
6308149,8712776,7,6,1
6218299,8193642,3,2,1
6667280,7942215,2,2,0
6667280,7942215,3,7,-4
5518501,8287446,1,1,0
5518501,8287446,4,4,0
5518501,8287446,6,3,3
6335923,7577415,6,6,0
6335923,7577415,12,10,2
6495069,7301351,4,7,-3
4884441,6990869,1,7,-6
4884441,6990869,12,5,7
6419692,8110243,1,2,-1
6419692,8110243,13,1,12
3973555,4384927,1,12,-11
3973555,4384927,2,4,-2
3973555,4384927,13,8,5
5195984,5344426,2,2,0
5195984,5344426,6,10,-4
4840241,5362928,2,8,-6
4840241,5362928,3,1,2
4840241,5362928,12,11,1
4543900,7000554,2,7,-5
4543900,7000554,4,3,1
5049152,8216257,1,4,-3
5049152,8216257,2,1,1
5049152,8216257,7,2,5
5049152,8216257,12,8,4
6511438,7261697,5,9,-4
6511438,7261697,8,13,-5
5398272,7505555,2,3,-1
5398272,7505555,3,7,-4
5398272,7505555,7,6,1
6236435,8698618,4,1,3
4762129,8540762,7,9,-2
4762129,8540762,8,13,-5
4762129,8540762,10,1,9
5244231,6152490,2,6,-4
6265742,7177135,9,12,-3
6265742,7177135,10,5,5
4861039,5112052,3,11,-8
4861039,5112052,11,12,-1
4674044,8751370,3,3,0
4674044,8751370,9,4,5
4125836,4186399,7,9,-2
4125836,4186399,9,5,4
6076041,6628233,5,1,4
6076041,6628233,6,5,1
7005359,7446009,5,12,-7
7005359,7446009,9,5,4
7005359,7446009,12,4,8
7038991,7626908,3,1,2
7038991,7626908,11,11,0
6893388,7846082,4,2,2
7436300,8607281,1,10,-9
4964414,5366493,7,9,-2
4964414,5366493,9,10,-1
4398965,7029616,2,7,-5
4398965,7029616,4,6,-2
6988124,7783735,3,12,-9
6888632,7876440,1,10,-9
6888632,7876440,2,11,-9
6306026,8360232,2,7,-5
7406978,8297022,9,6,3
6463470,7477600,5,3,2
7460898,8239166,5,3,2
4054908,8059796,8,2,6
4370986,5349961,11,2,9
6906393,8445968,3,4,-1
6906393,8445968,6,1,5
7120876,7975233,1,4,-3
7120876,7975233,2,3,-1
7120876,7975233,11,11,0
6161160,6473818,1,11,-10
6161160,6473818,2,2,0
6161160,6473818,5,3,2
6161160,6473818,8,4,4
6161160,6473818,9,6,3
6161160,6473818,12,7,5
6161160,6473818,13,1,12
5550081,7394104,7,1,6
4552835,5208139,3,1,2
4552835,5208139,4,2,2
4552835,5208139,10,5,5
4552835,5208139,13,13,0
6163608,8463331,5,2,3
4709556,5263535,11,4,7
4573072,7150030,10,1,9
6563596,7077586,2,11,-9
6563596,7077586,4,2,2
6563596,7077586,7,4,3
4982434,8433080,1,8,-7
4982434,8433080,3,3,0
4859433,7799734,5,1,4
5230383,6433991,7,1,6
5230383,6433991,12,10,2
4000485,4438490,2,3,-1
4000485,4438490,12,6,6
4000485,4438490,13,7,6
5181602,6396008,1,10,-9
5181602,6396008,13,5,8
6619208,7000541,6,1,5
4559123,4661213,4,4,0
4559123,4661213,5,6,-1
7247795,7530847,1,1,0
6142874,7331864,5,2,3
6142874,7331864,6,4,2
5138667,5241187,1,3,-2
5138667,5241187,3,1,2
5138667,5241187,7,6,1
4520879,4819966,7,1,6
7095577,7982991,1,1,0
7095577,7982991,2,3,-1
7095577,7982991,3,7,-4
7095577,7982991,10,2,8
7126452,8253523,9,5,4
5488857,6526815,4,10,-6
5488857,6526815,12,7,5
5108438,7033395,2,3,-1
5108438,7033395,12,8,4
5318754,6092924,2,2,0
6523340,6641303,5,8,-3
6523340,6641303,10,3,7
5565632,8243033,2,1,1
4540394,5058475,6,1,5
4540394,5058475,9,6,3
7350119,7523346,1,2,-1
7350119,7523346,4,1,3
7225148,8645217,4,11,-7
7225148,8645217,7,7,0
5119270,8116079,6,6,0
4463537,4696141,1,5,-4
4463537,4696141,3,1,2
4463537,4696141,5,3,2
4769078,6596803,2,1,1
6660622,7780788,6,6,0
5103066,5284986,5,9,-4
4376657,6342435,1,13,-12
4376657,6342435,6,10,-4
8242959,8635678,6,4,2
4411746,4808494,9,5,4
4595511,7358215,11,13,-2
4307927,6428360,1,3,-2
6876051,8221665,7,5,2
6876051,8221665,10,9,1
5178822,6498827,1,1,0
5178822,6498827,5,2,3
5178822,6498827,6,4,2
7105108,8753539,1,1,0
7105108,8753539,2,2,0
7105108,8753539,3,6,-3
7105108,8753539,4,3,1
7105108,8753539,11,7,4
7105108,8753539,13,9,4
6491702,8155728,7,2,5
6462904,7095583,1,1,0
6462904,7095583,2,5,-3
6462904,7095583,6,2,4
5179938,7438428,9,1,8
4267423,5262805,8,9,-1
4267423,5262805,13,2,11
7813741,8554192,4,12,-8
7813741,8554192,10,2,8
4986705,7674087,1,2,-1
4986705,7674087,4,10,-6
4986705,7674087,7,1,6
6085576,6498046,7,5,2
4166406,7686400,2,7,-5
4166406,7686400,3,10,-7
4025903,5027313,1,1,0
6252976,7705891,12,4,8
6252976,7705891,13,1,12
6021850,7108083,7,11,-4
6021850,7108083,12,12,0
4623476,8062758,11,13,-2
4878691,6428026,1,7,-6
4878691,6428026,4,1,3
4878691,6428026,7,3,4
4878691,6428026,10,2,8
5049881,8056100,2,6,-4
5390238,6967562,6,8,-2
4310599,5326635,6,1,5
4310599,5326635,7,4,3
6939811,7851370,1,1,0
5015580,8323974,1,4,-3
5015580,8323974,4,9,-5
5015580,8323974,5,5,0
5180100,8347591,12,1,11
4345106,5574746,6,2,4
4345106,5574746,12,1,11
7246919,8282250,3,6,-3
7246919,8282250,5,1,4
5010216,5285031,1,7,-6
5010216,5285031,8,2,6
4252367,7192091,1,3,-2
4252367,7192091,2,4,-2
4718855,5647121,1,5,-4
4718855,5647121,3,8,-5
4718855,5647121,5,4,1
5130377,7829624,1,1,0
5025603,5336849,6,8,-2
7129158,7723210,6,12,-6
5033402,7426864,2,1,1
4982964,7918748,1,3,-2
4982964,7918748,2,7,-5
4945003,6472452,1,8,-7
7707715,8262917,1,13,-12
7707715,8262917,3,11,-8
7707715,8262917,6,1,5
5089709,5262650,1,1,0
5089709,5262650,2,4,-2
5089709,5262650,3,2,1
5089709,5262650,4,9,-5
5089709,5262650,6,5,1
5089709,5262650,10,3,7
5601549,6088154,5,11,-6
5601549,6088154,8,2,6
5601549,6088154,11,4,7
4891945,6966615,4,5,-1
4891945,6966615,5,9,-4
4891945,6966615,11,1,10
5568840,7036619,2,2,0
5012187,8549912,1,2,-1
4373661,8020751,4,4,0
4373661,8020751,9,9,0
7176069,8293323,1,2,-1
7176069,8293323,2,9,-7
4542252,8450550,2,7,-5
6605690,8470948,8,7,1
5625716,7277196,4,6,-2
6389423,6879997,8,8,0
5317389,8050747,12,7,5
6427624,7997439,6,9,-3
7209724,8600373,4,11,-7
7209724,8600373,11,3,8
7209724,8600373,13,7,6
5034186,7998523,13,3,10
6209004,8005843,1,1,0
7426762,8458835,1,3,-2
7426762,8458835,2,1,1
4872541,6374979,10,1,9
5327051,6630803,1,3,-2
5327051,6630803,2,10,-8
5327051,6630803,3,6,-3
5327051,6630803,7,4,3
5327051,6630803,8,1,7
6634372,7678284,2,1,1
6634372,7678284,3,4,-1
6189582,7777215,5,3,2
6189582,7777215,6,1,5
6189582,7777215,13,5,8
5277684,8147386,11,5,6
4769606,6981548,4,3,1
4080652,6925525,6,12,-6
7687455,8110540,1,1,0
7687455,8110540,2,2,0
7687455,8110540,3,3,0
7687455,8110540,4,4,0
7687455,8110540,5,5,0
7687455,8110540,6,6,0
7687455,8110540,7,7,0
7687455,8110540,8,8,0
7687455,8110540,9,9,0
7687455,8110540,10,10,0
7687455,8110540,11,11,0
7687455,8110540,12,12,0
7687455,8110540,13,13,0
5218312,8026080,3,8,-5
6955219,8118115,1,1,0
6955219,8118115,3,7,-4
6955219,8118115,4,5,-1
5072266,6429481,1,1,0
7809207,8208565,1,1,0
7809207,8208565,2,3,-1
7809207,8208565,3,6,-3
7809207,8208565,6,2,4
7809207,8208565,8,4,4
7809207,8208565,11,11,0
7809207,8208565,12,7,5
5586329,7137100,2,4,-2
5586329,7137100,5,11,-6
4521023,5303926,3,3,0
4521023,5303926,6,5,1
6517985,8652730,2,4,-2
6517985,8652730,5,6,-1
6517985,8652730,7,1,6
6517985,8652730,8,3,5
4841571,6636827,3,4,-1
4841571,6636827,7,6,1
6251991,7922607,2,6,-4
6251991,7922607,3,7,-4
6251991,7922607,5,8,-3
6196663,6527366,1,1,0
6196663,6527366,7,3,4
7109022,7575686,1,3,-2
5069337,6095811,1,3,-2
4884799,5275187,1,5,-4
4554821,6484565,2,5,-3
4554821,6484565,3,3,0
4554821,6484565,4,2,2
4554821,6484565,9,4,5
7706046,8134117,1,1,0
7706046,8134117,2,2,0
7706046,8134117,5,12,-7
6862907,7140213,1,4,-3
6862907,7140213,2,2,0
6862907,7140213,3,3,0
6862907,7140213,9,9,0
4528311,6235375,1,1,0
4528311,6235375,5,3,2
7146138,7796687,6,9,-3
7146138,7796687,7,10,-3
7146138,7796687,8,11,-3
3985603,4390390,1,1,0
3985603,4390390,2,13,-11
3985603,4390390,3,7,-4
5228522,7640874,12,10,2
4247174,7471362,3,6,-3
4247174,7471362,5,11,-6
4247174,7471362,10,8,2
4247174,7471362,11,9,2
6392500,7760833,3,2,1
6392500,7760833,10,5,5
5483102,7937599,1,7,-6
5483102,7937599,13,8,5
5100362,6524156,1,4,-3
4162444,7825610,12,2,10
6077586,6261681,1,4,-3
6077586,6261681,2,10,-8
6077586,6261681,3,1,2
4394642,8407533,1,5,-4
4394642,8407533,4,10,-6
4394642,8407533,5,9,-4
4394642,8407533,11,6,5
5040045,8643104,5,5,0
6515464,7796066,5,8,-3
6515464,7796066,12,6,6
4365035,4680058,1,12,-11
4365035,4680058,2,5,-3
4365035,4680058,3,1,2
4365035,4680058,7,3,4
4365035,4680058,9,2,7
6195622,7089497,3,2,1
6195622,7089497,6,1,5
4001967,7607257,4,2,2
6496540,7295554,3,4,-1
6496540,7295554,6,10,-4
6496540,7295554,12,1,11
6527786,8568416,4,5,-1
5628806,6228134,1,1,0
5628806,6228134,4,2,2
7129222,8202688,10,6,4
7131061,8005720,1,5,-4
4744816,4948416,1,3,-2
4744816,4948416,2,2,0
4744816,4948416,10,5,5
4744816,4948416,13,7,6
7602301,7821407,1,1,0
7602301,7821407,2,2,0
7602301,7821407,3,3,0
7602301,7821407,4,4,0
7602301,7821407,5,5,0
7602301,7821407,6,6,0
7602301,7821407,7,7,0
7602301,7821407,8,8,0
7602301,7821407,9,9,0
7602301,7821407,10,10,0
7602301,7821407,11,11,0
7602301,7821407,12,12,0
7602301,7821407,13,13,0
6189612,7932834,8,8,0
7235815,8567992,1,1,0
7235815,8567992,3,6,-3
5490572,8338016,1,4,-3
5490572,8338016,2,2,0
5490572,8338016,11,5,6
5556739,6555303,1,2,-1
5556739,6555303,2,4,-2
5556739,6555303,7,11,-4
4834492,6625372,3,1,2
4026143,5113558,2,5,-3
4026143,5113558,3,4,-1
6185608,7636765,2,4,-2
6185608,7636765,8,2,6
5272889,6450907,1,2,-1
5272889,6450907,4,1,3
5272889,6450907,5,4,1
4820141,5480468,2,1,1
4820141,5480468,12,8,4
4914343,7812509,1,2,-1
4914343,7812509,2,5,-3
4914343,7812509,6,1,5
6321267,7249162,2,2,0
6321267,7249162,4,9,-5
6321267,7249162,10,7,3
7150097,8187273,1,1,0
6645842,8332799,2,11,-9
6883775,8474255,6,4,2
6883775,8474255,9,1,8
4711245,4836904,9,6,3
4393991,4662568,3,1,2
4393991,4662568,6,9,-3
4433732,6313405,1,8,-7
4433732,6313405,4,3,1
4433732,6313405,5,2,3
5243209,7692220,4,5,-1
5243209,7692220,6,1,5
5416833,7006603,1,2,-1
5416833,7006603,7,12,-5
5416833,7006603,8,10,-2
6625356,7079725,4,2,2
6628269,8325145,7,12,-5
6628269,8325145,8,2,6
6628269,8325145,12,5,7
6944910,8413295,1,5,-4
6944910,8413295,2,1,1
6944910,8413295,5,2,3
6944910,8413295,6,9,-3
6944910,8413295,12,3,9
5066188,6561742,1,9,-8
5066188,6561742,2,7,-5
5066188,6561742,3,11,-8
5066188,6561742,11,5,6
5066188,6561742,13,1,12
5506171,7871931,2,3,-1
5506171,7871931,4,2,2
5506171,7871931,8,4,4
4981085,7077068,1,11,-10
4981085,7077068,2,4,-2
4981085,7077068,4,6,-2
4981085,7077068,8,7,1
4981085,7077068,13,8,5
4106841,8167630,6,1,5
4106841,8167630,7,5,2
6620173,8396598,2,7,-5
6620173,8396598,5,1,4
6620173,8396598,10,5,5
6285564,8559178,12,7,5
6378357,8191632,1,5,-4
6378357,8191632,3,1,2
6277014,6494984,1,6,-5
6277014,6494984,7,11,-4
6277014,6494984,10,1,9
4687483,7846204,1,3,-2
4687483,7846204,3,2,1
4953583,8109285,4,3,1
4953583,8109285,5,9,-4
4953583,8109285,7,7,0
4953583,8109285,13,8,5
6526322,6930634,1,1,0
6526322,6930634,2,2,0
6526322,6930634,3,3,0
6526322,6930634,4,4,0
6526322,6930634,5,5,0
6526322,6930634,6,6,0
6526322,6930634,7,7,0
6526322,6930634,8,8,0
6526322,6930634,9,9,0
6526322,6930634,10,10,0
6526322,6930634,11,11,0
6526322,6930634,12,12,0
6526322,6930634,13,13,0
6648906,8328792,2,5,-3
4182822,7521488,8,2,6
7420809,8026587,1,1,0
7420809,8026587,3,5,-2
7420809,8026587,4,8,-4
7420809,8026587,10,7,3
4139051,6901997,1,5,-4
4139051,6901997,4,3,1
4139051,6901997,11,2,9
4677286,6285787,11,7,4
4096361,4278848,1,3,-2
4096361,4278848,3,13,-10
6542632,7974465,5,2,3
6073049,8548595,3,2,1
6934855,8327417,4,6,-2
6934855,8327417,11,8,3
6081816,6868524,1,1,0
6081816,6868524,3,13,-10
6081816,6868524,12,6,6
4722511,7421746,2,1,1
4983191,8245978,2,5,-3
4454717,7610927,4,2,2
4591669,6249147,12,8,4
7055747,7568626,6,1,5
5558834,7025774,1,12,-11
6974475,8540762,3,1,2
5042951,7978337,5,7,-2
4796417,7043892,1,1,0
5080674,6991597,6,1,5
6222772,6862222,1,1,0
6222772,6862222,5,7,-2
6222772,6862222,8,8,0
4652998,7909692,2,1,1
4652998,7909692,4,10,-6
6442250,8244669,3,2,1
6442250,8244669,4,3,1
4169063,5244590,9,3,6
4169063,5244590,12,5,7
4169063,5244590,13,6,7
6433420,8508023,7,13,-6
4291085,4393088,9,1,8
4159365,4699746,1,7,-6
4159365,4699746,4,1,3
4159365,4699746,9,8,1
6890546,7691401,2,8,-6
6890546,7691401,3,5,-2
6890546,7691401,6,1,5
6397330,8386768,6,2,4
6397330,8386768,9,1,8
5155343,5627360,4,3,1
5155343,5627360,8,7,1
5480612,7459278,5,5,0
5480612,7459278,9,6,3
4231314,7424859,4,4,0
4231314,7424859,5,12,-7
4540763,5391650,2,5,-3
4575430,5099667,2,1,1
4575430,5099667,4,5,-1
4966239,7165629,2,1,1
4966239,7165629,7,10,-3
5185861,7392511,13,9,4
5420062,6953718,2,5,-3
5420062,6953718,6,1,5
5420062,6953718,12,10,2
6361268,7472786,3,2,1
6361268,7472786,7,3,4
6361268,7472786,10,10,0
7046001,8485862,6,1,5
4717386,6648857,3,3,0
4717386,6648857,4,4,0
6127942,6442210,1,5,-4
6853704,8189739,2,7,-5
4779616,8425536,1,2,-1
4779616,8425536,8,9,-1
7317699,8737957,1,2,-1
7317699,8737957,10,8,2
7317699,8737957,13,9,4
5278839,6535438,1,8,-7
5278839,6535438,3,10,-7
4460235,4612602,3,3,0
4460235,4612602,8,10,-2
6667939,7051251,4,10,-6
6667939,7051251,9,1,8
4209557,5014644,6,5,1
6867349,8324181,2,9,-7
6867349,8324181,5,2,3
4088362,4427229,3,13,-10
3953566,4701362,1,3,-2
4880380,8356993,4,6,-2
4880380,8356993,7,9,-2
4880380,8356993,8,3,5
4880380,8356993,10,8,2
7018081,7380959,2,2,0
7018081,7380959,5,3,2
4858778,6293420,1,2,-1
4858778,6293420,6,1,5
4992221,5181940,2,2,0
4992221,5181940,5,9,-4
4992221,5181940,6,13,-7
4992221,5181940,8,7,1
5548712,6266721,8,6,2
5646649,6532148,11,12,-1
5066213,6180047,1,1,0
5066213,6180047,10,3,7
3980152,6490854,4,10,-6
3980152,6490854,10,9,1
6841985,7792649,7,3,4
7234641,8629926,6,2,4
7359974,8244883,9,2,7
7264627,8282577,4,1,3
7264627,8282577,10,5,5
4099740,4706988,1,7,-6
4099740,4706988,3,4,-1
4099740,4706988,9,5,4
4099740,4706988,12,6,6
4099740,4706988,13,2,11
6424947,7853531,9,9,0
5194335,7195853,2,4,-2
5194335,7195853,7,13,-6
4611835,7770941,3,1,2
4611835,7770941,8,2,6
4212443,4281384,3,2,1
4520398,4805022,1,2,-1
4520398,4805022,3,3,0
5277652,7971369,1,6,-5
5277652,7971369,8,4,4
5277652,7971369,9,5,4
5190807,8152377,1,4,-3
5190807,8152377,6,10,-4
5190807,8152377,12,12,0
6650640,8724496,1,5,-4
6650640,8724496,3,7,-4
4766927,4934405,2,3,-1
4451083,4561695,12,12,0
7235424,8471391,11,12,-1
4630796,5396535,1,4,-3
4630796,5396535,4,1,3
4630796,5396535,8,7,1
4630796,5396535,11,9,2
4192545,7090293,1,1,0
4192545,7090293,2,8,-6
7344311,8342769,1,1,0
7344311,8342769,7,8,-1
6229200,7057280,5,1,4
6229200,7057280,12,9,3
5404292,7344496,1,12,-11
5404292,7344496,7,2,5
7081424,7524785,1,1,0
7081424,7524785,3,5,-2
7081424,7524785,4,2,2
7081424,7524785,5,4,1
7081424,7524785,8,3,5
5554993,6263280,6,4,2
6121552,7463454,2,3,-1
6121644,7129588,2,3,-1
6121644,7129588,13,13,0
6074916,7675782,4,2,2
6074916,7675782,6,11,-5
6074916,7675782,7,12,-5
5566099,7724168,9,13,-4
5566099,7724168,13,4,9
7433439,7923860,2,13,-11
7433439,7923860,7,8,-1
4339113,5009134,4,1,3
4339113,5009134,9,5,4
4548628,6454986,1,2,-1
4548628,6454986,2,4,-2
4548628,6454986,5,12,-7
3993223,8196573,1,2,-1
5177439,7616016,2,1,1
5177439,7616016,3,6,-3
5621859,6957184,2,1,1
5621859,6957184,4,6,-2
5621859,6957184,7,4,3
4297737,5099367,2,2,0
4297737,5099367,4,12,-8
4297737,5099367,12,4,8
6068859,8007827,2,2,0
6068859,8007827,3,1,2
6068859,8007827,8,9,-1
4722870,5108435,2,1,1
4722870,5108435,3,8,-5
4722870,5108435,8,5,3
6160489,7599719,9,1,8
3952701,4266328,1,5,-4
3952701,4266328,2,2,0
3952701,4266328,3,1,2
3952701,4266328,4,10,-6
4289792,5310978,1,1,0
4289792,5310978,4,4,0
4731499,8552275,2,6,-4
4731499,8552275,3,3,0
4731499,8552275,4,2,2
4731499,8552275,6,5,1
6930680,7098705,2,8,-6
6930680,7098705,3,4,-1
6930680,7098705,7,2,5
6930680,7098705,8,1,7
4915226,8015622,2,2,0
4915226,8015622,3,9,-6
4915226,8015622,10,1,9
4915226,8015622,12,4,8
6304903,7073020,8,5,3
5131823,7661582,6,12,-6
7460291,8736949,3,6,-3
6624640,8089288,1,1,0
6624640,8089288,4,3,1
6624640,8089288,6,11,-5
4896768,6305531,2,1,1
4896768,6305531,4,6,-2
4954681,5304766,10,5,5
5177681,5630623,1,11,-10
5177681,5630623,2,6,-4
5177681,5630623,7,7,0
6619920,7011499,1,3,-2
6619920,7011499,2,4,-2
6619920,7011499,3,5,-2
7192349,8206210,3,1,2
7192349,8206210,6,3,3
7192349,8206210,12,7,5
6178162,8363535,4,8,-4
6178162,8363535,7,1,6
4802740,5381256,3,3,0
4802740,5381256,5,4,1
4802740,5381256,7,9,-2
6355341,7312253,3,1,2
6355341,7312253,4,3,1
6355341,7312253,6,9,-3
6355341,7312253,7,2,5
4319000,4814357,1,3,-2
4319000,4814357,4,1,3
3967874,4466049,1,3,-2
3967874,4466049,2,1,1
3967874,4466049,9,13,-4
3967874,4466049,10,8,2
7152111,8103751,2,5,-3
7152111,8103751,4,9,-5
7152111,8103751,5,2,3
7905700,8423175,1,4,-3
5421402,6243263,2,10,-8
5421402,6243263,4,1,3
5421402,6243263,9,5,4
6492950,7015861,2,7,-5
6492950,7015861,3,5,-2
6492950,7015861,4,2,2
6492950,7015861,5,9,-4
7408576,8619165,1,2,-1
7408576,8619165,3,6,-3
7408576,8619165,10,9,1
5625887,6073016,1,2,-1
5625887,6073016,4,9,-5
5625887,6073016,9,4,5
7106017,7715215,2,2,0
7106017,7715215,13,10,3
7565403,8751500,1,12,-11
5132899,8533080,7,11,-4
5347169,7362148,8,2,6
5053957,8121899,2,7,-5
4564073,4987959,4,8,-4
4564073,4987959,10,1,9
4178159,8105409,1,1,0
4178159,8105409,5,9,-4
4848374,7078018,1,3,-2
5389096,6443974,1,8,-7
5389096,6443974,8,1,7
7118120,8146935,3,6,-3
7118120,8146935,10,5,5
6321141,8352143,1,4,-3
3966251,6918632,1,2,-1
3966251,6918632,2,4,-2
3966251,6918632,6,12,-6
4949298,5019970,2,1,1
4949298,5019970,12,4,8
5117168,7017224,1,1,0
5117168,7017224,3,4,-1
4624713,6632291,1,2,-1
4624713,6632291,4,6,-2
7887027,8523127,2,1,1
7887027,8523127,12,3,9
7887027,8523127,13,5,8
5420980,8432406,2,2,0
5420980,8432406,3,3,0
7766918,8277510,5,6,-1
6066971,7126394,2,1,1
6066971,7126394,4,5,-1
5296277,6911243,1,2,-1
5296277,6911243,2,9,-7
6386634,8096615,1,9,-8
6386634,8096615,2,4,-2
6386634,8096615,11,3,8
6386634,8096615,13,8,5
5217583,5397450,1,2,-1
5217583,5397450,12,3,9
5217583,5397450,13,1,12
6135349,7103570,1,11,-10
6135349,7103570,2,6,-4
6135349,7103570,3,1,2
6135349,7103570,5,2,3
6135349,7103570,8,9,-1
5341499,6377991,3,3,0
6073986,7677630,1,1,0
6073986,7677630,4,3,1
4230701,8426391,1,11,-10
4230701,8426391,10,8,2
7643420,8072886,1,1,0
7643420,8072886,2,2,0
7643420,8072886,3,3,0
7643420,8072886,4,4,0
7643420,8072886,5,5,0
7643420,8072886,6,6,0
7643420,8072886,7,7,0
7643420,8072886,8,8,0
7643420,8072886,9,9,0
7643420,8072886,10,10,0
7643420,8072886,11,11,0
7643420,8072886,12,12,0
7643420,8072886,13,13,0
6454708,7161484,8,8,0
6454708,7161484,10,7,3
7816592,8273974,1,1,0
7816592,8273974,2,4,-2
7816592,8273974,5,9,-4
7816592,8273974,6,3,3
6256771,8141099,10,9,1
6256771,8141099,12,11,1
4088395,7957054,3,6,-3
5608095,6548699,11,9,2
5450365,8395954,3,13,-10
5450365,8395954,5,7,-2
5450365,8395954,6,6,0
5450365,8395954,8,4,4
4540051,6216785,3,8,-5
4540051,6216785,5,13,-8
4792922,5406512,2,3,-1
4792922,5406512,3,8,-5
4792922,5406512,4,5,-1
4792922,5406512,7,1,6
4792922,5406512,11,7,4
5066041,7130735,1,2,-1
5066041,7130735,3,5,-2
5066041,7130735,4,8,-4
5066041,7130735,6,7,-1
5256863,7996320,4,4,0
5258006,8641640,4,4,0
5258006,8641640,5,10,-5
5328468,8088100,1,1,0
5328468,8088100,5,2,3
4246438,4489217,1,8,-7
4246438,4489217,9,2,7
7630628,8503790,5,1,4
7630628,8503790,11,5,6
5191645,7584417,9,10,-1
4206755,6881551,4,1,3
5453707,6906564,2,1,1
5453707,6906564,13,5,8
6161113,7756816,7,1,6
7725747,8074087,1,3,-2
7725747,8074087,2,1,1
7725747,8074087,3,9,-6
4762129,5383853,2,5,-3
4762129,5383853,3,1,2
5396350,6306563,4,4,0
5631603,7898313,1,1,0
5631603,7898313,2,3,-1
5631603,7898313,4,10,-6
5631603,7898313,5,13,-8
4358545,8641926,12,8,4
4452866,5587029,1,1,0
4452866,5587029,3,2,1
4452866,5587029,4,5,-1
6322589,7438723,2,6,-4
5082345,5257335,4,5,-1
5082345,5257335,7,1,6
5082345,5257335,10,2,8
5403315,7708778,6,3,3
7090673,8641713,1,1,0
7090673,8641713,2,7,-5
7090673,8641713,4,9,-5
7090673,8641713,6,5,1
7090673,8641713,12,13,-1
4423803,5320202,2,8,-6
4423803,5320202,3,1,2
4423803,5320202,5,6,-1
4423803,5320202,7,7,0
4423803,5320202,8,13,-5
4692146,6981977,9,13,-4
4692146,6981977,11,9,2
4815193,5619781,7,9,-2
4960734,7354652,11,4,7
4960734,7354652,12,13,-1
7167463,8553644,6,1,5
7167463,8553644,7,3,4
5095833,7854208,9,2,7
6322538,8425451,2,5,-3
6322538,8425451,13,11,2
4486244,4618382,1,2,-1
4486244,4618382,7,3,4
4486244,4618382,11,1,10
4486244,4618382,12,10,2
6085169,8200514,3,12,-9
6085169,8200514,10,2,8
6553559,8089098,13,9,4
6278981,7640201,4,1,3
5641699,6320234,1,6,-5
5641699,6320234,2,5,-3
5641699,6320234,3,11,-8
5641699,6320234,5,10,-5
5641699,6320234,11,3,8
5088675,8657521,7,4,3
6130463,6475844,1,1,0
6130463,6475844,2,2,0
6130463,6475844,3,3,0
6130463,6475844,4,4,0
6130463,6475844,5,5,0
6130463,6475844,6,6,0
6130463,6475844,7,7,0
6130463,6475844,8,8,0
6130463,6475844,9,9,0
6130463,6475844,10,10,0
6130463,6475844,11,11,0
6130463,6475844,12,12,0
6130463,6475844,13,13,0
6627067,7969079,3,2,1
7194291,7941195,1,1,0
7194291,7941195,2,2,0
7194291,7941195,3,3,0
7194291,7941195,4,4,0
7194291,7941195,5,5,0
7194291,7941195,6,6,0
7194291,7941195,7,7,0
7194291,7941195,8,8,0
7194291,7941195,9,9,0
7194291,7941195,10,10,0
7194291,7941195,11,11,0
7194291,7941195,12,12,0
7194291,7941195,13,13,0
6993532,8028038,7,4,3
6993532,8028038,13,1,12
5186629,6097371,3,4,-1
5186629,6097371,10,11,-1
5358493,6994700,3,9,-6
5358493,6994700,13,4,9
6557648,8622148,2,12,-10
6895265,8644934,4,3,1
5272313,6549441,1,9,-8
5272313,6549441,2,3,-1
5272313,6549441,4,6,-2
6206860,7758566,12,6,6
5342224,7309263,3,6,-3
5342224,7309263,5,9,-4
5342224,7309263,13,3,10
6483165,7872355,4,2,2
6483165,7872355,8,4,4
6329950,6900766,1,9,-8
6329950,6900766,6,3,3
6329950,6900766,11,8,3
5249586,7185659,11,2,9
5249586,7185659,12,3,9
5249586,7185659,13,11,2
6294398,7393599,3,8,-5
6294398,7393599,5,3,2
6523414,8539672,1,2,-1
5089748,7221104,13,1,12
6468293,8551140,1,5,-4
6468293,8551140,3,6,-3
4248409,5551354,5,2,3
4248409,5551354,8,7,1
5138953,6385493,5,1,4
6238869,8568971,4,12,-8
5160918,8188970,10,2,8
5592089,7193494,1,5,-4
5592089,7193494,2,2,0
5592089,7193494,4,10,-6
5592089,7193494,6,11,-5
5592089,7193494,7,4,3
6523104,7932912,1,12,-11
6523104,7932912,8,3,5
5061569,6545409,7,7,0
5061569,6545409,12,6,6
4140108,7824343,1,2,-1
4140108,7824343,2,5,-3
6501988,7016729,8,3,5
6501988,7016729,9,10,-1
5476958,7939693,8,10,-2
4287617,5201770,2,4,-2
4287617,5201770,3,5,-2
4287617,5201770,5,3,2
5412427,6154493,2,3,-1
5412427,6154493,12,12,0
5654665,6498518,2,6,-4
5454824,8663246,2,6,-4
5454824,8663246,7,2,5
5454824,8663246,13,10,3
5036493,5241665,1,1,0
5036493,5241665,2,2,0
5036493,5241665,3,3,0
6889135,8693523,2,5,-3
7089250,8285668,1,2,-1
7089250,8285668,8,3,5
4681335,5343958,2,6,-4
4681335,5343958,4,2,2
4681335,5343958,6,4,2
6284236,7666989,10,8,2
4821605,6487883,1,1,0
4821605,6487883,2,12,-10
4821605,6487883,3,4,-1
4821605,6487883,11,2,9
4415872,4547888,6,11,-5
4415872,4547888,12,9,3
5558629,7488303,5,4,1
5558629,7488303,6,9,-3
5558629,7488303,10,5,5
5230338,7699854,10,1,9
6534414,7060569,1,2,-1
6534414,7060569,7,3,4
6534414,7060569,9,1,8
6132072,7195382,2,4,-2
4607753,4961295,2,1,1
4607753,4961295,9,11,-2
4692851,5121314,1,1,0
4692851,5121314,7,12,-5
4692851,5121314,8,10,-2
4692851,5121314,13,13,0
4839785,5070432,7,9,-2
4839785,5070432,9,6,3
7233132,8125207,1,11,-10
7233132,8125207,11,1,10
7233132,8125207,12,2,10
7348295,8642822,5,8,-3
6295541,7643824,3,8,-5
5521705,7995205,3,2,1
5020868,6481812,1,1,0
5020868,6481812,2,4,-2
5020868,6481812,3,11,-8
5020868,6481812,5,3,2
5020868,6481812,6,2,4
5020868,6481812,9,5,4
4606039,5420883,3,9,-6
4606039,5420883,5,10,-5
7801836,8099453,5,4,1
6173377,7194487,1,2,-1
6173377,7194487,5,5,0
6173377,7194487,12,4,8
7319743,7752569,2,3,-1
6342434,8664771,13,3,10
5013038,7889865,4,9,-5
4953957,5428480,1,3,-2
4953957,5428480,3,1,2
4953957,5428480,5,6,-1
4953957,5428480,7,2,5
7073578,7441603,3,11,-8
7073578,7441603,5,7,-2
5647127,7186223,1,4,-3
5647127,7186223,2,1,1
5647127,7186223,5,3,2
5382311,6500299,5,2,3
5382311,6500299,9,6,3
5382311,6500299,12,12,0
7161890,7450486,1,7,-6
7161890,7450486,3,3,0
7161890,7450486,8,1,7
5559043,6885389,5,6,-1
5559043,6885389,6,5,1
5559043,6885389,9,2,7
5559043,6885389,12,3,9
4367474,4709239,3,2,1
4367474,4709239,4,13,-9
6065061,7047273,13,4,9
6931745,7395606,5,3,2
4789804,5334303,1,2,-1
4789804,5334303,12,11,1
6324024,8570493,10,9,1
7729447,8514976,1,2,-1
7729447,8514976,2,11,-9
3937807,4663154,3,1,2
3937807,4663154,5,7,-2
3937807,4663154,7,3,4
3937807,4663154,11,5,6
4295513,7094303,2,6,-4
4295513,7094303,4,3,1
4295513,7094303,7,12,-5
6101083,7030482,2,12,-10
5142616,5477241,5,5,0
5142616,5477241,11,8,3
4758244,7282072,2,9,-7
4758244,7282072,6,10,-4
4758244,7282072,8,11,-3
5160513,7651543,4,8,-4
7456533,8519586,1,8,-7
7456533,8519586,4,1,3
7456533,8519586,6,4,2
7456533,8519586,7,5,2
7456533,8519586,8,7,1
7456533,8519586,9,9,0
6184743,7009444,1,8,-7
6184743,7009444,3,1,2
6184743,7009444,6,3,3
6184743,7009444,7,10,-3
6184743,7009444,8,6,2
6184743,7009444,11,4,7
4569391,4872578,2,1,1
4569391,4872578,6,2,4
4569391,4872578,11,4,7
4569391,4872578,13,13,0
4262387,6383069,1,3,-2
6532357,7623896,1,1,0
6532357,7623896,6,9,-3
6532357,7623896,7,3,4
6532357,7623896,8,4,4
6275490,8671145,1,3,-2
6275490,8671145,5,7,-2
6275490,8671145,12,5,7
4490829,5016256,2,5,-3
4490829,5016256,11,1,10
4490829,5016256,13,10,3
6478414,7273269,2,8,-6
4375312,7684107,2,5,-3
4375312,7684107,3,8,-5
4375312,7684107,5,4,1
4375312,7684107,8,9,-1
7071545,8704381,1,1,0
7071545,8704381,7,6,1
7071545,8704381,8,4,4
7071545,8704381,9,8,1
7071545,8704381,12,9,3
5491743,7724277,11,3,8
5491743,7724277,12,9,3
6999353,7522441,3,2,1
4848717,5243851,2,2,0
6256620,7170993,4,6,-2
6075526,7392532,1,5,-4
5214442,8210635,8,6,2
6067858,8061201,1,1,0
4919568,6419421,1,1,0
4919568,6419421,3,2,1
4267778,8683924,12,11,1
6214547,8258102,1,3,-2
6214547,8258102,4,2,2
6214547,8258102,6,10,-4
6214547,8258102,7,7,0
5177496,6081239,5,3,2
4936823,7662082,2,12,-10
6285853,8059314,2,4,-2
6285853,8059314,4,11,-7
6285853,8059314,5,3,2
6285853,8059314,6,13,-7
4534758,8701696,9,4,5
6133613,6858523,5,4,1
6133613,6858523,7,3,4
5626359,8678429,4,2,2
6870566,7379090,2,2,0
4165818,4682710,6,4,2
6226447,8538241,2,3,-1
6226447,8538241,3,7,-4
5160547,5308403,1,1,0
5160547,5308403,2,2,0
5160547,5308403,12,8,4
7462386,8277706,5,4,1
7645755,7973035,1,1,0
7645755,7973035,2,2,0
7645755,7973035,3,3,0
7645755,7973035,4,4,0
7645755,7973035,5,5,0
7645755,7973035,6,6,0
7645755,7973035,7,7,0
7645755,7973035,8,10,-2
7645755,7973035,9,11,-2
7645755,7973035,10,12,-2
7645755,7973035,11,13,-2
5521915,6076112,7,9,-2
6147572,6900763,3,3,0
6147572,6900763,5,1,4
6147572,6900763,8,4,4
6147572,6900763,9,11,-2
6147572,6900763,11,6,5
4998539,7058456,12,10,2
4236451,4928597,4,9,-5
4236451,4928597,9,4,5
4064568,4224696,7,1,6
4043355,5269171,3,7,-4
6391058,7329283,6,5,1
4877609,7044518,3,3,0
4877609,7044518,10,7,3
7395547,8565578,1,2,-1
7395547,8565578,8,13,-5
5015581,5192676,2,2,0
5015581,5192676,3,6,-3
4289165,7905292,2,4,-2
4289165,7905292,4,11,-7
4289165,7905292,6,3,3
6910951,7074115,4,5,-1
4085016,7273599,1,2,-1
4085016,7273599,3,5,-2
4085016,7273599,10,1,9
5050091,6182020,1,1,0
6094586,6438390,3,6,-3
4902889,6723989,5,8,-3
5523645,8169123,4,2,2
5523645,8169123,5,12,-7
5523645,8169123,13,10,3
4123688,6570304,1,1,0
4123688,6570304,2,2,0
4123688,6570304,3,8,-5
4123688,6570304,10,11,-1
4301684,5652389,6,7,-1
5307263,8364231,5,7,-2
5601447,6217344,1,5,-4
5601447,6217344,4,2,2
4251797,5617086,3,2,1
4867757,5248318,1,6,-5
6984277,8211524,1,1,0
6984277,8211524,5,2,3
6984277,8211524,10,12,-2
6238686,8668867,8,2,6
4919934,8414906,4,8,-4
6324053,8370549,1,1,0
4893930,7295493,1,9,-8
4893930,7295493,3,13,-10
4893930,7295493,5,1,4
4893930,7295493,6,12,-6
4599815,6618971,5,2,3
4599815,6618971,10,6,4
5055579,6486227,7,8,-1
5098107,6609975,5,5,0
5383905,5643295,1,1,0
5383905,5643295,6,6,0
4319032,7062421,11,11,0
4291341,4845525,1,1,0
4291341,4845525,3,8,-5
4291341,4845525,11,2,9
4639991,5281062,1,6,-5
4639991,5281062,2,9,-7
4639991,5281062,3,3,0
4639991,5281062,4,2,2
6499013,7725321,7,4,3
4714684,5456763,3,13,-10
4714684,5456763,9,12,-3
4714684,5456763,12,7,5
4756201,6451259,1,3,-2
4756201,6451259,8,6,2
6884185,8162780,2,7,-5
5064147,8375646,1,1,0
7118564,7972332,4,12,-8
4337568,6131683,11,4,7
4415523,5302327,2,2,0
4682279,4829447,9,6,3
6905638,8741186,1,1,0
6905638,8741186,2,4,-2
6905638,8741186,3,3,0
6905638,8741186,9,13,-4
4243182,7775468,7,6,1
5231516,5343304,1,1,0
5231516,5343304,10,2,8
5231516,5343304,12,11,1
5312520,6096700,8,12,-4
5409009,7734348,1,2,-1
6988293,8382872,1,8,-7
6988293,8382872,2,2,0
6988293,8382872,4,4,0
5615362,7143156,1,5,-4
5615362,7143156,8,9,-1
4858919,5324247,1,3,-2
4858919,5324247,6,11,-5
6555917,8134227,6,6,0
6555917,8134227,8,7,1
5628528,7343862,6,5,1
5628528,7343862,9,6,3
5628528,7343862,13,13,0
6600733,6879583,1,1,0
6600733,6879583,3,4,-1
6600733,6879583,4,3,1
6845507,7730212,3,1,2
6845507,7730212,7,2,5
6941508,7587674,4,6,-2
6276606,7100832,1,3,-2
6276606,7100832,2,4,-2
4664511,5485679,3,4,-1
4664511,5485679,6,1,5
6144948,8484093,1,6,-5
4905221,6118824,3,12,-9
4905221,6118824,5,1,4
4905221,6118824,6,2,4
5640982,8122898,1,5,-4
5640982,8122898,3,2,1
6371242,8397865,12,5,7
4421761,4704460,8,6,2
5024798,5318429,3,4,-1
7726538,8540129,1,2,-1
7726538,8540129,6,5,1
4540265,5574337,1,1,0
7145530,8063859,6,5,1
7145530,8063859,8,10,-2
4760861,5518016,3,1,2
4760861,5518016,11,5,6
7236284,8164821,7,11,-4
5078019,5252970,1,2,-1
5078019,5252970,8,4,4
6514199,8419593,3,2,1
6855985,7825488,13,3,10
4360927,5369783,3,13,-10
4360927,5369783,4,8,-4
4360927,5369783,11,3,8
5301881,6086000,1,1,0
5301881,6086000,7,7,0
5301881,6086000,12,8,4
6226650,7206796,1,3,-2
6226650,7206796,2,1,1
6226650,7206796,3,6,-3
6226650,7206796,10,2,8
6226650,7206796,13,11,2
5027427,6374311,5,2,3
5027427,6374311,13,11,2
5037361,7481736,1,4,-3
4571609,6465852,4,7,-3
4571609,6465852,7,9,-2
4571609,6465852,9,6,3
4571609,6465852,12,13,-1
7391897,8442296,2,4,-2
7391897,8442296,4,5,-1
7391897,8442296,5,6,-1
7391897,8442296,6,8,-2
7391897,8442296,7,9,-2
7391897,8442296,8,3,5
6441915,7551326,1,8,-7
6096335,7037520,2,2,0
7286247,7688456,1,1,0
7286247,7688456,2,2,0
7286247,7688456,3,3,0
7286247,7688456,4,6,-2
7286247,7688456,5,4,1
7286247,7688456,6,5,1
7286247,7688456,7,7,0
7286247,7688456,9,8,1
7286247,7688456,10,9,1
7286247,7688456,11,10,1
7286247,7688456,12,11,1
7286247,7688456,13,12,1
5060993,5345795,5,2,3
5060993,5345795,6,4,2
5281920,7595643,1,1,0
6172450,6548968,3,1,2
6172450,6548968,7,5,2
6172450,6548968,8,4,4
6172450,6548968,9,11,-2
6172450,6548968,12,2,10
7636982,8661605,2,1,1
7636982,8661605,6,2,4
4638195,7098567,2,6,-4
4638195,7098567,8,1,7
4638195,7098567,10,5,5
4638195,7098567,12,2,10
7039005,8463120,1,5,-4
7039005,8463120,4,2,2
7039005,8463120,6,11,-5
7039005,8463120,12,12,0
5640945,6604518,5,5,0
5064552,8066902,9,2,7
5064552,8066902,11,8,3
4107242,5216734,1,2,-1
4107242,5216734,6,4,2
4107242,5216734,11,3,8
4758493,5482805,2,3,-1
4758493,5482805,3,6,-3
4758493,5482805,7,9,-2
4758493,5482805,12,12,0
6156581,8026581,4,2,2
6156581,8026581,10,8,2
6156581,8026581,12,12,0
6086858,8067350,2,2,0
4498582,5549197,2,6,-4
6263314,6643625,1,3,-2
6263314,6643625,4,2,2
7576738,8605989,6,10,-4
7576738,8605989,7,4,3
4988344,8273939,3,6,-3
4988344,8273939,12,2,10
4234184,7015300,1,1,0
4234184,7015300,2,4,-2
4234184,7015300,5,11,-6
6860886,7704254,5,1,4
5049132,5338298,1,2,-1
5049132,5338298,3,4,-1
5049132,5338298,5,9,-4
5049132,5338298,8,8,0
5049132,5338298,11,6,5
4521854,7479859,4,4,0
6614274,7587019,4,1,3
7666094,8684824,1,6,-5
7666094,8684824,2,2,0
7666094,8684824,4,1,3
7666094,8684824,7,3,4
5021438,5648356,4,2,2
4977593,8103589,9,4,5
7207831,7789710,1,2,-1
7207831,7789710,2,1,1
7207831,7789710,3,4,-1
7207831,7789710,4,6,-2
7207831,7789710,12,11,1
4688884,6430337,8,1,7
4688884,6430337,9,3,6
5030201,5269787,2,8,-6
6545656,7768488,1,1,0
6545656,7768488,2,2,0
6545656,7768488,3,4,-1
6545656,7768488,4,3,1
6545656,7768488,5,5,0
6545656,7768488,6,6,0
6545656,7768488,7,7,0
6545656,7768488,8,8,0
6545656,7768488,9,9,0
6545656,7768488,10,10,0
6545656,7768488,11,11,0
6545656,7768488,12,12,0
6440596,8480923,5,5,0
5015451,7055334,2,1,1
4917800,7879213,12,11,1
6227612,6557924,2,12,-10
6227612,6557924,7,4,3
5285875,8276719,3,9,-6
5285875,8276719,4,7,-3
5285875,8276719,11,6,5
5364095,8096902,2,12,-10
4464123,5002061,1,7,-6
4464123,5002061,2,2,0
4464123,5002061,5,1,4
4464123,5002061,8,8,0
4464123,5002061,12,13,-1
7495369,8426933,1,3,-2
7495369,8426933,3,5,-2
7495369,8426933,5,7,-2
7495369,8426933,12,2,10
6839515,7996594,4,2,2
4132863,6385253,7,13,-6
5133079,7831204,3,8,-5
4063559,6578499,2,4,-2
4674044,7660762,3,1,2
5063267,6075074,3,8,-5
5063267,6075074,4,2,2
6093194,7651521,1,1,0
6093194,7651521,4,4,0
6093194,7651521,11,7,4
5237505,8453335,3,3,0
5237505,8453335,11,1,10
5051912,6580049,6,4,2
5051912,6580049,12,10,2
6148422,7047475,2,5,-3
6148422,7047475,5,4,1
5085661,7402133,7,13,-6
5057098,6063050,7,5,2
4632871,5160560,1,2,-1
4632871,5160560,7,3,4
4051924,4765443,1,2,-1
4051924,4765443,2,10,-8
4051924,4765443,9,5,4
7797751,8700076,13,3,10
5019996,5236477,4,10,-6
5019996,5236477,5,5,0
6562038,7695499,8,1,7
6562038,7695499,11,5,6
5589742,6429603,1,1,0
5589742,6429603,2,2,0
5589742,6429603,3,12,-9
5546445,8036201,4,9,-5
5124585,5396128,2,11,-9
5124585,5396128,4,2,2
5124585,5396128,13,1,12
6271782,7738619,3,13,-10
6271782,7738619,4,7,-3
6271782,7738619,6,8,-2
7883142,8109561,1,3,-2
7883142,8109561,6,5,1
7883142,8109561,13,7,6
5030960,6573858,11,4,7
4286561,5595156,1,1,0
4286561,5595156,4,4,0
4286561,5595156,5,7,-2
5632131,6536489,12,1,11
5403330,7641694,12,13,-1
7752135,8700530,4,10,-6
5244667,7151139,1,11,-10
5244667,7151139,9,1,8
4885836,5577315,1,3,-2
7132714,8257566,7,1,6
4130881,7853455,3,7,-4
4130881,7853455,8,2,6
7089307,7953877,2,8,-6
7089307,7953877,9,13,-4
5216868,7429304,3,1,2
6426806,7412602,5,10,-5
5440493,6529793,1,13,-12
5517575,6184924,5,7,-2
4488855,5247736,1,9,-8
4488855,5247736,2,7,-5
4488855,5247736,3,11,-8
4488855,5247736,4,2,2
4488855,5247736,9,6,3
7203548,8041428,3,11,-8
7133453,7221403,1,2,-1
7133453,7221403,2,6,-4
7133453,7221403,6,12,-6
7133453,7221403,8,1,7
4356452,7760022,3,4,-1
4356452,7760022,4,5,-1
4356452,7760022,10,6,4
5596742,6542844,5,4,1
5596742,6542844,8,6,2
6264561,7722453,1,1,0
6264561,7722453,8,2,6
4409977,4747403,2,3,-1
4409977,4747403,4,8,-4
6415580,7905062,6,1,5
6246683,7284070,2,13,-11
6246683,7284070,5,10,-5
6246683,7284070,11,11,0
8102205,8587373,1,1,0
8102205,8587373,3,2,1
8102205,8587373,5,12,-7
8102205,8587373,8,10,-2
8102205,8587373,9,4,5
4204977,7544253,10,10,0
4978537,8455033,2,4,-2
4978537,8455033,4,7,-3
4978537,8455033,8,9,-1
5499971,7072711,2,4,-2
5499971,7072711,5,8,-3
4355325,5049984,2,13,-11
4355325,5049984,5,6,-1
5424329,7557135,9,4,5
5008120,6607761,2,3,-1
5008120,6607761,3,4,-1
5008120,6607761,5,1,4
6997923,8323253,1,1,0
6997923,8323253,2,7,-5
6997923,8323253,10,3,7
6654683,7439969,1,11,-10
4463276,4733118,1,2,-1
7648006,8607938,1,1,0
7648006,8607938,3,3,0
7648006,8607938,4,6,-2
4213734,4616973,1,3,-2
4213734,4616973,2,5,-3
5132257,5246894,2,2,0
5132257,5246894,6,5,1
5132257,5246894,11,10,1
6193673,7674232,3,1,2
4725081,7055869,5,7,-2
4725081,7055869,7,13,-6
6422298,6505679,3,2,1
6422298,6505679,9,1,8
6422298,6505679,10,11,-1
5162794,6498972,5,1,4
4257416,4687475,2,3,-1
4257416,4687475,6,2,4
4780675,4950991,2,6,-4
6404762,8370436,1,2,-1
6404762,8370436,3,1,2
5059296,7093593,1,8,-7
5059296,7093593,5,6,-1
4371408,4419155,4,12,-8
5579776,7390302,2,1,1
5579776,7390302,3,3,0
5579776,7390302,4,4,0
5124134,8012436,4,1,3
5124134,8012436,13,2,11
4977901,7678143,1,13,-12
4977901,7678143,3,3,0
7283823,8358754,3,2,1
5556484,6383306,3,6,-3
5556484,6383306,10,7,3
6480568,7200203,5,6,-1
6480568,7200203,13,3,10
5403249,6309325,1,3,-2
6444109,8349393,3,1,2
6444109,8349393,4,7,-3
6444109,8349393,10,4,6
5286762,6093768,2,1,1
5286762,6093768,9,2,7
7087328,8181943,1,2,-1
7087328,8181943,3,8,-5
7087328,8181943,7,9,-2
4459395,4814255,11,5,6
5100668,6894022,3,2,1
5100668,6894022,5,3,2
7152115,7774500,1,7,-6
7152115,7774500,4,5,-1
7152115,7774500,8,8,0
7152115,7774500,9,12,-3
7152115,7774500,11,6,5
5410218,6166490,1,1,0
5410218,6166490,2,2,0
5410218,6166490,11,5,6
4894723,8223244,2,9,-7
4894723,8223244,3,10,-7
4894723,8223244,7,1,6
5147606,6451188,12,6,6
7532192,8059110,3,4,-1
7532192,8059110,4,13,-9
7532192,8059110,5,5,0
4919223,6460616,1,5,-4
4919223,6460616,8,6,2
4919223,6460616,9,7,2
4925445,7798980,2,2,0
4925445,7798980,4,3,1
4925445,7798980,5,4,1
4105007,4419711,13,4,9
6640784,7412970,8,1,7
6640784,7412970,9,2,7
6640784,7412970,13,3,10
5252969,6617981,7,11,-4
5252969,6617981,8,7,1
5252969,6617981,11,1,10
4634263,5395102,4,3,1
4634263,5395102,5,13,-8
4634263,5395102,9,9,0
4403069,4662836,3,3,0
4403069,4662836,4,2,2
4403069,4662836,9,8,1
4047041,4392237,1,1,0
6195650,7197598,1,1,0
6195650,7197598,6,6,0
6623183,7682066,11,8,3
4989287,8281443,2,3,-1
4989287,8281443,3,1,2
4989287,8281443,9,7,2
6099862,6475521,5,10,-5
4140366,7942590,2,6,-4
4140366,7942590,3,1,2
4140366,7942590,4,10,-6
4140366,7942590,8,2,6
4676514,6962344,4,1,3
4676514,6962344,7,4,3
4676514,6962344,11,7,4
5010894,6981972,2,7,-5
6876793,7630643,1,3,-2
6876793,7630643,4,2,2
6876793,7630643,8,4,4
6876793,7630643,13,8,5
6455083,8337935,3,3,0
6661867,7813540,5,5,0
6661867,7813540,10,10,0
6661867,7813540,11,13,-2
4326921,4770846,4,8,-4
4326921,4770846,11,5,6
7041868,8735644,1,3,-2
7041868,8735644,2,1,1
7041868,8735644,3,11,-8
7041868,8735644,5,13,-8
7041868,8735644,8,6,2
6157808,7881471,12,5,7
4622733,6212757,2,5,-3
4622733,6212757,3,1,2
4622733,6212757,5,8,-3
4622733,6212757,13,3,10
6133874,7672404,5,10,-5
6133874,7672404,13,4,9
3955825,4088342,1,2,-1
4698947,6318040,1,9,-8
4698947,6318040,2,5,-3
4698947,6318040,8,12,-4
5366906,7056807,1,1,0
5366906,7056807,5,11,-6
6371955,7758576,2,3,-1
6371955,7758576,12,12,0
7614710,7887168,5,4,1
7614710,7887168,9,7,2
5323051,7027202,1,2,-1
4024864,4976696,2,2,0
5033248,6122888,4,11,-7
5033248,6122888,9,5,4
7003167,7657108,8,4,4
5452899,8647194,4,5,-1
5452899,8647194,6,9,-3
5452899,8647194,10,2,8
5452899,8647194,13,1,12
7216055,7433795,4,12,-8
6849051,7670328,1,3,-2
6849051,7670328,3,1,2
6232144,7463474,6,12,-6
4494881,4919505,1,6,-5
4494881,4919505,2,5,-3
4494881,4919505,8,8,0
4494881,4919505,12,13,-1
6351967,7337620,2,7,-5
6351967,7337620,3,1,2
6351967,7337620,6,4,2
4846218,8671975,1,1,0
4846218,8671975,9,3,6
4846218,8671975,12,2,10
5364403,8308810,1,1,0
5364403,8308810,2,2,0
5184179,5300980,13,3,10
6381303,7103142,1,2,-1
6381303,7103142,2,3,-1
7267174,8522874,3,1,2
7267174,8522874,4,13,-9
6273710,7699603,3,2,1
6273710,7699603,4,1,3
4983898,5057993,1,1,0
4983898,5057993,2,3,-1
4983898,5057993,3,2,1
4983898,5057993,4,7,-3
6343486,7131294,1,6,-5
6343486,7131294,6,13,-7
6343486,7131294,7,3,4
7485456,8330026,7,11,-4
6633630,7441027,2,3,-1
6633630,7441027,12,1,11
6325810,7967179,1,6,-5
6325810,7967179,2,1,1
6325810,7967179,10,11,-1
6355509,6893503,1,11,-10
6355509,6893503,5,2,3
6355509,6893503,6,7,-1
6355509,6893503,7,12,-5
6355509,6893503,8,8,0
6355509,6893503,9,3,6
4171338,4272474,2,2,0
4171338,4272474,3,7,-4
4171338,4272474,9,4,5
4171338,4272474,13,1,12
5575770,8273295,7,4,3
8465791,8711338,1,1,0
8465791,8711338,2,2,0
8465791,8711338,3,3,0
8465791,8711338,4,4,0
8465791,8711338,5,5,0
8465791,8711338,6,6,0
8465791,8711338,7,7,0
8465791,8711338,8,8,0
8465791,8711338,9,9,0
8465791,8711338,10,10,0
8465791,8711338,11,11,0
8465791,8711338,12,12,0
8465791,8711338,13,13,0
6433842,8023055,7,12,-5
4957110,5549109,1,1,0
4423868,6561930,1,1,0
4423868,6561930,2,5,-3
4423868,6561930,4,11,-7
4575138,4679836,1,2,-1
4524724,5327853,2,3,-1
4524724,5327853,3,2,1
4524724,5327853,5,11,-6
4524724,5327853,6,8,-2
4382441,8007491,5,7,-2
5354618,6506495,5,5,0
7712958,8449181,1,2,-1
7712958,8449181,9,4,5
4266108,4977013,12,9,3
5167512,6239386,2,1,1
5167512,6239386,3,3,0
6554485,7826706,1,13,-12
6554485,7826706,10,11,-1
4395402,5145872,8,3,5
4395402,5145872,10,6,4
4339762,6485128,1,11,-10
4339762,6485128,7,5,2
4339762,6485128,13,10,3
5487729,7971341,5,10,-5
7191216,8099519,5,2,3
7191216,8099519,12,5,7
4257447,4693447,1,11,-10
4257447,4693447,2,13,-11
7423817,8189276,2,1,1
7423817,8189276,3,8,-5
7423817,8189276,4,5,-1
7423817,8189276,6,4,2
7423817,8189276,8,10,-2
7423817,8189276,9,7,2
4396062,8729440,3,8,-5
4396062,8729440,5,3,2
3978779,4822628,1,6,-5
3978779,4822628,13,2,11
4147320,4702452,4,5,-1
4883973,6365983,3,5,-2
4883973,6365983,4,7,-3
4883973,6365983,12,10,2
4771464,6208698,1,3,-2
4771464,6208698,2,11,-9
6363485,8639915,4,2,2
6363485,8639915,6,3,3
6322548,7736327,4,12,-8
6322548,7736327,9,2,7
5531114,6494089,1,1,0
5531114,6494089,5,5,0
5431562,7850451,4,4,0
6852968,7719685,1,8,-7
6852968,7719685,8,1,7
4938220,6544225,7,4,3
7684815,8185584,2,3,-1
6304015,8672611,1,13,-12
5539748,7684799,1,3,-2
5539748,7684799,4,11,-7
7083304,8680457,1,1,0
7083304,8680457,3,2,1
7083304,8680457,12,6,6
7240219,7752391,3,8,-5
7240219,7752391,12,6,6
5644383,6081319,2,2,0
5644383,6081319,3,6,-3
5644383,6081319,4,1,3
5644383,6081319,7,9,-2
6311164,7505919,1,6,-5
6311164,7505919,2,2,0
6262838,8478073,1,2,-1
6262838,8478073,8,4,4
5504172,8669326,8,9,-1
4154342,7909249,5,6,-1
4154342,7909249,10,1,9
6464145,7048196,3,10,-7
6464145,7048196,6,1,5
5296016,6093479,1,9,-8
5296016,6093479,2,5,-3
5296016,6093479,3,2,1
5296016,6093479,6,6,0
5296016,6093479,11,12,-1
8167461,8434909,1,1,0
8167461,8434909,2,2,0
8167461,8434909,3,8,-5
8167461,8434909,4,3,1
8167461,8434909,6,6,0
8167461,8434909,9,9,0
8167461,8434909,10,5,5
4722691,7066741,6,11,-5
4722691,7066741,10,1,9
4848467,8006760,2,1,1
4848467,8006760,4,9,-5
4848467,8006760,10,6,4
4848467,8006760,13,12,1
6473146,7990512,2,11,-9
6473146,7990512,4,8,-4
6473146,7990512,5,10,-5
4426086,5078410,4,10,-6
4426086,5078410,9,1,8
5646660,7484823,10,9,1
7947776,8202623,9,1,8
7947776,8202623,12,11,1
4560105,5071321,1,11,-10
6488973,6896919,1,1,0
6488973,6896919,2,2,0
6488973,6896919,3,4,-1
6488973,6896919,4,3,1
6488973,6896919,5,5,0
6488973,6896919,6,6,0
6488973,6896919,7,8,-1
6488973,6896919,8,9,-1
6488973,6896919,9,10,-1
6488973,6896919,10,11,-1
6488973,6896919,11,12,-1
6488973,6896919,12,13,-1
4069870,4687517,1,1,0
4069870,4687517,2,3,-1
4818329,6502616,1,1,0
4818329,6502616,4,10,-6
4818329,6502616,5,7,-2
6944031,8535219,5,1,4
4892491,5278570,4,11,-7
4892491,5278570,7,8,-1
4892491,5278570,12,6,6
4424724,7775974,9,1,8
4424724,7775974,10,7,3
6553908,7320282,2,1,1
6553908,7320282,3,3,0
6553908,7320282,4,11,-7
6553908,7320282,8,12,-4
5024558,7910034,2,1,1
7408883,8619596,11,10,1
5379398,7340549,3,2,1
5379398,7340549,5,10,-5
5480155,7066839,1,2,-1
5480155,7066839,2,1,1
6498355,8212279,5,4,1
6498355,8212279,7,3,4
6498355,8212279,11,6,5
4187051,5300869,2,8,-6
4187051,5300869,5,2,3
5270064,7572476,6,3,3
6119823,6536695,1,1,0
6119823,6536695,12,3,9
4325260,5261369,5,4,1
4325260,5261369,13,9,4
7146573,7478326,1,1,0
7146573,7478326,10,3,7
5072347,7591570,2,7,-5
4998972,7610081,9,3,6
4998972,7610081,10,6,4
4963530,6730669,6,10,-4
4963530,6730669,11,5,6
5342309,8579866,1,9,-8
5342309,8579866,3,12,-9
5342309,8579866,4,1,3
5342309,8579866,10,2,8
5342309,8579866,13,13,0
6651043,7657424,1,5,-4
6651043,7657424,10,7,3
6511428,8608672,1,6,-5
6511428,8608672,5,2,3
6318994,7354268,6,6,0
6318994,7354268,10,13,-3
6318994,7354268,12,11,1
5301744,6637232,2,1,1
6486615,7411359,1,1,0
6486615,7411359,2,3,-1
6486615,7411359,5,8,-3
6486615,7411359,6,2,4
6486615,7411359,12,6,6
6524161,7100514,5,3,2
6524161,7100514,7,9,-2
6921243,8410623,1,3,-2
6921243,8410623,5,2,3
6921243,8410623,6,1,5
6921243,8410623,7,6,1
6921243,8410623,9,12,-3
7186904,7956248,2,2,0
7186904,7956248,3,3,0
7186904,7956248,4,4,0
7186904,7956248,5,5,0
7186904,7956248,7,9,-2
7186904,7956248,8,12,-4
7186904,7956248,9,11,-2
7186904,7956248,11,7,4
7186904,7956248,12,8,4
3935525,4045720,1,1,0
3935525,4045720,2,3,-1
3935525,4045720,3,2,1
3935525,4045720,7,13,-6
3935525,4045720,9,6,3
3935525,4045720,13,12,1
6384654,8330630,4,8,-4
6384654,8330630,7,9,-2
5596564,6160952,1,6,-5
5596564,6160952,3,4,-1
5596564,6160952,8,12,-4
4811410,5617209,8,9,-1
4811410,5617209,10,3,7
4534479,6439411,1,6,-5
4534479,6439411,6,10,-4
4534479,6439411,7,2,5
4534479,6439411,10,13,-3
7646161,8082062,1,1,0
7646161,8082062,6,6,0
5480508,7455002,3,2,1
6297636,6927576,2,1,1
6297636,6927576,7,6,1
6297636,6927576,11,2,9
7293260,8370821,7,1,6
6512207,8546732,1,5,-4
6512207,8546732,4,12,-8
6512207,8546732,6,4,2
6512207,8546732,9,13,-4
4178390,4391830,1,1,0
6991248,8128119,1,4,-3
6991248,8128119,3,6,-3
4549872,8062140,1,8,-7
7109486,8362425,5,2,3
7109486,8362425,6,3,3
6364745,7379174,1,11,-10
4303543,4824582,7,4,3
6446092,8131739,5,5,0
4984647,5299650,1,1,0
4984647,5299650,4,2,2
4644142,4777353,2,4,-2
4644142,4777353,6,13,-7
4644142,4777353,7,3,4
4644142,4777353,8,1,7
6311794,8170780,5,8,-3
6311794,8170780,11,1,10
6311794,8170780,13,9,4
6914449,7684262,2,9,-7
6914449,7684262,10,8,2
5389069,6939862,3,6,-3
5389069,6939862,4,4,0
6097441,8438596,6,13,-7
3942499,4132207,1,2,-1
6465351,7060569,2,2,0
6465351,7060569,9,9,0
6465351,7060569,11,10,1
6249059,7615894,5,8,-3
5424220,7659086,3,8,-5
5424220,7659086,5,1,4
5424220,7659086,12,4,8
6074263,7513684,2,1,1
6074263,7513684,3,2,1
4123465,4465634,5,2,3
5615207,7065600,2,1,1
5615207,7065600,9,13,-4
5615207,7065600,13,8,5
5187594,6067406,1,4,-3
5187594,6067406,13,3,10
5399844,7362229,1,13,-12
5399844,7362229,4,2,2
5399844,7362229,8,6,2
6501566,6937365,2,2,0
6501566,6937365,4,1,3
6501566,6937365,5,3,2
6501566,6937365,12,6,6
4283879,6089952,4,3,1
4283879,6089952,6,1,5
5300729,7786372,1,11,-10
5418955,6550019,1,5,-4
5418955,6550019,2,1,1
5418955,6550019,4,2,2
5418955,6550019,5,8,-3
6549376,7684154,1,4,-3
6549376,7684154,4,1,3
4636220,6228124,1,5,-4
4636220,6228124,2,8,-6
4636220,6228124,4,12,-8
4617671,5528012,1,7,-6
6301454,7139499,6,9,-3
6301454,7139499,7,13,-6
6301454,7139499,10,12,-2
5589160,7063833,2,1,1
5589160,7063833,6,6,0
6339766,7698221,1,3,-2
6339766,7698221,3,6,-3
6066848,6621076,1,1,0
6066848,6621076,3,2,1
6066848,6621076,4,11,-7
6066848,6621076,5,4,1
4886275,6616551,1,6,-5
4886275,6616551,2,3,-1
5076466,6929147,1,6,-5
5566339,6163849,6,12,-6
5414697,6552999,1,12,-11
5414697,6552999,6,7,-1
6306014,7413500,2,1,1
6306014,7413500,13,11,2
4455523,4692680,1,2,-1
5177604,7864248,7,8,-1
7183789,7580807,1,1,0
7183789,7580807,4,13,-9
7183789,7580807,5,9,-4
3977285,5138921,2,3,-1
3977285,5138921,11,10,1
5654818,7242481,2,2,0
5654818,7242481,6,8,-2
6941635,7255523,1,1,0
6941635,7255523,2,6,-4
6941635,7255523,3,7,-4
6941635,7255523,4,4,0
6941635,7255523,5,3,2
5525067,7789716,9,5,4
5101795,5261377,1,5,-4
5101795,5261377,10,2,8
5038022,8600888,4,11,-7
5285794,7074196,4,4,0
5285794,7074196,7,13,-6
5285794,7074196,11,1,10
6906585,7929989,11,5,6
7076008,8160122,5,5,0
7076008,8160122,12,3,9
6859831,7760109,2,2,0
7289374,7977989,7,6,1
7289374,7977989,12,8,4
7289374,7977989,13,11,2
6236243,7106129,1,2,-1
6236243,7106129,3,10,-7
4275046,4714601,13,6,7
6582593,8591731,1,12,-11
6582593,8591731,3,7,-4
6582593,8591731,4,5,-1
6582593,8591731,6,1,5
6582593,8591731,7,8,-1
6582593,8591731,12,13,-1
8152041,8608045,4,5,-1
4888105,5330736,2,1,1
4783623,5049810,1,3,-2
5067145,7607832,13,7,6
3939264,5276022,3,3,0
3939264,5276022,10,1,9
4829442,8478442,2,13,-11
6558133,8348632,7,3,4
6551268,8262691,4,8,-4
6600229,7009281,11,5,6
4445939,7588645,3,10,-7
6287783,7815854,1,4,-3
6287783,7815854,5,6,-1
6287783,7815854,6,7,-1
6287783,7815854,12,10,2
6287783,7815854,13,13,0
7333163,8439552,1,6,-5
7333163,8439552,4,5,-1
7333163,8439552,7,9,-2
7333163,8439552,8,2,6
7333163,8439552,10,4,6
7333163,8439552,11,1,10
6931234,8275321,10,1,9
3963189,4138700,1,2,-1
3963189,4138700,2,1,1
3963189,4138700,4,8,-4
6911084,7582891,7,9,-2
5256989,6331795,3,1,2
5256989,6331795,7,7,0
4007728,4299202,4,2,2
4007728,4299202,7,5,2
4007728,4299202,9,3,6
6642017,7491517,3,1,2
5314492,7674293,1,2,-1
3982065,8046791,4,8,-4
4570615,8121681,7,3,4
5037434,7981153,5,9,-4
5037434,7981153,10,11,-1
4816011,5234384,7,7,0
4816011,5234384,8,8,0
4816011,5234384,9,10,-1
4211352,4549344,1,13,-12
4211352,4549344,3,1,2
4211352,4549344,10,2,8
6898547,8538725,2,1,1
6062186,7532972,4,3,1
3982498,4328762,1,2,-1
3982498,4328762,3,1,2
3982498,4328762,5,4,1
6460692,6944943,7,1,6
6460692,6944943,11,9,2
5109107,7297347,7,3,4
6256648,7661135,1,2,-1
6256648,7661135,11,12,-1
4145460,5504993,4,1,3
4145460,5504993,5,6,-1
4145460,5504993,6,12,-6
4145460,5504993,7,13,-6
5159592,7089324,1,6,-5
5159592,7089324,2,1,1
5159592,7089324,4,7,-3
5159592,7089324,13,3,10
6346092,7766820,2,2,0
6346092,7766820,5,7,-2
6064177,7597570,8,12,-4
5010051,6171556,1,13,-12
5010051,6171556,7,5,2
5010051,6171556,11,1,10
5010051,6171556,13,7,6
4390432,7175760,1,2,-1
4390432,7175760,12,13,-1
8279372,8743338,1,3,-2
4543867,5411511,2,3,-1
4543867,5411511,3,4,-1
4543867,5411511,5,13,-8
5141063,8130117,1,3,-2
5141063,8130117,3,1,2
5141063,8130117,8,9,-1
4815763,5226674,3,2,1
4815763,5226674,5,6,-1
4434234,5192688,1,7,-6
4434234,5192688,2,6,-4
4631130,8163524,11,5,6
5400430,8240774,4,4,0
5092877,6554858,3,8,-5
5092877,6554858,4,11,-7
5092877,6554858,7,7,0
5092877,6554858,11,3,8
5063441,7643748,1,2,-1
3947005,5480128,2,10,-8
3947005,5480128,6,12,-6
4415943,7355301,1,1,0
4415943,7355301,6,11,-5
6322625,7160763,1,2,-1
6662023,8385880,2,1,1
4724963,6341703,1,3,-2
4724963,6341703,2,1,1
4724963,6341703,3,2,1
4853101,5205911,3,8,-5
4685211,5023695,13,11,2
4187771,4357862,2,2,0
4187771,4357862,5,5,0
4871557,7629008,5,5,0
4871557,7629008,6,10,-4
6861731,8336786,6,13,-7
6861731,8336786,7,12,-5
6099155,8466780,1,7,-6
6099155,8466780,3,1,2
6099155,8466780,4,11,-7
6099155,8466780,5,10,-5
6099155,8466780,9,13,-4
5276652,6459611,1,7,-6
5276652,6459611,2,6,-4
5276652,6459611,5,1,4
4866637,7184059,1,7,-6
4866637,7184059,6,2,4
4866637,7184059,10,8,2
5338225,8469739,4,3,1
5338225,8469739,6,2,4
5338225,8469739,7,1,6
5478353,8206284,5,6,-1
5478353,8206284,10,11,-1
5595396,6168183,1,1,0
5595396,6168183,12,3,9
6366999,7036001,4,10,-6
4010512,4374445,1,1,0
4010512,4374445,2,2,0
4010512,4374445,11,4,7
5433991,6486233,2,2,0
5433991,6486233,3,11,-8
5321655,7716538,1,8,-7
5321655,7716538,2,1,1
5321655,7716538,13,7,6
6612984,8540632,3,6,-3
6907383,7680460,1,2,-1
6907383,7680460,13,5,8
6372608,7727854,3,3,0
6372608,7727854,7,1,6
4198010,5566901,1,1,0
4198010,5566901,2,7,-5
4198010,5566901,13,4,9
5478353,7850797,12,5,7
4549472,5314376,3,1,2
4549472,5314376,6,3,3
6135325,7198176,1,7,-6
6135325,7198176,4,10,-6
6135325,7198176,6,5,1
6135325,7198176,7,4,3
5488236,6121089,10,1,9
6442789,7620476,2,1,1
6442789,7620476,8,8,0
6442789,7620476,9,5,4
4298253,7390091,2,3,-1
4298253,7390091,6,4,2
4298253,7390091,7,11,-4
4573754,7063575,1,2,-1
4573754,7063575,5,10,-5
4668651,8461394,7,5,2
4668651,8461394,9,11,-2
5345935,7712807,1,1,0
6268642,7936064,1,9,-8
6268642,7936064,2,1,1
7077446,8504198,11,2,9
7077446,8504198,12,4,8
5144503,8009531,1,1,0
5144503,8009531,10,2,8
4638921,6848595,9,11,-2
4024233,4410507,2,3,-1
4024233,4410507,6,10,-4
4024233,4410507,10,4,6
7141564,7709472,4,9,-5
7141564,7709472,5,2,3
7141564,7709472,6,3,3
7141564,7709472,7,4,3
7141564,7709472,10,5,5
6871186,7721310,2,3,-1
6871186,7721310,4,8,-4
7496070,7848654,1,5,-4
4333863,5618341,11,11,0
5633360,8445229,5,5,0
4948212,5376807,1,9,-8
4948212,5376807,2,4,-2
4948212,5376807,12,8,4
4281936,7070319,7,3,4
4281936,7070319,8,12,-4
7270274,8292183,1,3,-2
7270274,8292183,8,6,2
4202337,6464695,4,11,-7
7113266,8507279,3,2,1
6210276,7473176,1,2,-1
6445822,7634800,13,11,2
4958785,6513743,3,1,2
4958785,6513743,7,11,-4
4958785,6513743,9,2,7
4360863,4989948,9,2,7
7092242,7649730,2,2,0
7092242,7649730,3,8,-5
7092242,7649730,7,6,1
6416200,7872430,1,4,-3
5128450,5463029,8,3,5
5115588,7941957,1,5,-4
5115588,7941957,3,1,2
5063542,7864629,2,5,-3
5063542,7864629,9,3,6
5063542,7864629,11,2,9
4328850,4721143,1,8,-7
4328850,4721143,2,4,-2
4328850,4721143,6,3,3
7487739,8272343,1,1,0
7487739,8272343,2,2,0
7487739,8272343,3,4,-1
7487739,8272343,4,5,-1
7487739,8272343,6,8,-2
7487739,8272343,7,9,-2
7487739,8272343,8,6,2
7487739,8272343,11,11,0
7487739,8272343,12,12,0
8108555,8752176,9,9,0
5521378,7148471,1,4,-3
5521378,7148471,2,7,-5
5521378,7148471,5,5,0
5521378,7148471,6,1,5
5521378,7148471,9,2,7
5521378,7148471,12,10,2
6452120,8465473,4,2,2
6602135,8292720,3,5,-2
6602135,8292720,4,6,-2
6602135,8292720,5,1,4
6179873,8267997,2,3,-1
6179873,8267997,8,11,-3
4666551,6662841,3,8,-5
4666551,6662841,4,7,-3
4641176,7239029,1,8,-7
7331931,8435190,1,2,-1
7331931,8435190,2,5,-3
7331931,8435190,3,10,-7
7331931,8435190,5,1,4
5255214,6262885,6,2,4
5255214,6262885,10,8,2
5505003,7054775,2,3,-1
5505003,7054775,7,1,6
6184903,8384723,1,7,-6
6397409,7055187,1,6,-5
5552893,8089617,3,3,0
5552893,8089617,5,4,1
5552893,8089617,7,5,2
3959291,5064838,7,8,-1
3959291,5064838,11,13,-2
7505344,8477524,1,2,-1
7505344,8477524,2,5,-3
7505344,8477524,3,1,2
7505344,8477524,9,6,3
7505344,8477524,10,3,7
7505344,8477524,13,12,1
4994066,7182779,1,5,-4
5320708,6503848,1,2,-1
5320708,6503848,3,10,-7
5320708,6503848,7,6,1
5320708,6503848,8,8,0
5442844,8573578,3,8,-5
5442844,8573578,5,2,3
5489281,8328734,3,12,-9
5489281,8328734,4,1,3
6566704,7915539,1,1,0
6566704,7915539,3,2,1
6359393,8223117,2,2,0
6359393,8223117,13,3,10
6405727,7621273,6,4,2
7147656,8574282,1,1,0
7147656,8574282,2,2,0
7147656,8574282,3,3,0
7147656,8574282,4,4,0
7147656,8574282,5,5,0
7147656,8574282,6,6,0
7147656,8574282,7,7,0
7147656,8574282,8,8,0
7147656,8574282,9,9,0
7147656,8574282,10,10,0
7147656,8574282,11,11,0
7147656,8574282,12,12,0
7147656,8574282,13,13,0
6381380,7693361,1,4,-3
6456436,7095561,2,10,-8
6456436,7095561,6,5,1
6487056,6934132,1,3,-2
6487056,6934132,6,1,5
6493768,7120157,3,7,-4
4166253,4329189,3,5,-2
4166253,4329189,6,13,-7
4002435,4465494,1,2,-1
4002435,4465494,3,3,0
4002435,4465494,6,11,-5
4002435,4465494,8,4,4
4002435,4465494,11,7,4
6413395,7431814,1,10,-9
6413395,7431814,5,3,2
4111697,5393655,2,4,-2
4111697,5393655,3,5,-2
4111697,5393655,6,3,3
4111697,5393655,9,8,1
4111697,5393655,10,7,3
4111697,5393655,11,11,0
4111697,5393655,12,13,-1
7256294,8288550,1,1,0
7256294,8288550,2,2,0
7256294,8288550,3,3,0
7256294,8288550,4,4,0
7256294,8288550,5,5,0
7256294,8288550,6,6,0
7256294,8288550,7,7,0
7256294,8288550,8,8,0
7256294,8288550,9,9,0
7256294,8288550,10,10,0
7256294,8288550,11,11,0
7256294,8288550,12,12,0
7256294,8288550,13,13,0
6657665,8314870,1,1,0
6657665,8314870,2,8,-6
7296754,8386722,9,1,8
4072931,4755792,3,6,-3
4336532,4864139,1,2,-1
4336532,4864139,13,12,1
6660935,7946729,1,1,0
6660935,7946729,6,11,-5
6660935,7946729,13,3,10
6064759,7201936,7,5,2
4156170,7158900,7,5,2
5435870,6610117,2,3,-1
6513025,7996339,1,1,0
6513025,7996339,2,3,-1
6513025,7996339,6,12,-6
5547769,6274200,1,3,-2
5547769,6274200,7,8,-1
5372660,6514289,6,6,0
4158330,5267506,1,5,-4
4158330,5267506,4,7,-3
4158330,5267506,6,1,5
4158330,5267506,7,12,-5
6356112,8264044,6,5,1
6356112,8264044,7,1,6
5126966,5493672,2,1,1
5126966,5493672,3,11,-8
4790504,5569895,4,3,1
4790504,5569895,5,4,1
7346500,7653534,9,5,4
4573359,7104316,5,9,-4
3966067,6071058,1,12,-11
6218961,8340836,2,3,-1
5360064,7426960,5,12,-7
5360064,7426960,7,3,4
4892244,5106008,5,10,-5
3940431,4009199,1,2,-1
3940431,4009199,2,1,1
3940431,4009199,4,3,1
3940431,4009199,7,8,-1
3940431,4009199,10,9,1
4282093,4544489,12,1,11
4957497,6206882,2,1,1
4957497,6206882,6,3,3
6049689,6356727,6,2,4
5490049,6619825,1,7,-6
6326883,8547801,2,5,-3
7131037,7895146,2,9,-7
7339743,8711328,7,7,0
7339743,8711328,9,10,-1
7339743,8711328,11,4,7
5461845,6292986,1,5,-4
5461845,6292986,6,2,4
4207159,4313810,2,5,-3
4207159,4313810,3,2,1
4207159,4313810,7,1,6
4207159,4313810,8,9,-1
6261163,7147543,2,4,-2
5383652,7976266,1,2,-1
5383652,7976266,4,7,-3
5383652,7976266,7,5,2
4424132,8313954,2,5,-3
4424132,8313954,3,8,-5
6424688,6611893,6,2,4
6424688,6611893,10,9,1
6440803,7608504,10,2,8
6440803,7608504,11,5,6
6440803,7608504,12,4,8
3993564,6277176,3,2,1
4175234,6515267,1,1,0
6295031,7329942,12,3,9
6964757,7767867,9,4,5
5550984,6075796,4,10,-6
6235441,8512925,1,9,-8
6235441,8512925,8,1,7
6235441,8512925,9,4,5
6182221,8478992,1,4,-3
6182221,8478992,3,7,-4
4055176,7879014,4,2,2
4055176,7879014,7,6,1
4055176,7879014,10,5,5
6611241,7486255,1,9,-8
6611241,7486255,2,4,-2
6611241,7486255,3,2,1
6611241,7486255,7,8,-1
6611241,7486255,13,3,10
4855240,7247500,5,6,-1
4855240,7247500,7,1,6
7138420,8703780,2,10,-8
7138420,8703780,11,6,5
6290069,7228971,7,3,4
6290069,7228971,12,2,10
7273799,8329532,1,5,-4
7273799,8329532,8,6,2
7273799,8329532,10,7,3
6177708,7105391,4,4,0
6177708,7105391,7,7,0
5376931,6078268,3,10,-7
5376931,6078268,5,6,-1
5376931,6078268,9,4,5
5376931,6078268,10,5,5
6857470,8587109,3,9,-6
6636197,8706270,13,3,10
7619486,7724016,1,12,-11
7619486,7724016,5,7,-2
5294248,7214736,6,1,5
5294248,7214736,8,7,1
5294248,7214736,10,8,2
5294248,7214736,12,11,1
5294248,7214736,13,12,1
4769870,4862794,10,4,6
4356865,7757757,7,2,5
4356865,7757757,12,7,5
7122409,8524618,1,7,-6
4631542,5164729,1,5,-4
4631542,5164729,2,2,0
4631542,5164729,3,1,2
4631542,5164729,4,6,-2
4631542,5164729,6,8,-2
4631542,5164729,8,12,-4
4379016,6869494,1,6,-5
6238273,6579799,10,5,5
6098226,7296366,6,3,3
6098226,7296366,11,11,0
7719446,7949699,1,13,-12
7719446,7949699,3,11,-8
7719446,7949699,8,8,0
5342722,6077639,2,12,-10
5342722,6077639,6,2,4
5342722,6077639,12,3,9
5306280,8486092,3,9,-6
6270508,8679114,6,10,-4
5640867,6505490,2,1,1
5640867,6505490,3,11,-8
5640867,6505490,6,10,-4
5640867,6505490,12,12,0
6144656,8457104,5,4,1
6144656,8457104,7,8,-1
6144656,8457104,8,9,-1
5623550,8174234,1,4,-3
5305829,6966372,12,1,11
5290640,5569554,1,2,-1
5290640,5569554,2,3,-1
5290640,5569554,3,1,2
5290640,5569554,4,5,-1
5290640,5569554,5,4,1
5290640,5569554,6,10,-4
5290640,5569554,7,7,0
5290640,5569554,9,13,-4
4893928,8427642,2,1,1
4893928,8427642,4,8,-4
6229949,8515232,1,7,-6
6229949,8515232,2,6,-4
6229949,8515232,12,2,10
5336647,6656901,6,6,0
5142573,5333176,1,2,-1
6220754,7670051,2,4,-2
6220754,7670051,13,7,6
5596213,7037860,1,8,-7
5596213,7037860,7,11,-4
5494035,7106056,2,7,-5
5311745,6631618,1,11,-10
5311745,6631618,4,9,-5
5311745,6631618,5,6,-1
6094736,6615289,7,5,2
6094736,6615289,10,6,4
6094736,6615289,12,12,0
4935891,6519055,8,4,4
7437166,8331965,3,4,-1
7437166,8331965,13,5,8
7008427,7645295,1,1,0
7008427,7645295,8,5,3
7008427,7645295,13,6,7
6508344,7188715,2,2,0
6508344,7188715,8,9,-1
5412655,6529523,2,2,0
5412655,6529523,4,8,-4
5452712,6990691,7,3,4
4073556,6170926,1,11,-10
6420260,6944922,5,2,3
6525213,8481778,1,5,-4
6525213,8481778,7,4,3
6525213,8481778,10,10,0
4778707,5139849,1,3,-2
4778707,5139849,3,2,1
4778707,5139849,4,6,-2
4778707,5139849,7,4,3
6319782,8207042,4,5,-1
6319782,8207042,12,2,10
3946391,8410990,1,1,0
6174235,7963845,1,9,-8
6174235,7963845,4,7,-3
4877914,5292719,9,10,-1
6634887,8109765,2,6,-4
7441236,8103762,1,5,-4
5334137,6238363,1,1,0
7198249,8382063,1,2,-1
7198249,8382063,6,11,-5
7198249,8382063,10,12,-2
4491900,5440658,1,3,-2
5367815,6651374,5,2,3
5367815,6651374,13,1,12
4394496,4684700,1,11,-10
5374155,6551050,1,2,-1
5374155,6551050,2,11,-9
5374155,6551050,3,8,-5
5374155,6551050,6,1,5
5374155,6551050,7,6,1
6374437,8056160,5,3,2
4052804,6336068,2,1,1
4798175,7679517,9,4,5
5412717,7152221,1,12,-11
5412717,7152221,6,3,3
5446752,6493371,8,1,7
5446752,6493371,12,6,6
5395750,6090912,4,1,3
5395750,6090912,7,2,5
5342186,7419365,2,1,1
5342186,7419365,4,10,-6
5342186,7419365,8,7,1
5342186,7419365,11,6,5
4063463,6321903,1,2,-1
4063463,6321903,9,6,3
5272309,6997767,1,4,-3
5272309,6997767,2,6,-4
5272309,6997767,9,11,-2
5417203,7815091,3,1,2
5417203,7815091,4,5,-1
5417203,7815091,11,9,2
5417203,7815091,12,10,2
5170243,6222275,6,3,3
5170243,6222275,12,9,3
5170243,6222275,13,2,11
4297247,6491976,2,1,1
7417568,8229820,1,3,-2
6084969,6938156,2,4,-2
6084969,6938156,6,6,0
6084969,6938156,7,1,6
6169791,6532366,4,3,1
6169791,6532366,6,1,5
6169791,6532366,8,12,-4
6492699,7858446,6,2,4
6492699,7858446,10,6,4
6920194,8743932,1,4,-3
6920194,8743932,2,7,-5
6969989,7920350,1,8,-7
6969989,7920350,2,7,-5
6969989,7920350,12,2,10
6352558,8036729,2,1,1
6352558,8036729,7,4,3
6352558,8036729,9,6,3
6274937,7224056,1,3,-2
6274937,7224056,6,1,5
4680734,5267210,2,4,-2
4680734,5267210,4,1,3
4680734,5267210,10,10,0
6444335,6844075,4,1,3
6444335,6844075,9,4,5
6444335,6844075,10,5,5
6444335,6844075,11,6,5
5214024,5587351,2,1,1
5214024,5587351,11,4,7
5214024,5587351,12,5,7
5214024,5587351,13,7,6
6964418,7758416,5,4,1
6964418,7758416,6,2,4
5024274,7073597,6,10,-4
5216308,8350432,1,8,-7
5216308,8350432,13,12,1
7632182,8529325,1,1,0
7632182,8529325,10,2,8
7632182,8529325,11,3,8
8034122,8277517,3,1,2
8034122,8277517,10,6,4
8034122,8277517,12,2,10
8034122,8277517,13,4,9
5155208,5331083,1,2,-1
5155208,5331083,2,3,-1
5155208,5331083,7,5,2
5155208,5331083,10,6,4
4770093,5159876,1,1,0
4770093,5159876,9,3,6
6450771,7815420,4,6,-2
7552112,8498974,1,2,-1
7552112,8498974,4,1,3
7552112,8498974,9,13,-4
8126855,8521788,1,2,-1
8126855,8521788,2,8,-6
8126855,8521788,5,12,-7
8126855,8521788,9,1,8
8126855,8521788,11,9,2
5534127,6093035,1,2,-1
7472672,8413628,3,4,-1
7472672,8413628,5,7,-2
7472672,8413628,8,10,-2
4981034,5241856,1,1,0
4981034,5241856,2,2,0
4981034,5241856,3,5,-2
4981034,5241856,11,7,4
4251475,5178948,1,1,0
4251475,5178948,2,13,-11
7411204,7557870,8,3,5
7411204,7557870,11,5,6
7493002,8155494,2,10,-8
7493002,8155494,6,1,5
7493002,8155494,11,5,6
5541911,7752300,2,6,-4
4190081,4747424,1,2,-1
4190081,4747424,12,11,1
8261950,8622246,2,7,-5
4666057,5232115,3,5,-2
4666057,5232115,6,6,0
4666057,5232115,12,4,8
4909430,6138893,9,6,3
4909430,6138893,13,1,12
6839582,7477924,10,6,4
6289007,6856609,2,1,1
6289007,6856609,11,4,7
4840796,5411739,5,2,3
6087291,7220801,1,7,-6
4162588,7757427,3,8,-5
4162588,7757427,4,13,-9
4162588,7757427,5,5,0
4162588,7757427,8,2,6
4308070,7507194,1,3,-2
4308070,7507194,8,11,-3
3981517,4811967,5,1,4
3981517,4811967,9,13,-4
4801427,5288460,1,2,-1
4801427,5288460,11,1,10
4193083,7525813,8,4,4
4193083,7525813,9,11,-2
6441098,6971960,5,12,-7
6441098,6971960,7,6,1
6441098,6971960,8,1,7
6441098,6971960,12,2,10
5359918,6412416,4,4,0
4852701,8186470,1,9,-8
4852701,8186470,3,1,2
4852701,8186470,6,7,-1
4852701,8186470,11,2,9
4932532,5593037,4,2,2
4932532,5593037,10,9,1
4932532,5593037,12,1,11
7654150,7770446,1,5,-4
7654150,7770446,2,3,-1
7654150,7770446,3,6,-3
4498375,7318371,9,12,-3
6125799,8209983,1,4,-3
6125799,8209983,3,9,-6
4434028,7128169,4,9,-5
4434028,7128169,5,3,2
4434028,7128169,8,2,6
5481109,6146795,1,9,-8
4538021,6239371,5,4,1
4538021,6239371,10,5,5
4538021,6239371,12,11,1
4077545,7000637,1,3,-2
4077545,7000637,3,2,1
4077545,7000637,4,4,0
4077545,7000637,8,1,7
4077545,7000637,11,12,-1
4954845,5266774,2,2,0
4954845,5266774,3,4,-1
4954845,5266774,10,5,5
6454764,7837680,1,3,-2
6454764,7837680,2,1,1
6454764,7837680,3,2,1
6454764,7837680,4,7,-3
6454764,7837680,6,10,-4
6454764,7837680,9,4,5
6454764,7837680,13,6,7
4694907,6918442,7,5,2
4641468,6857237,3,7,-4
4641468,6857237,6,3,3
5362415,8691199,2,3,-1
5362415,8691199,3,1,2
5362415,8691199,4,2,2
4692147,6442435,11,5,6
5654859,6646846,2,2,0
5654859,6646846,7,6,1
5654859,6646846,9,1,8
5486884,7362502,2,1,1
5486884,7362502,3,3,0
5486884,7362502,4,11,-7
4021010,4281383,7,13,-6
4021010,4281383,11,2,9
4676867,7227244,1,1,0
4676867,7227244,2,4,-2
4676867,7227244,4,2,2
6555002,8685247,1,1,0
6555002,8685247,4,3,1
6555002,8685247,5,4,1
6857700,7055903,1,1,0
6857700,7055903,3,9,-6
6857700,7055903,8,2,6
4990133,7182745,1,7,-6
6188127,6492720,4,8,-4
4074448,5568694,7,8,-1
4074448,5568694,13,9,4
6342068,7955313,5,3,2
4913098,8353159,1,1,0
4913098,8353159,3,4,-1
4913098,8353159,5,8,-3
5593134,6062256,7,2,5
6567330,7675771,6,5,1
6567330,7675771,7,12,-5
4364415,6935371,3,4,-1
4364415,6935371,5,12,-7
4364415,6935371,6,3,3
4178447,4359574,1,1,0
4178447,4359574,2,2,0
4178447,4359574,3,3,0
4178447,4359574,4,4,0
4178447,4359574,5,5,0
4178447,4359574,6,6,0
4178447,4359574,8,7,1
4178447,4359574,13,8,5
4221200,4305356,1,8,-7
4221200,4305356,2,2,0
4221200,4305356,10,5,5
4221200,4305356,11,6,5
4221200,4305356,12,4,8
5181364,6857226,1,3,-2
5181364,6857226,4,10,-6
5152877,5358610,6,1,5
5152877,5358610,7,4,3
5152877,5358610,10,13,-3
4692621,4817013,9,3,6
4371589,8470452,5,5,0
4371589,8470452,12,10,2
7185141,8155011,11,12,-1
5315997,6564085,4,3,1
5315997,6564085,5,13,-8
5315997,6564085,7,2,5
4439675,6442232,3,2,1
4439675,6442232,4,5,-1
4439675,6442232,5,11,-6
4439675,6442232,10,6,4
6144712,7668249,1,12,-11
6144712,7668249,4,7,-3
6144712,7668249,9,2,7
6144712,7668249,11,5,6
6144712,7668249,12,11,1
6613709,7378365,1,4,-3
6613709,7378365,4,6,-2
6613709,7378365,10,11,-1
6613709,7378365,13,1,12
6292619,7319536,1,5,-4
5562530,7704122,3,1,2
5562530,7704122,13,5,8
5485486,8711761,2,7,-5
5485486,8711761,9,2,7
5481634,6464408,1,3,-2
5481634,6464408,2,2,0
5481634,6464408,4,11,-7
5481634,6464408,5,1,4
5481634,6464408,6,4,2
6448534,7723638,1,1,0
4146925,4413323,3,1,2
4146925,4413323,8,8,0
5524054,7076071,4,5,-1
5524054,7076071,5,1,4
5196701,7241995,3,1,2
5628381,8439163,1,1,0
5628381,8439163,4,6,-2
5628381,8439163,13,9,4
5600571,7751987,9,13,-4
4515595,5451219,2,12,-10
4515595,5451219,5,8,-3
4515595,5451219,6,1,5
4515595,5451219,8,10,-2
5389944,8451162,1,2,-1
5389944,8451162,7,3,4
4937134,7833593,3,3,0
4937134,7833593,13,1,12
4109333,5566408,1,1,0
4109333,5566408,7,4,3
4109333,5566408,11,6,5
7404842,8734576,2,5,-3
7404842,8734576,6,6,0
7404842,8734576,7,1,6
4889248,7309156,1,7,-6
4889248,7309156,4,4,0
4119862,7956560,2,1,1
4119862,7956560,3,6,-3
4119862,7956560,11,5,6
5314444,7722661,1,3,-2
5314444,7722661,11,13,-2
7836010,8254721,5,7,-2
5053084,6261386,2,5,-3
5053084,6261386,11,8,3
4909640,8074363,1,3,-2
4909640,8074363,11,12,-1
6210104,8556573,1,1,0
6210104,8556573,2,3,-1
4134483,4629050,5,6,-1
4134483,4629050,8,8,0
4134483,4629050,11,10,1
6545215,7082729,2,6,-4
6545215,7082729,4,7,-3
6545215,7082729,8,4,4
6545215,7082729,13,3,10
7050240,8203794,1,2,-1
7050240,8203794,2,7,-5
7050240,8203794,4,13,-9
7050240,8203794,8,8,0
7050240,8203794,9,6,3
4367256,5248547,3,6,-3
4367256,5248547,5,8,-3
4367256,5248547,9,4,5
4685318,5454286,1,10,-9
4685318,5454286,3,3,0
4685318,5454286,9,4,5
4685318,5454286,11,1,10
4685318,5454286,12,2,10
5359571,7263023,1,1,0
5359571,7263023,2,2,0
4127744,6529486,1,11,-10
4127744,6529486,6,5,1
5400351,7505196,1,4,-3
5400351,7505196,5,1,4
5400351,7505196,8,7,1
5400351,7505196,10,11,-1
4243300,6151154,6,5,1
6480743,7548786,8,5,3
6621134,7545236,10,3,7
4023207,6215611,7,1,6
4018586,4325722,1,4,-3
4018586,4325722,7,3,4
4018586,4325722,9,7,2
4018586,4325722,11,11,0
6118584,7903332,1,9,-8
6118584,7903332,4,12,-8
6118584,7903332,5,13,-8
6118584,7903332,6,3,3
6118584,7903332,12,5,7
4492631,6579218,1,4,-3
4492631,6579218,4,1,3
4492631,6579218,6,2,4
5232469,6416560,1,1,0
5232469,6416560,6,9,-3
5232469,6416560,11,2,9
6462577,7482835,1,1,0
6462577,7482835,10,2,8
4389325,4715983,2,4,-2
4389325,4715983,9,1,8
4124403,5656563,3,6,-3
4124403,5656563,7,13,-6
7207328,8573213,4,2,2
4336352,8268425,1,2,-1
4336352,8268425,5,5,0
4336352,8268425,9,10,-1
7050786,8594698,1,1,0
7050786,8594698,8,3,5
4532723,6603542,1,9,-8
4532723,6603542,9,1,8
4532723,6603542,10,8,2
4532723,6603542,12,5,7
4785905,7693632,1,5,-4
4785905,7693632,7,2,5
4785905,7693632,8,3,5
4889715,5560925,6,3,3
4889715,5560925,11,11,0
4290467,5337539,12,3,9
4854315,7288087,1,1,0
4854315,7288087,3,2,1
7760520,8508204,1,9,-8
7760520,8508204,2,2,0
7760520,8508204,8,3,5
7760520,8508204,10,12,-2
7760520,8508204,12,8,4
7760520,8508204,13,1,12
5589395,7407475,1,1,0
5354323,7792249,3,1,2
7387810,8168249,6,7,-1
7387810,8168249,10,11,-1
4943533,7087613,1,12,-11
4943533,7087613,4,6,-2
4407086,6145235,4,2,2
5581257,6109526,2,10,-8
5581257,6109526,11,1,10
5581257,6109526,12,5,7
5106778,7675090,8,9,-1
5106778,7675090,11,4,7
7138167,8096506,3,7,-4
6452071,7030297,2,2,0
6452071,7030297,3,3,0
6452071,7030297,4,4,0
6452071,7030297,5,8,-3
6452071,7030297,6,6,0
6452071,7030297,11,10,1
6452071,7030297,12,12,0
7133529,8718289,2,1,1
7133529,8718289,8,6,2
7437675,8396757,2,3,-1
5031295,6081986,11,6,5
5031295,6081986,12,7,5
5031295,6081986,13,11,2
4125830,6201525,1,1,0
4125830,6201525,2,7,-5
4125830,6201525,3,3,0
5395353,7294278,11,8,3
6874810,8272664,1,2,-1
6874810,8272664,2,3,-1
6874810,8272664,3,1,2
4445383,7779699,7,1,6
4445383,7779699,12,6,6
6240100,7746959,5,7,-2
6240100,7746959,11,3,8
5054800,6182990,2,3,-1
5054800,6182990,3,4,-1
5054800,6182990,5,1,4
4371955,8547738,5,1,4
4371955,8547738,11,5,6
4371955,8547738,12,2,10
6483521,8363908,2,7,-5
5076666,7242442,5,2,3
5076666,7242442,9,11,-2
4836030,7406219,1,3,-2
4836030,7406219,3,7,-4
6216742,7556065,9,2,7
4686724,5430901,5,6,-1
3944715,6434182,4,13,-9
3944715,6434182,5,5,0
4013168,4454946,2,10,-8
4013168,4454946,7,3,4
6335823,7075712,4,4,0
6335823,7075712,5,2,3
6335823,7075712,7,8,-1
4671911,7574796,2,3,-1
4671911,7574796,4,5,-1
3946156,5307326,1,11,-10
3946156,5307326,11,1,10
3946156,5307326,13,5,8
6482740,7476618,1,5,-4
6482740,7476618,2,4,-2
7940894,8581215,2,11,-9
7940894,8581215,3,9,-6
7940894,8581215,5,8,-3
7940894,8581215,6,5,1
7940894,8581215,8,3,5
7940894,8581215,9,4,5
7940894,8581215,10,10,0
7713987,8389515,7,2,5
7713987,8389515,13,9,4
4861767,7135196,5,2,3
4861767,7135196,10,8,2
5562410,6075698,1,13,-12
5562410,6075698,2,1,1
5562410,6075698,11,3,8
7055367,7912572,2,6,-4
7055367,7912572,9,9,0
5247090,7141588,1,1,0
5247090,7141588,3,3,0
5247090,7141588,5,9,-4
5247090,7141588,10,12,-2
5247090,7141588,11,13,-2
7554979,8467361,5,9,-4
7554979,8467361,8,10,-2
7554979,8467361,12,11,1
5154172,8064994,2,12,-10
5154172,8064994,10,13,-3
5201827,5584407,1,6,-5
5201827,5584407,5,8,-3
5201827,5584407,8,5,3
5201827,5584407,12,2,10
7283474,7948909,1,5,-4
7283474,7948909,6,1,5
6666885,7854755,3,11,-8
6341161,7639788,2,1,1
6341161,7639788,3,13,-10
6341161,7639788,4,2,2
6341161,7639788,6,4,2
6341161,7639788,7,5,2
6341161,7639788,13,12,1
4399016,4626312,2,3,-1
4399016,4626312,4,4,0
6142992,7717910,1,5,-4
6142992,7717910,7,1,6
3967336,5183361,1,2,-1
3967336,5183361,2,1,1
3967336,5183361,8,7,1
6333458,8724366,2,10,-8
7338760,8685341,8,9,-1
7338760,8685341,10,8,2
5536043,7147247,2,2,0
5536043,7147247,4,6,-2
5536043,7147247,10,13,-3
5536043,7147247,12,5,7
6932084,7909033,5,4,1
6932084,7909033,6,2,4
5049728,8463681,1,1,0
4879117,5632999,1,13,-12
7603020,8542973,6,2,4
7603020,8542973,8,3,5
6459535,7706071,1,1,0
6459535,7706071,2,4,-2
6459535,7706071,6,5,1
6459535,7706071,10,9,1
6459535,7706071,13,12,1
7817168,8279241,6,7,-1
6879667,7545823,5,1,4
6879667,7545823,9,2,7
6245440,6856062,1,10,-9
4140415,6345794,13,6,7
5179061,6994743,2,7,-5
6633498,7982275,3,1,2
4534044,5315623,5,2,3
4534044,5315623,6,4,2
4534044,5315623,9,3,6
6172988,8185769,5,1,4
4347169,4549034,1,1,0
4347169,4549034,2,5,-3
4347169,4549034,4,4,0
4347169,4549034,6,3,3
4347169,4549034,8,7,1
4347169,4549034,10,12,-2
4875165,6341231,10,10,0
5328724,7705078,7,12,-5
5328724,7705078,9,9,0
7266754,8687614,1,3,-2
7266754,8687614,11,11,0
4375651,7783252,3,11,-8
4375651,7783252,4,8,-4
4783795,6181580,4,1,3
7658143,8436281,5,3,2
7658143,8436281,13,1,12
4042922,4144533,1,3,-2
4042922,4144533,13,5,8
5448724,8725973,2,3,-1
4263616,5321511,2,1,1
4263616,5321511,6,9,-3
4263616,5321511,7,13,-6
5314472,6500202,3,12,-9
7909209,8590741,1,1,0
7909209,8590741,6,5,1
7909209,8590741,13,10,3
5557499,8045326,4,3,1
5557499,8045326,5,6,-1
5557499,8045326,7,11,-4
5397342,7697995,1,13,-12
5454690,6077032,1,1,0
5454690,6077032,4,2,2
5454690,6077032,12,8,4
7548093,8044683,1,2,-1
7548093,8044683,2,9,-7
7548093,8044683,3,3,0
7548093,8044683,4,7,-3
7548093,8044683,5,1,4
7548093,8044683,6,6,0
4069567,4704094,10,4,6
4069567,4704094,11,13,-2
4069567,4704094,12,5,7
5072660,8033211,4,11,-7
5072660,8033211,5,1,4
5072660,8033211,10,2,8
6526055,7852852,3,1,2
6526055,7852852,6,3,3
6526055,7852852,9,2,7
4104892,4373361,1,1,0
4104892,4373361,2,2,0
4104892,4373361,5,6,-1
5384825,8447352,1,3,-2
6576712,7700707,2,2,0
6240613,7503196,1,1,0
6240613,7503196,5,7,-2
6430785,8484764,1,1,0
6430785,8484764,2,6,-4
6430785,8484764,12,4,8
4168050,6520579,1,1,0
4641034,4976843,1,4,-3
5604315,7343814,5,12,-7
6944279,7724657,4,9,-5
6944279,7724657,9,6,3
5398003,6492868,3,13,-10
5398003,6492868,5,9,-4
5398003,6492868,9,4,5
5398003,6492868,13,3,10
6086196,8128753,2,7,-5
6086196,8128753,3,2,1
5018003,7723852,2,1,1
5018003,7723852,5,3,2
5018003,7723852,11,4,7
5018003,7723852,12,2,10
5305020,6099178,1,2,-1
5305020,6099178,2,4,-2
5305020,6099178,5,9,-4
5305020,6099178,12,11,1
5649192,7117479,5,13,-8
4619902,6477905,12,2,10
5116828,8466138,4,7,-3
7025769,8470006,4,4,0
4209753,7206210,13,4,9
5310503,7309552,2,10,-8
5310503,7309552,3,5,-2
4566442,5195532,7,6,1
4566442,5195532,12,12,0
6133546,7905427,1,1,0
6133546,7905427,2,5,-3
6133546,7905427,4,3,1
4495508,5231427,2,8,-6
4343350,7934926,9,5,4
4688877,7997929,3,4,-1
4688877,7997929,4,5,-1
4688877,7997929,6,3,3
5260821,8432603,3,1,2
5260821,8432603,9,6,3
5081521,5214501,6,4,2
5081521,5214501,7,1,6
4027869,5329934,1,2,-1
4027869,5329934,6,5,1
6532368,8631087,4,5,-1
6532368,8631087,6,4,2
6532368,8631087,7,2,5
7129927,8576380,2,11,-9
6845631,7637119,2,1,1
6845631,7637119,9,12,-3
6845631,7637119,11,13,-2
5234060,8544397,6,12,-6
4461294,4856513,2,12,-10
7301350,8692563,1,1,0
7301350,8692563,2,7,-5
6165881,8431460,5,6,-1
5636643,7790945,1,1,0
5636643,7790945,13,10,3
4145122,7090348,1,5,-4
4745181,6171520,7,2,5
5651970,6566095,2,5,-3
6535861,7131842,1,5,-4
6535861,7131842,3,9,-6
6535861,7131842,5,2,3
5059149,6494759,9,1,8
4848505,6202626,1,7,-6
4848505,6202626,6,4,2
6877555,8267170,1,7,-6
6877555,8267170,5,2,3
5051323,5248568,2,3,-1
5051323,5248568,8,8,0
5051323,5248568,10,9,1
7785076,8739547,4,3,1
7785076,8739547,9,13,-4
5281955,7855472,1,3,-2
5281955,7855472,3,1,2
5281955,7855472,10,2,8
5190634,8658019,1,7,-6
5190634,8658019,4,1,3
5190634,8658019,5,9,-4
5124108,5248458,1,1,0
5124108,5248458,4,3,1
5124108,5248458,6,11,-5
5325435,8351630,6,1,5
4229878,5117545,1,3,-2
4229878,5117545,3,7,-4
4229878,5117545,4,10,-6
4229878,5117545,5,5,0
3993344,4486132,11,2,9
5204794,6496362,2,6,-4
4076970,4446341,1,1,0
6594870,7489511,3,3,0
6154851,7890819,1,1,0
5108799,6270844,1,9,-8
5108799,6270844,5,4,1
7099348,8711833,3,13,-10
5483444,8463681,4,4,0
5476531,8440314,2,6,-4
5476531,8440314,10,5,5
5476531,8440314,12,1,11
5476531,8440314,13,2,11
4146499,4722904,1,2,-1
4038967,4183130,1,4,-3
4863417,6450908,4,3,1
5202818,6481582,9,2,7
4546939,7380749,6,8,-2
7073185,7466635,2,1,1
7073185,7466635,5,9,-4
7073185,7466635,8,2,6
7073185,7466635,11,11,0
7073185,7466635,13,8,5
5491461,6639249,7,2,5
6517202,6991333,4,6,-2
6517202,6991333,6,10,-4
4488246,6538469,10,4,6
7184291,8569824,1,6,-5
7184291,8569824,2,3,-1
7184291,8569824,8,2,6
7184291,8569824,13,4,9
6934749,8472326,5,1,4
6934749,8472326,6,11,-5
6934749,8472326,12,9,3
6195196,7405924,5,10,-5
6195196,7405924,10,4,6
6417894,6621646,1,1,0
6417894,6621646,3,2,1
6417894,6621646,4,8,-4
6417894,6621646,7,5,2
6417894,6621646,9,12,-3
5233875,7954383,7,3,4
5233875,7954383,12,10,2
5487032,7529115,1,2,-1
5487032,7529115,7,8,-1
4072583,4248677,5,4,1
5560126,7219447,1,7,-6
5560126,7219447,2,13,-11
5560126,7219447,3,6,-3
5560126,7219447,6,3,3
4905853,5005727,1,1,0
4905853,5005727,4,5,-1
4905853,5005727,10,6,4
4905853,5005727,12,4,8
4538183,5065257,5,3,2
4538183,5065257,6,1,5
4803547,5432716,4,1,3
4803547,5432716,13,2,11
6477084,7466594,2,1,1
6477084,7466594,6,3,3
6477084,7466594,10,6,4
6973020,7646698,5,1,4
6973020,7646698,7,11,-4
6973020,7646698,8,12,-4
6654749,8606916,3,5,-2
4497259,4560315,9,12,-3
4719729,5581953,1,3,-2
4719729,5581953,8,9,-1
4719729,5581953,13,8,5
5488254,5644164,1,7,-6
5488254,5644164,3,13,-10
5488254,5644164,8,1,7
5488254,5644164,11,9,2
5488254,5644164,12,3,9
6292694,7551961,3,1,2
6292694,7551961,5,6,-1
6292694,7551961,8,7,1
6292694,7551961,12,9,3
5292613,6858358,1,2,-1
5292613,6858358,2,1,1
5292613,6858358,3,4,-1
5292613,6858358,5,8,-3
5292613,6858358,6,3,3
5292613,6858358,9,6,3
5372225,8194396,1,2,-1
5372225,8194396,5,8,-3
6945444,8684252,1,11,-10
6945444,8684252,2,1,1
6945444,8684252,7,4,3
6945444,8684252,8,3,5
6357463,7082944,13,6,7
6396912,7296086,1,2,-1
6396912,7296086,3,4,-1
6396912,7296086,8,1,7
6161045,6959215,1,2,-1
6089701,6309055,1,1,0
6089701,6309055,2,5,-3
6089701,6309055,3,7,-4
6089701,6309055,5,6,-1
6089701,6309055,9,10,-1
6089701,6309055,10,3,7
6089701,6309055,11,4,7
6089701,6309055,13,11,2
4851221,6235322,1,2,-1
4851221,6235322,5,3,2
4851221,6235322,12,5,7
5244308,7074339,7,3,4
5244308,7074339,11,2,9
5244308,7074339,13,6,7
4166976,4775948,1,6,-5
6389496,6578095,5,4,1
6389496,6578095,12,11,1
4531588,8720592,10,10,0
7338684,8665581,5,5,0
7338684,8665581,7,3,4
4224049,4411694,6,13,-7
4682351,5260988,1,3,-2
4682351,5260988,4,1,3
5409092,8286863,1,4,-3
5409092,8286863,2,3,-1
6139276,6210117,3,3,0
6139276,6210117,4,9,-5
6139276,6210117,8,6,2
6139276,6210117,9,4,5
4910076,6454889,6,2,4
4910076,6454889,12,8,4
5346108,6286725,2,5,-3
4314301,5317472,3,2,1
4314301,5317472,9,11,-2
5526373,6352873,2,6,-4
5526373,6352873,3,1,2
5526373,6352873,13,2,11
4571576,5381147,1,7,-6
4571576,5381147,3,12,-9
4571576,5381147,5,13,-8
4571576,5381147,11,10,1
5582838,8268333,4,6,-2
5582838,8268333,8,5,3
5582838,8268333,11,3,8
5596698,6529705,2,4,-2
6241379,7927552,1,1,0
6241379,7927552,3,2,1
5276281,6153825,3,11,-8
5276281,6153825,4,1,3
5276281,6153825,12,3,9
6229506,8289234,1,1,0
7898040,8264009,2,3,-1
4260018,4700779,2,2,0
4260018,4700779,5,3,2
4260018,4700779,9,9,0
4989473,6122986,1,3,-2
6869004,6994324,1,3,-2
6176721,7554813,1,1,0
6176721,7554813,4,6,-2
6176721,7554813,11,2,9
7298752,8514716,8,7,1
7298752,8514716,11,11,0
4173221,8255041,4,5,-1
4173221,8255041,10,13,-3
7814495,8533305,1,1,0
7814495,8533305,4,9,-5
7814495,8533305,7,11,-4
7814495,8533305,8,10,-2
5417476,7703859,4,1,3
5417476,7703859,12,2,10
3965980,4364407,1,13,-12
3965980,4364407,3,6,-3
3965980,4364407,4,5,-1
5455953,6427140,5,9,-4
6885467,8569174,13,8,5
7853619,8676788,1,1,0
7853619,8676788,2,7,-5
7853619,8676788,4,3,1
7853619,8676788,8,13,-5
7853619,8676788,13,5,8
4357448,4530980,1,1,0
4357448,4530980,7,12,-5
4857571,7262250,3,7,-4
4857571,7262250,5,1,4
5556386,8070708,8,10,-2
5556386,8070708,9,6,3
5556386,8070708,10,9,1
4445187,7160112,7,7,0
6567637,7158742,1,1,0
6567637,7158742,5,12,-7
6262730,8682833,1,3,-2
6262730,8682833,6,12,-6
6290864,7027202,6,5,1
6290864,7027202,7,3,4
6290864,7027202,13,11,2
6919562,8158934,2,5,-3
6919562,8158934,5,4,1
6919562,8158934,8,9,-1
6919562,8158934,12,12,0
6428255,8328483,2,3,-1
6428255,8328483,3,10,-7
6428255,8328483,4,1,3
6428255,8328483,6,7,-1
6428255,8328483,7,8,-1
6428255,8328483,8,5,3
6649707,7910637,2,2,0
6649707,7910637,3,4,-1
6649707,7910637,7,6,1
7188078,8271316,4,10,-6
7188078,8271316,7,4,3
5567894,7449624,4,8,-4
5567894,7449624,11,10,1
5567894,7449624,12,2,10
5362159,7044643,3,2,1
5362159,7044643,5,11,-6
5362159,7044643,7,6,1
5362159,7044643,9,13,-4
5013157,8419266,1,6,-5
5013157,8419266,9,3,6
4787398,8684951,5,1,4
4523132,4772824,2,6,-4
4523132,4772824,5,12,-7
6475275,7150321,3,9,-6
4001386,4085199,1,4,-3
4001386,4085199,3,3,0
4001386,4085199,4,2,2
4001386,4085199,11,1,10
5229797,7073906,1,6,-5
5229797,7073906,3,11,-8
5229797,7073906,4,8,-4
5229797,7073906,8,9,-1
6423419,6923692,2,3,-1
6423419,6923692,9,13,-4
4270183,4554673,2,3,-1
6482228,7748389,3,7,-4
6482228,7748389,5,10,-5
6482228,7748389,12,2,10
6212416,7946984,1,4,-3
6212416,7946984,3,2,1
6212416,7946984,4,9,-5
6212416,7946984,9,5,4
4616047,5382437,4,7,-3
4616047,5382437,7,8,-1
4831221,5278531,1,5,-4
4831221,5278531,11,8,3
6369709,6857568,1,1,0
6369709,6857568,2,2,0
6369709,6857568,3,3,0
6369709,6857568,4,4,0
6369709,6857568,5,5,0
6369709,6857568,6,6,0
6369709,6857568,7,7,0
6369709,6857568,8,8,0
6369709,6857568,9,9,0
6369709,6857568,10,10,0
6369709,6857568,11,11,0
6369709,6857568,12,12,0
6369709,6857568,13,13,0
6934366,7881441,1,10,-9
6934366,7881441,3,7,-4
6934366,7881441,6,3,3
4744084,5477475,10,2,8
4744084,5477475,11,8,3
4744084,5477475,13,12,1
5071407,6530935,3,5,-2
7206860,8743872,8,3,5
6978156,8175622,2,1,1
6978156,8175622,3,9,-6
6978156,8175622,4,5,-1
6978156,8175622,5,4,1
6978156,8175622,12,3,9
4945501,8010315,10,3,7
4054595,6562868,3,10,-7
7005350,8649206,3,4,-1
7005350,8649206,10,3,7
7005350,8649206,11,10,1
5232866,6995470,13,6,7
5286355,5630932,1,1,0
5286355,5630932,2,6,-4
7880387,8274222,2,2,0
7880387,8274222,8,4,4
7880387,8274222,11,7,4
7880387,8274222,12,8,4
4352154,4677539,1,2,-1
4352154,4677539,2,1,1
4103804,4795065,9,8,1
4103804,4795065,11,7,4
5434010,6287613,2,3,-1
5434010,6287613,13,13,0
7409369,8464939,1,6,-5
4819126,5499541,9,1,8
6309400,7901423,2,4,-2
6166231,8157994,3,7,-4
6166231,8157994,7,2,5
6915268,8494976,6,10,-4
4922919,7118217,4,6,-2
4922919,7118217,11,5,6
4710762,7148909,1,1,0
4710762,7148909,11,5,6
5043940,7657702,1,10,-9
4674523,7134442,2,2,0
4913452,8193650,4,4,0
4609252,8120595,2,1,1
4609252,8120595,10,4,6
4609252,8120595,12,6,6
6533984,8691035,1,4,-3
4899147,7016545,2,7,-5
4899147,7016545,11,13,-2
6064959,7085716,1,1,0
6064959,7085716,2,5,-3
6064959,7085716,3,3,0
6064959,7085716,5,10,-5
6064959,7085716,6,9,-3
6064959,7085716,7,13,-6
6064959,7085716,8,7,1
6064959,7085716,9,12,-3
6064959,7085716,10,6,4
5418524,5588143,1,1,0
5418524,5588143,3,5,-2
5287500,8407190,3,4,-1
5287500,8407190,6,6,0
4783707,6148032,4,8,-4
5550278,7718564,11,11,0
6340316,7695315,1,9,-8
6340316,7695315,3,3,0
6340316,7695315,7,13,-6
6340316,7695315,12,1,11
7000834,8126724,5,1,4
6098463,7761146,1,8,-7
5225704,6091630,1,2,-1
5225704,6091630,7,11,-4
5225704,6091630,8,5,3
5225704,6091630,11,9,2
4807111,5450555,1,2,-1
4807111,5450555,3,3,0
4840799,7381702,8,4,4
6097280,6483435,1,1,0
6097280,6483435,6,5,1
7880228,8324043,3,9,-6
7880228,8324043,4,3,1
7880228,8324043,9,6,3
7880228,8324043,12,13,-1
7200853,7665105,1,1,0
7200853,7665105,6,4,2
7207085,7549520,3,3,0
7207085,7549520,5,7,-2
7207085,7549520,7,13,-6
7207085,7549520,8,11,-3
4611219,6134291,2,7,-5
5330176,6386996,1,10,-9
5330176,6386996,2,1,1
5330176,6386996,12,2,10
4743246,5318555,5,4,1
4743246,5318555,8,1,7
7260980,7694346,3,2,1
7260980,7694346,4,1,3
7260980,7694346,6,5,1
7088248,8416079,1,1,0
7242089,8704360,4,5,-1
7242089,8704360,5,2,3
7242089,8704360,7,3,4
7242089,8704360,12,1,11
4984878,7846107,8,2,6
6535732,8498234,4,9,-5
6535732,8498234,7,6,1
4344492,4522321,1,3,-2
3983975,4779711,4,1,3
6087580,7379412,2,7,-5
5294172,6305685,5,11,-6
5294172,6305685,6,1,5
5294172,6305685,12,3,9
6260953,7784905,1,6,-5
6260953,7784905,2,2,0
6260953,7784905,5,5,0
6260953,7784905,6,4,2
5325608,6328852,10,1,9
7598482,8546742,10,1,9
7558666,8700243,2,3,-1
7558666,8700243,5,5,0
7558666,8700243,7,1,6
6391840,8389259,3,11,-8
6391840,8389259,13,12,1
6607548,7959942,1,10,-9
6607548,7959942,4,7,-3
6607548,7959942,8,12,-4
4850758,8468913,1,1,0
4850758,8468913,4,3,1
6136561,7417136,5,2,3
4595917,5327530,1,2,-1
4595917,5327530,2,6,-4
6943262,7926453,1,2,-1
6943262,7926453,2,7,-5
6943262,7926453,4,5,-1
6943262,7926453,5,1,4
6943262,7926453,9,3,6
7297136,8287494,1,5,-4
7297136,8287494,5,1,4
7249578,8267063,7,5,2
6858785,7314987,1,1,0
6858785,7314987,3,10,-7
6858785,7314987,4,4,0
6858785,7314987,5,8,-3
6858785,7314987,6,7,-1
6858785,7314987,7,6,1
6858785,7314987,8,5,3
6124207,7997958,10,10,0
6149663,7717875,8,2,6
5340273,6461115,5,3,2
5340273,6461115,7,4,3
5340273,6461115,10,5,5
6866081,7770334,3,1,2
5453566,8431547,2,1,1
5453566,8431547,3,13,-10
5453566,8431547,5,7,-2
7888719,8097870,7,2,5
6126447,7834877,5,12,-7
4699823,5505719,2,1,1
5141847,7749693,13,2,11
5166752,8553230,2,6,-4
5166752,8553230,6,13,-7
6275543,7148845,2,1,1
7111398,8341845,3,1,2
6155480,7766219,1,1,0
6155480,7766219,6,3,3
6155480,7766219,13,11,2
5643171,6582353,7,1,6
5643171,6582353,8,6,2
5078723,6142955,3,11,-8
5078723,6142955,11,5,6
6298366,7430577,1,9,-8
6298366,7430577,3,12,-9
4137770,4842190,1,2,-1
4137770,4842190,4,9,-5
5397335,8231525,2,12,-10
5397335,8231525,10,1,9
6092160,7603511,1,2,-1
7818186,8694340,3,1,2
7818186,8694340,5,2,3
7818186,8694340,12,3,9
5082350,6559840,3,12,-9
5082350,6559840,4,1,3
5082350,6559840,7,5,2
5082350,6559840,8,6,2
4332649,6558776,3,1,2
7307911,7724600,1,1,0
7307911,7724600,5,3,2
7307911,7724600,11,5,6
4284862,7619346,2,10,-8
6577013,8339826,2,1,1
6577013,8339826,12,9,3
5243649,7876901,1,4,-3
4091573,6527629,1,1,0
4091573,6527629,3,3,0
4546050,6942917,3,1,2
4546050,6942917,10,8,2
7240054,8352425,3,5,-2
7240054,8352425,6,1,5
7240054,8352425,8,7,1
4791658,7030752,12,5,7
6409750,8728143,1,2,-1
6409750,8728143,2,1,1
6014379,7012916,5,6,-1
6563659,8054575,1,1,0
6563659,8054575,2,2,0
7331100,7897201,9,1,8
7887357,8535078,5,6,-1
7887357,8535078,10,12,-2
4103445,4951906,1,1,0
4202782,4966721,3,10,-7
4202782,4966721,4,2,2
4202782,4966721,7,8,-1
4202782,4966721,8,13,-5
3946349,7269890,2,3,-1
7080786,7469835,2,3,-1
7080786,7469835,3,4,-1
7080786,7469835,4,1,3
6427564,7658132,3,4,-1
4760293,4950925,4,2,2
4760293,4950925,9,13,-4
4354721,6558194,1,1,0
4487643,8690482,4,6,-2
4422272,5279033,3,11,-8
4422272,5279033,8,2,6
4406131,6631941,2,5,-3
4289094,4398509,3,1,2
4289094,4398509,9,10,-1
6204151,7439092,2,2,0
6204151,7439092,3,1,2
6204151,7439092,4,8,-4
6204151,7439092,9,7,2
5400687,7183476,1,2,-1
5400687,7183476,2,1,1
5400687,7183476,3,6,-3
5400687,7183476,9,9,0
4794048,8242371,4,13,-9
4794048,8242371,13,2,11
6498099,8404524,6,8,-2
6498099,8404524,8,2,6
4538229,5398186,3,3,0
4538229,5398186,7,5,2
5623589,7035914,7,4,3
5623589,7035914,10,8,2
4792000,8181722,3,9,-6
4792000,8181722,5,5,0
6177329,7259441,5,1,4
6177329,7259441,9,7,2
5482317,6341800,3,2,1
4561104,5548661,3,2,1
4561104,5548661,9,3,6
4007451,4613958,5,4,1
4119735,5169667,1,1,0
4119735,5169667,11,4,7
6443594,7063449,3,1,2
6443594,7063449,4,2,2
6129355,7059967,12,1,11
6891938,7751384,1,1,0
6891938,7751384,2,2,0
6370480,6694047,1,1,0
5367670,7627651,5,4,1
5367670,7627651,7,13,-6
7292557,8156283,2,1,1
7292557,8156283,11,6,5
6156565,7429355,13,4,9
5048251,7143561,1,2,-1
5048251,7143561,2,5,-3
5048251,7143561,5,4,1
5048251,7143561,6,1,5
5048251,7143561,11,10,1
4315371,7112018,2,1,1
3934159,4714842,2,3,-1
3934159,4714842,5,6,-1
6428469,8500630,10,3,7
6064621,7248513,3,4,-1
6064621,7248513,7,11,-4
6064621,7248513,13,2,11
4835476,6456189,3,5,-2
4835476,6456189,9,1,8
5024859,5336381,3,1,2
5024859,5336381,7,10,-3
5024859,5336381,10,13,-3
6411204,7526103,3,10,-7
4022536,6415682,3,3,0
4022536,6415682,7,5,2
6350179,8147670,2,1,1
4597943,5234599,1,2,-1
4597943,5234599,3,4,-1
4597943,5234599,8,8,0
5160164,6540041,8,2,6
5160164,6540041,11,7,4
5160164,6540041,12,1,11
4279024,7139201,1,1,0
4279024,7139201,2,3,-1
4279024,7139201,9,12,-3
5091942,6226511,2,8,-6
5091942,6226511,11,5,6
4895180,8381764,1,3,-2
4179564,6949648,12,13,-1
5206939,6496951,2,10,-8
5206939,6496951,8,13,-5
4674027,4817705,2,6,-4
4674027,4817705,6,4,2
6202453,7100937,1,4,-3
6202453,7100937,3,8,-5
6202453,7100937,11,2,9
6302895,7553314,1,1,0
6302895,7553314,5,10,-5
6302895,7553314,7,4,3
6413479,7658776,2,5,-3
6413479,7658776,7,8,-1
6413479,7658776,11,9,2
5121205,5555193,1,11,-10
5121205,5555193,3,6,-3
4333270,7316096,1,5,-4
4333270,7316096,7,6,1
4333270,7316096,8,13,-5
7697504,8355343,1,1,0
7697504,8355343,7,5,2
7697504,8355343,8,8,0
4205223,8698045,1,1,0
4205223,8698045,2,6,-4
6622211,7461064,4,11,-7
4256700,7998422,4,7,-3
5578022,8747887,2,2,0
5578022,8747887,3,6,-3
5578022,8747887,10,1,9
5059908,7431820,5,5,0
5059908,7431820,7,1,6
3964980,8071798,1,7,-6
3964980,8071798,3,11,-8
3964980,8071798,4,1,3
3964980,8071798,9,8,1
4296154,4440813,7,12,-5
6217533,7285101,1,6,-5
6217533,7285101,3,1,2
5325430,7096358,2,1,1
4683375,7757569,1,1,0
4683375,7757569,5,2,3
4683375,7757569,7,3,4
5344932,7772209,7,9,-2
4986192,8272333,2,5,-3
4986192,8272333,3,1,2
4986192,8272333,4,4,0
7304951,8645477,9,12,-3
5404004,8668149,2,9,-7
5404004,8668149,3,5,-2
5404004,8668149,4,12,-8
5404004,8668149,6,7,-1
5404004,8668149,7,11,-4
5404004,8668149,10,4,6
4777455,6650559,1,3,-2
4777455,6650559,3,6,-3
6255018,7078126,1,1,0
6392951,8270236,3,3,0
4893316,5179728,13,2,11
5057320,6579891,2,12,-10
4325400,4691730,1,3,-2
4325400,4691730,7,1,6
4325400,4691730,8,10,-2
4714192,6997373,1,1,0
4714192,6997373,3,2,1
5488523,6964057,1,7,-6
6392785,8558783,2,5,-3
4123911,5071287,1,2,-1
4123911,5071287,4,4,0
4123911,5071287,7,13,-6
4123911,5071287,10,1,9
4548606,6063223,7,8,-1
6526436,7720911,1,1,0
6415138,7250942,5,1,4
6415138,7250942,12,3,9
6228225,7666278,1,2,-1
6228225,7666278,3,11,-8
4664980,5424131,2,6,-4
4664980,5424131,3,8,-5
4664980,5424131,4,2,2
4664980,5424131,5,1,4
6206985,8286582,1,13,-12
6206985,8286582,5,2,3
6206985,8286582,6,4,2
5144833,6229609,4,5,-1
5144833,6229609,12,11,1
4903234,6499081,4,12,-8
4903234,6499081,5,9,-4
4378570,5262874,1,3,-2
4378570,5262874,4,2,2
4378570,5262874,7,10,-3
4606340,7089939,3,5,-2
7096418,7237030,1,8,-7
7096418,7237030,3,2,1
7096418,7237030,4,10,-6
7096418,7237030,6,4,2
7096418,7237030,9,7,2
4139728,4218585,4,7,-3
4139728,4218585,7,10,-3
4139728,4218585,10,11,-1
4139728,4218585,13,2,11
4761367,7279313,6,1,5
4761367,7279313,12,3,9
4892089,7906152,6,1,5
3941047,6536197,1,1,0
3941047,6536197,3,5,-2
3941047,6536197,5,2,3
7106350,8284144,1,3,-2
7106350,8284144,3,2,1
7106350,8284144,4,1,3
7106350,8284144,5,5,0
7106350,8284144,12,11,1
5255113,7733310,6,8,-2
5554821,5617297,1,1,0
5554821,5617297,2,2,0
5554821,5617297,3,3,0
5554821,5617297,4,4,0
5554821,5617297,5,5,0
5554821,5617297,6,7,-1
5554821,5617297,7,8,-1
5554821,5617297,9,9,0
5554821,5617297,11,11,0
6212390,6463289,5,9,-4
6212390,6463289,6,5,1
6212390,6463289,7,3,4
6212390,6463289,11,4,7
5231173,5330542,1,13,-12
5231173,5330542,2,7,-5
5231173,5330542,5,3,2
5231173,5330542,7,12,-5
5231173,5330542,8,4,4
5231173,5330542,13,10,3
4433341,6565197,1,1,0
4433341,6565197,2,2,0
4433341,6565197,13,4,9
8279655,8743587,2,1,1
6165298,7799176,2,2,0
6165298,7799176,3,3,0
6165298,7799176,8,1,7
5054932,7530730,1,12,-11
5054932,7530730,4,9,-5
4913443,4984806,3,2,1
4913443,4984806,5,4,1
4913443,4984806,6,5,1
4913443,4984806,7,6,1
4913443,4984806,10,10,0
5579466,7584419,8,2,6
4956208,7118789,2,8,-6
4956208,7118789,3,2,1
4956208,7118789,10,5,5
7194181,7835611,1,10,-9
7194181,7835611,5,4,1
7194181,7835611,7,3,4
7194181,7835611,11,11,0
7194181,7835611,12,8,4
4681104,4850351,1,1,0
4681104,4850351,2,2,0
4681104,4850351,5,3,2
8004369,8227704,2,4,-2
8004369,8227704,6,11,-5
5095357,6258652,2,1,1
6960210,8267935,7,3,4
6960210,8267935,9,9,0
4111174,5199406,7,3,4
5172338,7068542,2,4,-2
5172338,7068542,3,6,-3
5172338,7068542,4,1,3
5172338,7068542,8,2,6
5172338,7068542,13,7,6
6972498,7891949,1,7,-6
6972498,7891949,3,4,-1
6972498,7891949,4,6,-2
4756374,6126177,6,4,2
4756374,6126177,11,1,10
6565434,8062122,2,4,-2
6565434,8062122,6,3,3
6565434,8062122,9,11,-2
6575362,8332313,3,9,-6
6575362,8332313,13,8,5
4999613,5627520,13,1,12
4048820,7013683,3,9,-6
4048820,7013683,8,4,4
4048820,7013683,13,1,12
5455169,7276349,4,4,0
5455169,7276349,6,10,-4
5455169,7276349,10,5,5
6118608,7936648,8,1,7
6374064,7085506,1,1,0
6407382,7414242,1,5,-4
6666335,7681813,2,12,-10
4383275,5453852,6,13,-7
6141678,7937740,1,1,0
6141678,7937740,3,6,-3
6141678,7937740,5,3,2
6141678,7937740,10,7,3
4425908,7998163,12,7,5
4043346,4840172,9,9,0
4266392,7886512,1,3,-2
4266392,7886512,2,5,-3
5270298,5556463,4,3,1
5270298,5556463,5,10,-5
5270298,5556463,8,4,4
5270298,5556463,9,8,1
5270298,5556463,13,5,8
3982507,4060062,4,5,-1
3982507,4060062,8,7,1
7637905,8066631,3,8,-5
7637905,8066631,8,1,7
4430116,8119073,11,13,-2
5578340,8049061,11,11,0
4716960,8257112,2,1,1
4716960,8257112,3,8,-5
4388622,7656342,1,7,-6
4388622,7656342,2,9,-7
4388622,7656342,3,8,-5
4388622,7656342,6,6,0
6904015,7813278,3,1,2
6904015,7813278,8,4,4
6904015,7813278,9,2,7
4891199,5240892,1,1,0
7107403,7979643,3,4,-1
7107403,7979643,9,11,-2
6636250,7051043,2,10,-8
4836193,8007499,10,2,8
6162787,7759307,2,10,-8
4877686,6979141,2,2,0
4877686,6979141,10,5,5
6273913,7750041,2,1,1
5399187,7607394,6,8,-2
5399187,7607394,7,9,-2
5399187,7607394,8,11,-3
4620282,5170113,1,1,0
4620282,5170113,11,9,2
6876023,8437165,1,10,-9
6876023,8437165,3,11,-8
6629950,8382723,9,11,-2
5286463,8361431,3,11,-8
5286463,8361431,8,10,-2
4825170,6294896,4,6,-2
4825170,6294896,8,8,0
5570355,7002991,8,5,3
4499800,8641589,1,3,-2
4499800,8641589,2,1,1
4499800,8641589,5,5,0
4627417,5297473,3,4,-1
4627417,5297473,6,5,1
4627417,5297473,11,12,-1
4548925,4643987,1,5,-4
4548925,4643987,2,7,-5
4548925,4643987,3,10,-7
4548925,4643987,9,1,8
4548925,4643987,10,9,1
4665308,7709770,5,2,3
7083712,7862520,5,6,-1
6158097,7562426,2,3,-1
6158097,7562426,3,1,2
6165198,8182508,1,3,-2
7352811,8064707,6,7,-1
5575084,7040038,2,8,-6
5575084,7040038,6,4,2
6605172,8597452,8,1,7
5523193,7311778,3,13,-10
5405571,8361406,5,3,2
5079716,5316868,1,1,0
5079716,5316868,11,13,-2
4413257,4806922,3,6,-3
4413257,4806922,8,4,4
4819234,7889734,11,5,6
4819234,7889734,12,10,2
5188515,6145430,1,1,0
5188515,6145430,3,4,-1
7483418,8195093,1,2,-1
7483418,8195093,2,3,-1
6481394,8356582,1,3,-2
6481394,8356582,2,4,-2
6481394,8356582,3,8,-5
4384688,7108216,1,1,0
4384688,7108216,3,2,1
4384688,7108216,11,3,8
4384688,7108216,13,7,6
4396390,8043383,3,1,2
4396390,8043383,4,10,-6
4396390,8043383,9,11,-2
6197287,7378083,5,9,-4
6197287,7378083,9,7,2
6880087,8719206,5,10,-5
6880087,8719206,7,9,-2
6163148,6356000,5,1,4
4176243,8723032,4,9,-5
4176243,8723032,5,2,3
5625923,7077423,1,8,-7
5625923,7077423,5,1,4
5434638,8660418,1,1,0
5434638,8660418,6,9,-3
5434638,8660418,13,4,9
5362727,6248729,1,3,-2
5362727,6248729,3,10,-7
5362727,6248729,4,12,-8
5357048,6087578,2,3,-1
5357048,6087578,10,6,4
5181745,5503921,4,12,-8
4537971,7157583,3,2,1
4537971,7157583,6,9,-3
4537971,7157583,12,7,5
4537971,7157583,13,8,5
6229492,6431712,4,5,-1
6229492,6431712,6,2,4
5261883,8070676,1,7,-6
4930357,7383740,2,3,-1
4930357,7383740,4,2,2
5072312,7112465,5,1,4
5072312,7112465,12,7,5
5559687,6842383,1,7,-6
5559687,6842383,4,12,-8
7548085,7696780,2,3,-1
7548085,7696780,3,6,-3
7548085,7696780,6,1,5
7548085,7696780,12,5,7
4703843,6193047,2,11,-9
4703843,6193047,7,6,1
5420943,6843417,1,2,-1
5420943,6843417,2,1,1
3952302,8134495,5,5,0
3952302,8134495,11,1,10
6489561,7573232,3,4,-1
6489561,7573232,4,1,3
6489561,7573232,6,3,3
5352291,6998639,1,1,0
5352291,6998639,2,4,-2
5352291,6998639,3,5,-2
5352291,6998639,13,2,11
5362197,6625953,3,1,2
5362197,6625953,7,13,-6
5362197,6625953,10,7,3
6188134,7102235,3,7,-4
6228016,6988980,7,4,3
6228016,6988980,10,11,-1
5069584,5316416,3,2,1
5069584,5316416,7,3,4
5069584,5316416,13,4,9
6614309,7660564,1,5,-4
6614309,7660564,2,2,0
6614309,7660564,4,4,0
6614309,7660564,7,13,-6
6490161,8422234,11,1,10
6490161,8422234,13,5,8
5217718,6255325,7,5,2
5592173,7970412,1,3,-2
5592173,7970412,3,7,-4
4147116,4569295,1,8,-7
4147116,4569295,5,3,2
4147116,4569295,6,1,5
6220466,7147118,1,2,-1
6220466,7147118,3,4,-1
6220466,7147118,6,13,-7
8250164,8490112,7,12,-5
8250164,8490112,12,5,7
6134016,7267499,1,1,0
8032187,8280439,1,1,0
8032187,8280439,2,3,-1
8032187,8280439,3,2,1
8032187,8280439,4,5,-1
8032187,8280439,5,4,1
8032187,8280439,7,6,1
8032187,8280439,9,13,-4
8032187,8280439,11,10,1
4239635,4552569,2,3,-1
4239635,4552569,5,5,0
4239635,4552569,11,2,9
5562594,8172741,7,3,4
5562594,8172741,12,11,1
4568927,4636621,9,12,-3
5144390,7940559,1,12,-11
4760006,7601435,2,5,-3
4991168,5229991,4,9,-5
4991168,5229991,10,7,3
4991168,5229991,11,8,3
5579220,7890927,6,10,-4
6461083,7628206,6,10,-4
6902271,7396126,3,3,0
7149759,8386941,2,3,-1
6463088,8548019,6,7,-1
6463088,8548019,8,1,7
6463088,8548019,9,12,-3
6463088,8548019,12,3,9
4059982,4484823,7,7,0
4119406,4221567,1,6,-5
4119406,4221567,8,3,5
4119406,4221567,9,13,-4
4093946,4451826,2,10,-8
4093946,4451826,10,2,8
5031690,8117864,5,1,4
5113519,6272536,2,3,-1
4909469,5076529,4,1,3
4909469,5076529,5,3,2
4909469,5076529,8,2,6
4827779,7334453,3,1,2
7027135,7724435,2,7,-5
7027135,7724435,3,13,-10
7027135,7724435,5,2,3
7027135,7724435,8,10,-2
3947558,6555086,3,5,-2
3947558,6555086,4,6,-2
3947558,6555086,5,7,-2
3947558,6555086,8,1,7
3947558,6555086,10,10,0
4219075,4365662,2,10,-8
4219075,4365662,3,1,2
4219075,4365662,4,2,2
4219075,4365662,5,7,-2
5307637,7124588,2,8,-6
5307637,7124588,3,4,-1
4370853,4549395,1,3,-2
4370853,4549395,2,2,0
4370853,4549395,3,4,-1
4370853,4549395,5,8,-3
4370853,4549395,8,1,7
6605154,7901703,3,9,-6
6605154,7901703,4,7,-3
6605154,7901703,8,11,-3
4986280,5316017,1,9,-8
4986280,5316017,12,5,7
4696751,6565698,1,3,-2
4696751,6565698,3,5,-2
4696751,6565698,7,7,0
4696751,6565698,13,6,7
4928603,6559119,9,8,1
4928603,6559119,10,9,1
5239512,8209502,12,8,4
7055757,7234644,1,1,0
7055757,7234644,2,2,0
7055757,7234644,3,3,0
7055757,7234644,4,4,0
7055757,7234644,5,5,0
7055757,7234644,6,6,0
7055757,7234644,7,7,0
7055757,7234644,8,8,0
7055757,7234644,9,9,0
7055757,7234644,10,10,0
7055757,7234644,11,11,0
7055757,7234644,12,12,0
7055757,7234644,13,13,0
5100171,7438315,4,4,0
5100171,7438315,13,3,10
5348318,7752946,6,13,-7
5348318,7752946,7,8,-1
5348318,7752946,10,10,0
7384421,8267935,5,4,1
7384421,8267935,9,10,-1
7915200,8357633,1,4,-3
7915200,8357633,2,1,1
7915200,8357633,3,2,1
7915200,8357633,4,3,1
7915200,8357633,5,5,0
7915200,8357633,6,6,0
7915200,8357633,7,7,0
7915200,8357633,8,8,0
7915200,8357633,9,9,0
7915200,8357633,10,11,-1
7915200,8357633,11,12,-1
7915200,8357633,12,13,-1
4003562,4427308,2,8,-6
4003562,4427308,9,2,7
4003562,4427308,12,4,8
6192051,7096383,9,6,3
6192051,7096383,10,11,-1
4610448,7935040,6,9,-3
6496871,8200603,2,4,-2
4362697,8628921,7,3,4
5062844,5389323,1,4,-3
5062844,5389323,6,7,-1
5062844,5389323,10,6,4
7331295,8267120,3,1,2
7331295,8267120,13,8,5
7808279,8659336,1,8,-7
7808279,8659336,4,3,1
7808279,8659336,6,4,2
7808279,8659336,9,1,8
7808279,8659336,12,10,2
5451027,8539691,6,1,5
5451027,8539691,7,6,1
5087566,7220571,1,1,0
5087566,7220571,5,4,1
6599323,7544213,13,13,0
4386771,5142305,10,5,5
4386771,5142305,13,11,2
6233347,8077912,3,3,0
6128649,7092002,10,12,-2
4543535,4769618,12,11,1
5297192,6122523,2,9,-7
5297192,6122523,5,1,4
5297192,6122523,6,10,-4
5297192,6122523,13,5,8
6996133,8018977,2,8,-6
6996133,8018977,5,2,3
6996133,8018977,9,9,0
4929478,7721518,3,3,0
4929478,7721518,10,8,2
5062900,5244535,8,10,-2
6666881,8092510,1,1,0
6666881,8092510,2,5,-3
6666881,8092510,10,6,4
4190361,5323223,2,10,-8
4190361,5323223,11,12,-1
4190361,5323223,12,2,10
5231020,6395962,5,6,-1
5231020,6395962,10,10,0
5236741,7105623,7,8,-1
4541298,8056436,5,1,4
4541298,8056436,7,2,5
4541298,8056436,13,8,5
5233215,7582519,4,1,3
5233215,7582519,6,2,4
5233215,7582519,12,4,8
4376133,4407841,1,2,-1
4376133,4407841,2,5,-3
6324148,7095706,3,2,1
6324148,7095706,6,10,-4
7051388,7458117,8,7,1
7382247,8629769,5,5,0
7382247,8629769,12,10,2
4401872,6340925,1,6,-5
4401872,6340925,2,3,-1
4401872,6340925,4,9,-5
4401872,6340925,12,4,8
4334107,7102036,2,1,1
4334107,7102036,7,4,3
6269308,7579940,1,1,0
7110309,8004912,1,6,-5
7110309,8004912,4,1,3
7110309,8004912,6,3,3
7110309,8004912,7,13,-6
5002610,6518212,3,4,-1
6205008,8111489,3,1,2
6205008,8111489,5,8,-3
6205008,8111489,6,3,3
6205008,8111489,7,13,-6
6205008,8111489,9,5,4
6956576,8660310,8,11,-3
6956576,8660310,10,8,2
6956576,8660310,11,1,10
4373180,5299318,6,7,-1
4373180,5299318,7,12,-5
4373180,5299318,9,2,7
7312969,7773351,13,4,9
4663720,7771195,2,9,-7
3932843,4899273,1,4,-3
4491142,8662071,3,5,-2
4038237,5109037,7,12,-5
4038237,5109037,9,13,-4
7569100,7722707,1,1,0
7569100,7722707,3,4,-1
7569100,7722707,5,3,2
4002499,5557478,1,2,-1
4002499,5557478,2,1,1
4002499,5557478,11,8,3
4002499,5557478,13,12,1
4146902,4420766,6,9,-3
4146902,4420766,9,8,1
4146902,4420766,10,1,9
3978855,5336163,6,12,-6
3978855,5336163,9,9,0
5056550,6354319,3,2,1
5056550,6354319,12,8,4
5059016,7798543,9,6,3
6312408,8361067,9,12,-3
7343390,8255458,1,1,0
7343390,8255458,2,2,0
7343390,8255458,3,3,0
7343390,8255458,4,4,0
7343390,8255458,5,5,0
7343390,8255458,6,6,0
7343390,8255458,7,7,0
7343390,8255458,8,8,0
7343390,8255458,9,9,0
7343390,8255458,10,10,0
7343390,8255458,11,11,0
7343390,8255458,12,12,0
7343390,8255458,13,13,0
3973076,4352189,1,12,-11
3973076,4352189,2,9,-7
3973076,4352189,4,3,1
3973076,4352189,12,7,5
6995105,7345103,4,7,-3
5204857,6208660,9,10,-1
3993958,5241285,2,2,0
3993958,5241285,3,12,-9
3993958,5241285,5,1,4
6285459,7321434,4,7,-3
6285459,7321434,6,8,-2
6285459,7321434,8,1,7
6285459,7321434,9,2,7
6285459,7321434,12,12,0
5071472,6309441,2,4,-2
5071472,6309441,3,1,2
6322074,6491300,8,4,4
6322074,6491300,12,1,11
4293215,5287141,1,1,0
4293215,5287141,10,2,8
4205675,5334153,1,7,-6
4205675,5334153,6,5,1
5089274,6087126,2,11,-9
5089274,6087126,6,1,5
5089274,6087126,8,9,-1
6475420,8337992,9,1,8
5575375,6662931,7,1,6
5575375,6662931,8,9,-1
5314444,7326237,1,11,-10
7728489,8561598,12,3,9
4714082,5443560,1,13,-12
6179710,7147557,5,1,4
6179710,7147557,7,8,-1
7222082,8010324,8,12,-4
6797326,8622154,3,6,-3
6797326,8622154,4,1,3
7229089,8459678,7,3,4
4047826,7473056,3,4,-1
6363183,7593614,1,8,-7
6363183,7593614,4,6,-2
7795705,7977770,1,4,-3
5082587,5198151,3,4,-1
5082587,5198151,6,1,5
5082587,5198151,9,3,6
5526643,7146798,1,10,-9
5526643,7146798,2,13,-11
5526643,7146798,4,9,-5
5526643,7146798,7,5,2
5526643,7146798,10,7,3
5526643,7146798,11,3,8
5526643,7146798,13,1,12
5160727,5436243,5,7,-2
5160727,5436243,11,8,3
5160727,5436243,12,6,6
4556467,4919807,3,4,-1
6916752,8721943,2,1,1
6916752,8721943,4,3,1
6916752,8721943,8,4,4
6916752,8721943,9,2,7
4275267,4649783,2,9,-7
4275267,4649783,12,13,-1
6097063,6873012,1,9,-8
6097063,6873012,6,2,4
4253371,5410936,2,7,-5
4253371,5410936,11,3,8
4253371,5410936,12,11,1
5032530,6977399,7,8,-1
7211977,8022685,4,5,-1
5572125,7106059,13,8,5
4183317,4782783,2,7,-5
4183317,4782783,6,4,2
6930622,7697354,1,7,-6
6507848,8589388,1,6,-5
6507848,8589388,6,2,4
6507848,8589388,9,4,5
4697691,7331156,5,3,2
5274643,7855974,10,3,7
4991579,5575794,4,3,1
4991579,5575794,9,11,-2
5140628,6169730,1,6,-5
6130582,8749310,3,1,2
6130582,8749310,11,8,3
4956838,5428605,1,3,-2
4956838,5428605,2,1,1
4956838,5428605,4,2,2
4956838,5428605,7,4,3
4808955,6215206,1,5,-4
4808955,6215206,5,11,-6
4907583,6065472,1,2,-1
4907583,6065472,3,4,-1
4907583,6065472,7,7,0
4907583,6065472,8,8,0
4907583,6065472,9,1,8
5189640,6519204,1,4,-3
5189640,6519204,2,1,1
5189640,6519204,5,6,-1
4437425,7673576,2,1,1
7748753,8517430,1,3,-2
7748753,8517430,7,1,6
4987658,8127517,1,4,-3
4987658,8127517,8,1,7
4413605,6470865,7,8,-1
4413605,6470865,9,5,4
4061007,7607332,3,1,2
4061007,7607332,12,13,-1
5104937,5324589,2,6,-4
8006899,8487174,7,9,-2
6311251,8601035,2,9,-7
6311251,8601035,5,2,3
6311251,8601035,6,8,-2
6497348,8622237,4,2,2
6497348,8622237,7,11,-4
6497348,8622237,9,3,6
7477297,8243171,1,1,0
7477297,8243171,2,11,-9
7161237,7605454,8,3,5
4780700,5217397,1,3,-2
4780700,5217397,5,11,-6
4780700,5217397,10,5,5
4780700,5217397,11,9,2
5210636,6548796,3,9,-6
4597365,7246588,1,1,0
4597365,7246588,7,8,-1
4597365,7246588,13,2,11
4929241,5601536,2,1,1
4929241,5601536,3,3,0
4465234,7946291,13,3,10
4095858,5301820,8,2,6
6072328,6415370,12,3,9
6306794,8110275,1,4,-3
6306794,8110275,7,1,6
6385334,8274552,4,1,3
4929303,6075179,2,1,1
4929303,6075179,4,3,1
4929303,6075179,7,4,3
6424269,7963683,1,1,0
6424269,7963683,4,3,1
4143338,4637684,9,3,6
7462181,8728008,1,2,-1
7462181,8728008,2,1,1
7462181,8728008,13,3,10
7003423,7715467,1,12,-11
7003423,7715467,2,5,-3
7003423,7715467,6,6,0
7003423,7715467,10,1,9
7003423,7715467,11,8,3
4629464,5573771,1,2,-1
6473761,8280945,2,8,-6
5161622,8657023,2,4,-2
5161622,8657023,4,10,-6
5161622,8657023,9,2,7
5336950,8289047,2,7,-5
5336950,8289047,3,9,-6
6315027,6615898,5,2,3
6315027,6615898,8,3,5
6315027,6615898,10,1,9
6315027,6615898,12,11,1
5028887,6259688,4,6,-2
4984938,5483781,9,8,1
5070311,6285263,1,6,-5
5070311,6285263,7,10,-3
6434512,7941707,3,3,0
6434512,7941707,6,13,-7
4716994,6511135,1,3,-2
4716994,6511135,8,4,4
4716994,6511135,12,5,7
4739466,5388139,5,7,-2
4739466,5388139,10,4,6
6491108,7383889,8,5,3
6941193,8085145,7,1,6
6941193,8085145,10,4,6
7152118,8447831,2,10,-8
7152118,8447831,3,13,-10
7152118,8447831,5,4,1
4432078,4889186,1,1,0
4432078,4889186,5,6,-1
6067319,7379495,1,10,-9
6067319,7379495,6,5,1
7953877,8630630,3,3,0
7953877,8630630,4,6,-2
7953877,8630630,5,1,4
7953877,8630630,6,4,2
6548396,7718540,2,11,-9
6548396,7718540,10,6,4
6266692,7660857,1,6,-5
6266692,7660857,7,5,2
4570799,8047392,1,2,-1
4570799,8047392,2,7,-5
4639523,7897606,4,13,-9
4639523,7897606,12,9,3
6098737,6461266,2,2,0
6098737,6461266,3,8,-5
6098737,6461266,5,5,0
5145455,8545295,1,1,0
4956891,8572799,3,3,0
4143253,4307275,4,1,3
4143253,4307275,7,2,5
7224582,8057110,1,2,-1
4104767,4441235,2,5,-3
4104767,4441235,4,11,-7
4092255,6162768,2,3,-1
4092255,6162768,3,4,-1
7101371,8034052,2,4,-2
7101371,8034052,3,12,-9
7101371,8034052,10,10,0
4872142,4980864,1,2,-1
4872142,4980864,2,1,1
4872142,4980864,3,3,0
4872142,4980864,4,5,-1
4872142,4980864,12,8,4
4872142,4980864,13,9,4
4638111,4686323,7,10,-3
4638111,4686323,9,3,6
4266531,4366808,2,11,-9
7671451,8633407,10,10,0
4125405,6171762,1,1,0
5309386,8026617,2,8,-6
5309386,8026617,13,2,11
4151021,7738304,13,2,11
5377178,6549497,3,1,2
5377178,6549497,5,7,-2
5377178,6549497,13,3,10
6526549,7716614,1,11,-10
6526549,7716614,4,4,0
6526549,7716614,11,9,2
4638262,7075304,3,12,-9
4638262,7075304,7,10,-3
4638262,7075304,8,11,-3
4638262,7075304,13,9,4
4555157,6231367,2,12,-10
4813905,8662954,1,5,-4
4813905,8662954,7,3,4
4572854,5252384,1,3,-2
4572854,5252384,5,7,-2
4572854,5252384,6,8,-2
4094455,4165030,2,4,-2
4889754,5290067,1,6,-5
4889754,5290067,6,5,1
4356073,6074730,1,3,-2
4356073,6074730,4,8,-4
4356073,6074730,6,9,-3
3990848,5370829,1,8,-7
3990848,5370829,4,5,-1
3990848,5370829,9,1,8
3990848,5370829,11,4,7
3990848,5370829,12,9,3
6401720,7846179,2,2,0
6401720,7846179,7,3,4
6401720,7846179,8,5,3
7520370,8424637,1,1,0
7520370,8424637,3,2,1
6686134,7122299,1,3,-2
6686134,7122299,3,5,-2
6686134,7122299,4,1,3
6686134,7122299,5,2,3
6686134,7122299,7,11,-4
6686134,7122299,13,9,4
4066278,5505480,2,1,1
4066278,5505480,6,2,4
4066278,5505480,10,8,2
7703361,8191263,1,1,0
7703361,8191263,4,10,-6
6459670,8023380,1,1,0
6459670,8023380,2,3,-1
6459670,8023380,4,4,0
6459670,8023380,5,2,3
4504991,6609261,1,6,-5
4504991,6609261,2,12,-10
4504991,6609261,3,11,-8
4504991,6609261,9,5,4
4875153,7397493,8,11,-3
7819754,8192299,1,6,-5
7819754,8192299,2,1,1
7819754,8192299,3,2,1
7819754,8192299,6,8,-2
7819754,8192299,9,11,-2
3967100,4031370,3,11,-8
6602276,7089063,3,4,-1
6602276,7089063,9,1,8
6602276,7089063,12,5,7
6602276,7089063,13,7,6
6292585,7623574,8,8,0
4959113,6068787,6,5,1
4959113,6068787,9,2,7
6633417,7542176,7,6,1
4302283,7455751,2,2,0
4302283,7455751,4,9,-5
4302283,7455751,10,3,7
6853067,7170155,3,1,2
4310854,8191091,1,8,-7
6980870,8009678,4,3,1
5415637,5599306,2,10,-8
5415637,5599306,4,4,0
5415637,5599306,7,3,4
5415637,5599306,10,5,5
5478344,8690898,1,2,-1
5478344,8690898,3,1,2
7034702,8089769,1,2,-1
7034702,8089769,5,4,1
3980469,4154603,3,1,2
4769278,5580501,1,8,-7
4769278,5580501,3,2,1
4769278,5580501,10,11,-1
6856191,8416719,5,6,-1
6856191,8416719,11,10,1
5338210,5547401,1,1,0
5338210,5547401,2,5,-3
5338210,5547401,4,2,2
5338210,5547401,6,3,3
5338210,5547401,7,4,3
4121193,6888473,5,1,4
4778471,5491082,13,9,4
6129604,7675883,9,2,7
5423421,7074216,2,5,-3
7436851,8483225,1,7,-6
7436851,8483225,11,5,6
4381036,4825655,6,6,0
4381036,4825655,12,8,4
7197692,8520745,10,13,-3
7197692,8520745,12,4,8
4819043,7335570,7,5,2
4819043,7335570,9,6,3
7424171,7616263,5,2,3
5638079,7202832,2,2,0
5638079,7202832,3,3,0
5638079,7202832,9,4,5
6063101,7288089,8,1,7
6063101,7288089,13,6,7
7096137,7337356,1,11,-10
7096137,7337356,9,4,5
7096137,7337356,11,12,-1
4487903,7932335,1,3,-2
4487903,7932335,9,11,-2
6636498,8289929,2,1,1
6636498,8289929,3,4,-1
4288709,4745345,2,1,1
4288709,4745345,9,3,6
7706740,8438263,1,1,0
7706740,8438263,4,12,-8
7706740,8438263,13,3,10
6874109,8103926,13,5,8
5200736,6417774,8,1,7
5200736,6417774,9,12,-3
5200736,6417774,10,6,4
7983662,8332397,3,4,-1
7983662,8332397,5,12,-7
7983662,8332397,6,8,-2
6280187,7345320,3,2,1
4680875,8726424,4,8,-4
6913911,8470582,2,2,0
5387088,7018182,3,2,1
5387088,7018182,4,6,-2
5387088,7018182,5,3,2
5387088,7018182,6,11,-5
5387088,7018182,9,5,4
6256197,7495913,2,3,-1
6256197,7495913,4,9,-5
7708180,8453907,4,2,2
8046042,8676286,1,9,-8
8046042,8676286,3,1,2
8046042,8676286,6,11,-5
8046042,8676286,8,8,0
7386575,8656073,3,13,-10
7386575,8656073,6,10,-4
7874395,8596397,3,3,0
7874395,8596397,5,2,3
6505489,7665338,1,1,0
5123544,6651827,1,3,-2
5123544,6651827,10,11,-1
5123544,6651827,13,8,5
4635399,6901706,1,7,-6
4635399,6901706,3,2,1
4635399,6901706,6,1,5
4635399,6901706,7,4,3
5035727,5547494,1,3,-2
5035727,5547494,4,13,-9
5035727,5547494,5,5,0
5035727,5547494,12,2,10
4454077,5261783,1,5,-4
6199920,7758370,4,2,2
4955912,7803193,4,12,-8
7065595,7249210,3,1,2
7065595,7249210,5,5,0
7065595,7249210,6,7,-1
7065595,7249210,7,8,-1
7065595,7249210,11,10,1
4038869,6609420,4,13,-9
5401466,6881581,1,3,-2
5401466,6881581,2,5,-3
5401466,6881581,3,2,1
5401466,6881581,4,11,-7
5401466,6881581,6,8,-2
5401466,6881581,8,10,-2
5289472,7203199,4,5,-1
6208484,7002774,1,9,-8
6208484,7002774,3,1,2
6137797,7831604,3,12,-9
4336651,7500312,1,2,-1
4336651,7500312,2,11,-9
4336651,7500312,9,9,0
4336651,7500312,12,5,7
4967208,6557974,1,13,-12
4967208,6557974,2,4,-2
4967208,6557974,6,3,3
5304719,8134051,4,4,0
5304719,8134051,6,9,-3
5304719,8134051,7,6,1
5077348,6599987,3,8,-5
5077348,6599987,6,6,0
4831438,6462775,2,9,-7
4831438,6462775,3,1,2
4831438,6462775,6,3,3
6961713,8458055,2,2,0
6961713,8458055,6,10,-4
6961713,8458055,8,11,-3
6961713,8458055,10,3,7
6961713,8458055,11,7,4
6961713,8458055,13,9,4
5358265,5484153,1,2,-1
5358265,5484153,6,13,-7
4200396,6483580,1,2,-1
5473379,6931066,1,3,-2
5473379,6931066,7,7,0
5473379,6931066,8,1,7
5473379,6931066,9,4,5
5473379,6931066,11,5,6
7154740,8451588,1,1,0
7154740,8451588,3,6,-3
7154740,8451588,6,4,2
4677447,6550901,1,1,0
4677447,6550901,2,3,-1
4806461,5650266,1,1,0
4806461,5650266,2,3,-1
4806461,5650266,3,4,-1
4806461,5650266,4,5,-1
4806461,5650266,5,10,-5
4806461,5650266,6,6,0
4806461,5650266,11,13,-2
3943393,7062017,10,10,0
6642217,6951847,3,4,-1
6642217,6951847,4,1,3
6642217,6951847,11,2,9
6578577,7081089,1,3,-2
6578577,7081089,3,2,1
6578577,7081089,11,1,10
7417164,8005524,8,1,7
4488875,5564922,3,3,0
4886056,7490608,3,6,-3
5383899,8375553,11,8,3
6458365,7811587,1,6,-5
6458365,7811587,2,1,1
6458365,7811587,4,12,-8
6458365,7811587,5,2,3
6458365,7811587,6,13,-7
6458365,7811587,9,9,0
6458365,7811587,10,3,7
6458365,7811587,11,10,1
6217509,7166073,6,5,1
5572603,8594436,1,2,-1
5572603,8594436,8,4,4
4796979,5187402,1,7,-6
4796979,5187402,2,1,1
4796979,5187402,3,3,0
4796979,5187402,4,5,-1
4796979,5187402,6,9,-3
7492720,8495387,2,2,0
4903006,6965303,2,3,-1
4903006,6965303,3,4,-1
4903006,6965303,6,8,-2
6942577,8246050,1,5,-4
5366453,5624423,7,1,6
4393441,5008800,2,5,-3
4393441,5008800,6,11,-5
4393441,5008800,11,7,4
4007372,4124384,5,2,3
4007372,4124384,9,5,4
4007372,4124384,11,8,3
6560243,8719399,4,8,-4
6230307,7941790,9,2,7
6230307,7941790,12,13,-1
4591537,5073527,4,1,3
4591537,5073527,8,3,5
5084061,7909838,2,1,1
4783337,5226902,4,4,0
4783337,5226902,10,6,4
7122853,8599601,6,12,-6
4172297,4702244,1,2,-1
4172297,4702244,5,7,-2
4172297,4702244,9,4,5
4915808,7402233,1,4,-3
6187064,8324437,1,1,0
6187064,8324437,3,2,1
6187064,8324437,7,3,4
6187064,8324437,10,9,1
7940299,8451318,3,11,-8
4824433,5306236,2,1,1
4373467,5261958,2,1,1
4373467,5261958,3,4,-1
5017679,8119762,2,4,-2
4551133,8608484,5,11,-6
4551133,8608484,10,5,5
4551133,8608484,11,4,7
6186029,7707910,2,2,0
6186029,7707910,5,4,1
6186029,7707910,9,3,6
7348892,8433520,3,13,-10
4609902,6667871,1,13,-12
6181174,6539525,3,9,-6
6181174,6539525,4,2,2
6181174,6539525,11,4,7
6526771,8092638,3,3,0
6526771,8092638,4,4,0
7003176,7929774,2,2,0
7003176,7929774,8,4,4
7003176,7929774,11,1,10
4903113,7190069,2,3,-1
4903113,7190069,8,6,2
4903113,7190069,9,4,5
6245108,7226480,1,1,0
6245108,7226480,2,13,-11
6245108,7226480,4,3,1
6066516,7253032,2,4,-2
6066516,7253032,4,2,2
6066516,7253032,5,1,4
6926471,7104733,3,4,-1
6926471,7104733,4,7,-3
6926471,7104733,7,1,6
6926471,7104733,13,6,7
4794397,8342416,2,6,-4
4116282,4535848,2,1,1
4116282,4535848,5,8,-3
4116282,4535848,6,5,1
4116282,4535848,10,10,0
5390108,6219437,1,1,0
5390108,6219437,9,13,-4
5390108,6219437,13,10,3
7303373,8096761,1,5,-4
7303373,8096761,2,3,-1
7303373,8096761,3,2,1
6321092,8010126,5,2,3
6321092,8010126,6,3,3
6192070,7558574,10,7,3
6252197,8097080,10,5,5
6424793,7912338,10,11,-1
5256989,7373575,2,5,-3
6391314,7261898,1,12,-11
6391314,7261898,2,1,1
6391314,7261898,13,6,7
6207989,7952128,5,3,2
5347632,6873693,2,3,-1
5347632,6873693,6,6,0
4158359,5415866,4,7,-3
4894759,5426577,3,5,-2
4894759,5426577,4,6,-2
4894759,5426577,6,4,2
4894759,5426577,9,12,-3
4894759,5426577,11,1,10
8274578,8625847,1,3,-2
8274578,8625847,6,4,2
5350971,6117362,1,1,0
5350971,6117362,2,3,-1
6632116,7180246,7,12,-5
6632116,7180246,12,9,3
4067805,4846977,3,3,0
4446872,7404802,5,2,3
4449913,7104780,3,2,1
4449913,7104780,4,10,-6
7264716,7563363,5,8,-3
6650901,8560733,1,9,-8
6650901,8560733,6,13,-7
6650901,8560733,9,3,6
6650901,8560733,12,6,6
6650901,8560733,13,2,11
4706918,6622340,1,7,-6
5408469,7415016,5,13,-8
5408469,7415016,10,12,-2
6375568,8591313,1,5,-4
6375568,8591313,2,3,-1
6375568,8591313,5,2,3
4907775,6530549,1,10,-9
4907775,6530549,2,9,-7
4907775,6530549,11,2,9
5061106,5276935,2,9,-7
4621754,6099392,1,1,0
4621754,6099392,7,3,4
6899948,7855242,1,8,-7
6899948,7855242,8,3,5
4906391,5093017,1,4,-3
4906391,5093017,2,1,1
4906391,5093017,3,5,-2
4906391,5093017,4,6,-2
4906391,5093017,5,8,-3
4906391,5093017,6,13,-7
4906391,5093017,9,10,-1
4906391,5093017,13,12,1
4615345,7600518,5,3,2
4615345,7600518,7,1,6
4615345,7600518,12,7,5
4925633,8691719,2,11,-9
4925633,8691719,4,10,-6
4925633,8691719,7,4,3
4353420,8286734,8,8,0
4353420,8286734,13,2,11
4449277,5213192,1,1,0
4449277,5213192,8,3,5
4449277,5213192,9,2,7
4449277,5213192,10,11,-1
4399510,4568934,3,1,2
4399510,4568934,9,4,5
4982256,7012943,3,1,2
4982256,7012943,6,8,-2
7356145,7707412,2,8,-6
7356145,7707412,6,3,3
7356145,7707412,9,7,2
4598309,5504536,1,11,-10
4598309,5504536,6,2,4
4598309,5504536,8,3,5
4903446,7654047,3,2,1
4903446,7654047,6,13,-7
4903446,7654047,7,6,1
4950264,5505719,4,8,-4
4950264,5505719,11,1,10
7239908,8529630,4,11,-7
5277853,6616874,1,4,-3
5277853,6616874,7,1,6
6671238,7145843,1,1,0
6671238,7145843,4,4,0
6671238,7145843,5,5,0
6671238,7145843,11,2,9
3991225,4312893,2,3,-1
3991225,4312893,7,2,5
4071691,8411066,7,1,6
4071691,8411066,9,10,-1
5348667,7115551,13,2,11
6236977,7272212,13,8,5
4917503,7294379,8,4,4
4177827,4370995,1,5,-4
4177827,4370995,5,3,2
6479352,8026558,1,2,-1
6479352,8026558,7,10,-3
4415897,5221928,3,1,2
4415897,5221928,10,5,5
3943523,4318107,2,2,0
3943523,4318107,7,1,6
7462490,7648837,1,1,0
7462490,7648837,2,2,0
7462490,7648837,3,5,-2
7462490,7648837,5,4,1
4309562,5569674,7,9,-2
4926186,6982968,8,5,3
4951956,8172727,2,12,-10
4951956,8172727,3,5,-2
4209744,4495587,4,6,-2
4209744,4495587,8,5,3
5244237,7472885,13,2,11
5410016,6090317,3,10,-7
6159059,7364480,2,4,-2
6159059,7364480,6,6,0
6159059,7364480,10,10,0
6159059,7364480,11,5,6
6159059,7364480,13,7,6
5196000,7156829,1,12,-11
5196000,7156829,2,2,0
5196000,7156829,6,13,-7
5196000,7156829,8,7,1
4366971,7108061,11,1,10
4828124,8522988,1,2,-1
4828124,8522988,7,3,4
4203788,6539643,5,1,4
7188780,7980486,1,8,-7
7188780,7980486,2,12,-10
6490607,6993549,1,11,-10
6490607,6993549,9,6,3
7178776,7874534,3,11,-8
5167613,8348930,12,6,6
4864618,8011595,9,3,6
4678914,5060505,2,6,-4
4678914,5060505,4,2,2
4678914,5060505,7,10,-3
4012898,7079452,1,6,-5
4012898,7079452,2,1,1
4012898,7079452,4,4,0
4012898,7079452,7,5,2
4633880,7245973,11,8,3
4913799,6635171,12,5,7
4979230,7729676,6,7,-1
7752103,8635148,1,3,-2
7752103,8635148,10,13,-3
4333468,7905852,1,3,-2
4333468,7905852,12,5,7
4333468,7905852,13,8,5
4053335,6503771,4,1,3
4053335,6503771,11,3,8
4986472,6908044,3,9,-6
4986472,6908044,4,2,2
4986472,6908044,5,1,4
6966096,8397341,1,1,0
6966096,8397341,2,6,-4
6966096,8397341,3,2,1
7002805,8462511,4,8,-4
7002805,8462511,5,6,-1
4288781,6929109,4,12,-8
4288781,6929109,7,6,1
4288781,6929109,12,9,3
4796401,4951442,2,6,-4
4796401,4951442,3,3,0
4796401,4951442,6,1,5
4796401,4951442,9,2,7
4796401,4951442,10,7,3
5559399,6154188,6,3,3
6073209,7975115,11,4,7
4101321,4536458,1,6,-5
4101321,4536458,3,1,2
4101321,4536458,5,2,3
4101321,4536458,10,5,5
4673772,7875806,1,1,0
4673772,7875806,2,9,-7
6665939,6928740,5,3,2
6665939,6928740,6,5,1
4491135,7097640,8,1,7
7121693,7483215,3,10,-7
7121693,7483215,5,12,-7
7121693,7483215,13,13,0
4693290,4877072,2,1,1
4693290,4877072,9,6,3
4693290,4877072,10,2,8
6209610,6629555,1,1,0
5156301,7168592,2,3,-1
5156301,7168592,4,2,2
5156301,7168592,8,6,2
5156301,7168592,10,5,5
4104567,4298829,2,11,-9
4104567,4298829,3,2,1
4104567,4298829,5,7,-2
4104567,4298829,8,13,-5
5581378,8207946,6,2,4
6641165,7237799,1,2,-1
6641165,7237799,6,1,5
7051316,7516440,4,5,-1
6077429,8173020,2,7,-5
6077429,8173020,4,8,-4
6077429,8173020,8,2,6
6077429,8173020,11,9,2
6160449,7733175,1,4,-3
6160449,7733175,7,12,-5
6160449,7733175,8,9,-1
5561727,6203333,2,8,-6
5561727,6203333,4,10,-6
5561727,6203333,10,2,8
4380067,7315963,1,6,-5
5098225,7086808,2,1,1
8249030,8605689,1,1,0
8249030,8605689,2,2,0
8249030,8605689,3,3,0
8249030,8605689,4,4,0
8249030,8605689,5,5,0
8249030,8605689,6,6,0
8249030,8605689,7,7,0
8249030,8605689,8,8,0
8249030,8605689,9,9,0
8249030,8605689,10,10,0
8249030,8605689,11,11,0
8249030,8605689,12,12,0
8249030,8605689,13,13,0
6526766,7090141,1,1,0
6879594,8270395,7,4,3
6879594,8270395,10,10,0
6879594,8270395,11,1,10
6527801,7070798,2,3,-1
5065591,7047753,1,1,0
5065591,7047753,2,3,-1
5065591,7047753,3,2,1
5065591,7047753,6,6,0
6253817,6878103,7,6,1
6651389,8701346,5,8,-3
6283601,6963679,1,4,-3
4959021,6220889,3,6,-3
6345200,8463369,4,7,-3
4548199,7048735,4,8,-4
4548199,7048735,13,7,6
5398839,6595382,3,2,1
5398839,6595382,7,3,4
5398839,6595382,11,6,5
3941272,5265656,3,1,2
3941272,5265656,10,8,2
3941272,5265656,13,9,4
5186347,7845510,1,1,0
5186347,7845510,7,2,5
5066851,6444955,1,2,-1
5066851,6444955,4,4,0
5066851,6444955,6,11,-5
5066851,6444955,7,3,4
5066851,6444955,11,6,5
5066851,6444955,12,1,11
5012578,6263576,1,1,0
5304194,7771451,2,4,-2
4991095,8600708,2,1,1
4991095,8600708,6,2,4
6311105,7095321,8,6,2
6311105,7095321,12,4,8
5164200,6099284,4,5,-1
5164200,6099284,5,1,4
5164200,6099284,8,8,0
5164200,6099284,10,3,7
7155681,7724716,1,6,-5
7155681,7724716,2,9,-7
7155681,7724716,7,10,-3
7155681,7724716,9,5,4
6473794,7724657,4,8,-4
6609248,7624384,3,1,2
6609248,7624384,8,2,6
6609248,7624384,10,3,7
5299544,6119512,1,1,0
5299544,6119512,10,6,4
5299544,6119512,12,2,10
5416429,6633175,1,1,0
6495898,6852653,3,6,-3
4750482,8481071,3,4,-1
4601286,4909244,10,11,-1
4601286,4909244,12,12,0
6977757,7167273,1,2,-1
6977757,7167273,6,3,3
6977757,7167273,10,6,4
6977757,7167273,11,13,-2
6977757,7167273,13,8,5
5195720,7156363,1,12,-11
5195720,7156363,3,9,-6
5195720,7156363,5,10,-5
5195720,7156363,8,4,4
6660118,7905980,1,2,-1
6660118,7905980,3,6,-3
6660118,7905980,4,8,-4
6660118,7905980,5,10,-5
6289341,7386460,4,1,3
6289341,7386460,11,4,7
4162816,7485003,4,1,3
4993877,5564857,8,12,-4
4993877,5564857,9,1,8
4627352,7896990,7,5,2
7808707,8172397,1,1,0
7808707,8172397,2,3,-1
7808707,8172397,3,2,1
7808707,8172397,4,8,-4
7808707,8172397,5,4,1
7808707,8172397,7,9,-2
7808707,8172397,8,12,-4
5630978,8192762,2,11,-9
5630978,8192762,5,7,-2
5630978,8192762,7,13,-6
5630978,8192762,9,6,3
5630978,8192762,11,4,7
4270584,5305809,9,1,8
4270584,5305809,11,12,-1
8239950,8646083,1,1,0
8239950,8646083,2,6,-4
8239950,8646083,3,5,-2
8239950,8646083,4,11,-7
8239950,8646083,5,8,-3
8239950,8646083,6,2,4
8239950,8646083,7,3,4
8239950,8646083,10,9,1
8239950,8646083,11,10,1
4323968,6906978,11,1,10
4294486,8082937,1,1,0
5647200,8490398,2,11,-9
6185765,7520010,7,1,6
4766291,8258434,6,3,3
4766291,8258434,7,7,0
4766291,8258434,9,2,7
7088242,7774242,8,1,7
5640569,7392214,1,2,-1
5640569,7392214,5,1,4
5586138,7723642,6,1,5
5586138,7723642,11,4,7
4217092,4496313,7,5,2
6621325,7859062,1,4,-3
6621325,7859062,2,7,-5
4697636,5309987,5,6,-1
4697636,5309987,8,1,7
4697636,5309987,12,10,2
4697636,5309987,13,11,2
6594655,7953709,5,9,-4
6594655,7953709,7,3,4
5303620,6647836,1,4,-3
5303620,6647836,12,7,5
6372511,7993871,2,1,1
6372511,7993871,4,3,1
6232659,7542297,8,2,6
4122245,7531707,2,1,1
3978925,5143958,2,10,-8
7370103,7574343,4,4,0
7370103,7574343,9,2,7
7885428,8458475,7,2,5
5631694,8397269,4,2,2
5633306,6896735,9,2,7
5227929,7541551,1,8,-7
5390644,7379810,1,1,0
5390644,7379810,3,2,1
5390644,7379810,5,7,-2
5390644,7379810,9,6,3
5322747,6531262,9,5,4
6476205,8252755,3,1,2
6476205,8252755,6,13,-7
5222975,8267300,3,5,-2
5222975,8267300,4,4,0
6410026,8475785,1,2,-1
6410026,8475785,5,6,-1
7010576,7660960,7,8,-1
7010576,7660960,12,4,8
4378158,5140373,1,1,0
4378158,5140373,3,9,-6
4378158,5140373,4,5,-1
4378158,5140373,6,13,-7
4378158,5140373,8,6,2
4240281,5428984,1,4,-3
4240281,5428984,3,6,-3
4240281,5428984,10,7,3
4949463,6176322,10,10,0
4494100,5237165,1,1,0
4494100,5237165,2,13,-11
7113866,7986223,1,1,0
7113866,7986223,2,2,0
6632243,8136230,1,1,0
4905987,7727077,2,1,1
7207020,7921398,2,13,-11
7207020,7921398,11,7,4
4215930,4416535,5,4,1
4215930,4416535,8,7,1
4215930,4416535,11,13,-2
7588175,8701959,3,4,-1
7588175,8701959,5,6,-1
7588175,8701959,10,7,3
6457823,7073901,1,9,-8
6457823,7073901,2,2,0
6457823,7073901,4,8,-4
6457823,7073901,6,12,-6
6457823,7073901,8,4,4
6457823,7073901,12,7,5
4496788,7858431,2,7,-5
4496788,7858431,4,1,3
5184265,7042816,4,2,2
5184265,7042816,5,8,-3
5184265,7042816,10,6,4
6631440,7565480,1,2,-1
6631440,7565480,2,3,-1
4919431,7422527,1,3,-2
4919431,7422527,2,5,-3
4919431,7422527,3,12,-9
5411519,8568444,4,7,-3
5411519,8568444,6,10,-4
5411519,8568444,12,5,7
4464725,5183124,3,7,-4
5190522,7505869,2,6,-4
5190522,7505869,4,12,-8
5254099,5487734,1,1,0
5254099,5487734,9,3,6
7039609,8725622,1,3,-2
7039609,8725622,4,1,3
7039609,8725622,5,4,1
5116388,6743265,2,1,1
4262971,4618190,1,5,-4
4262971,4618190,2,10,-8
4262971,4618190,8,4,4
4262971,4618190,12,1,11
5129648,7510492,1,2,-1
5129648,7510492,2,1,1
5129648,7510492,3,4,-1
6669730,8361153,3,1,2
6669730,8361153,7,2,5
5115913,7143896,3,7,-4
5231470,7659995,4,5,-1
5231470,7659995,13,7,6
7119104,8648208,1,3,-2
7119104,8648208,2,1,1
7119104,8648208,3,2,1
7119104,8648208,4,12,-8
7119104,8648208,5,8,-3
7119104,8648208,6,4,2
7119104,8648208,9,6,3
7119104,8648208,10,9,1
7119104,8648208,11,11,0
4202875,4433058,1,4,-3
4202875,4433058,2,7,-5
4202875,4433058,3,3,0
6262096,7423051,2,7,-5
6262096,7423051,8,8,0
4182934,8200190,2,3,-1
6235393,8470222,3,6,-3
6235393,8470222,10,7,3
4569350,7908003,11,5,6
4519986,4752454,2,1,1
4519986,4752454,3,2,1
4519986,4752454,4,4,0
4519986,4752454,6,8,-2
4519986,4752454,9,7,2
5178109,5333582,2,1,1
5178109,5333582,3,10,-7
5178109,5333582,6,13,-7
4799156,7630919,12,4,8
7406289,8078081,1,10,-9
7406289,8078081,2,2,0
7406289,8078081,7,3,4
5568570,7760904,5,8,-3
4802998,5302695,2,11,-9
5452868,7549700,1,1,0
5452868,7549700,6,7,-1
5452868,7549700,7,9,-2
5452868,7549700,8,2,6
6574424,8613020,4,5,-1
7013994,8225883,4,8,-4
4304973,4349712,3,12,-9
5569600,7056504,1,1,0
5138626,5278094,11,2,9
4376067,4834869,4,9,-5
5487746,8585717,2,6,-4
5487746,8585717,5,3,2
6081381,7660042,3,3,0
6081381,7660042,13,13,0
6175688,7922686,1,1,0
6536520,7107875,3,1,2
5627855,7706332,4,4,0
5627855,7706332,5,13,-8
5627855,7706332,11,10,1
4877935,5288966,2,1,1
4877935,5288966,3,4,-1
4877935,5288966,4,3,1
4877935,5288966,5,9,-4
4877935,5288966,9,2,7
4988496,5252721,1,1,0
4988496,5252721,4,2,2
4988496,5252721,6,7,-1
4988496,5252721,8,9,-1
4988496,5252721,10,4,6
4988496,5252721,11,5,6
4988496,5252721,12,6,6
4988496,5252721,13,3,10
4207362,4612063,8,7,1
4207362,4612063,11,10,1
6237908,8083455,2,1,1
4958278,6324644,9,4,5
5504362,8669146,7,7,0
5385580,6159239,1,2,-1
5385580,6159239,3,3,0
4209826,6577961,8,6,2
4787737,8724321,1,1,0
4787737,8724321,7,7,0
6304473,6894911,1,3,-2
6304473,6894911,2,6,-4
6304473,6894911,3,8,-5
6304473,6894911,7,12,-5
6304473,6894911,9,13,-4
7078551,7718819,8,10,-2
4105967,6837108,7,11,-4
4105967,6837108,9,10,-1
4105967,6837108,13,6,7
6511452,8539660,2,12,-10
6511452,8539660,5,2,3
6511452,8539660,6,5,1
6511452,8539660,7,3,4
5280055,5656682,3,3,0
5280055,5656682,4,1,3
5280055,5656682,8,2,6
5280055,5656682,10,12,-2
7661148,8353062,1,1,0
7661148,8353062,2,2,0
7661148,8353062,3,3,0
7661148,8353062,4,4,0
7661148,8353062,5,5,0
7661148,8353062,6,6,0
7661148,8353062,7,7,0
7661148,8353062,8,8,0
7661148,8353062,9,9,0
7661148,8353062,10,10,0
7661148,8353062,11,11,0
7661148,8353062,12,12,0
7661148,8353062,13,13,0
5054926,7187810,13,2,11
6128446,7773124,2,3,-1
6128446,7773124,6,6,0
6128446,7773124,9,13,-4
5015833,7686225,5,12,-7
3969772,7043767,11,9,2
7463906,7801565,2,1,1
7463906,7801565,3,4,-1
7463906,7801565,4,2,2
7463906,7801565,6,9,-3
7463906,7801565,8,3,5
7463906,7801565,12,7,5
4311435,8212374,1,5,-4
4311435,8212374,4,2,2
4311435,8212374,9,7,2
6842117,8433446,11,12,-1
4688031,6075927,2,6,-4
4688031,6075927,5,3,2
4998077,6150891,7,5,2
4998077,6150891,10,11,-1
7801864,8504526,3,13,-10
7801864,8504526,13,2,11
4718907,5260093,4,3,1
4718907,5260093,6,1,5
4718907,5260093,10,8,2
5168481,7805402,4,6,-2
5168481,7805402,7,1,6
5168481,7805402,9,7,2
4941175,5103476,2,9,-7
6222447,7579940,1,1,0
6222447,7579940,4,5,-1
6222447,7579940,11,3,8
4104456,4198491,11,4,7
4104456,4198491,12,5,7
4104456,4198491,13,13,0
7256576,8020460,3,1,2
5630128,7058945,1,1,0
5630128,7058945,3,12,-9
5630128,7058945,5,2,3
5053948,6917570,4,9,-5
6348051,7833222,1,4,-3
6348051,7833222,11,7,4
6348051,7833222,12,5,7
4095012,4612221,9,11,-2
4095012,4612221,11,13,-2
5501632,6139418,1,1,0
5501632,6139418,7,2,5
6943297,8235755,2,3,-1
6943297,8235755,3,10,-7
4855098,6371755,1,1,0
4855098,6371755,2,4,-2
4129857,5263272,2,3,-1
7377421,8051169,5,8,-3
7377421,8051169,7,11,-4
6091883,7167840,6,4,2
5059601,5290790,4,1,3
5533869,7482705,1,6,-5
5533869,7482705,8,5,3
5533869,7482705,10,1,9
5533869,7482705,13,8,5
4814470,5294737,11,9,2
5009039,7934978,1,4,-3
5009039,7934978,2,6,-4
5009039,7934978,10,9,1
5113251,5576847,1,1,0
5113251,5576847,2,2,0
5113251,5576847,7,3,4
6869869,7164195,7,12,-5
6869869,7164195,8,1,7
6532724,7143570,3,8,-5
6532724,7143570,5,12,-7
6532724,7143570,7,4,3
6532724,7143570,9,2,7
6457068,7797510,1,1,0
6457068,7797510,4,3,1
6457068,7797510,5,6,-1
6594798,8134976,1,6,-5
4075928,6991212,1,2,-1
3985181,4079780,1,1,0
3985181,4079780,9,3,6
3985181,4079780,10,9,1
7147604,8360984,2,7,-5
6499129,7185300,4,4,0
4100233,5071600,1,2,-1
4100233,5071600,3,5,-2
4100233,5071600,4,3,1
7216289,8639661,5,1,4
7216289,8639661,8,9,-1
7216289,8639661,10,8,2
4253857,5248099,2,5,-3
4253857,5248099,3,4,-1
4253857,5248099,6,3,3
4337864,7149336,1,5,-4
7693978,8700659,1,8,-7
7693978,8700659,2,9,-7
7693978,8700659,9,1,8
5004234,5320343,1,10,-9
5004234,5320343,2,4,-2
5004234,5320343,3,5,-2
5004234,5320343,7,9,-2
5219406,6088981,5,2,3
4712146,5309421,1,1,0
4712146,5309421,11,13,-2
5237256,7652440,2,3,-1
5237256,7652440,12,4,8
6072832,7760989,4,3,1
6072832,7760989,7,1,6
6072832,7760989,12,5,7
4386980,7109134,1,4,-3
4386980,7109134,3,6,-3
4969031,6198133,1,10,-9
6843803,7344514,3,1,2
6843803,7344514,5,8,-3
6843803,7344514,6,3,3
4849474,5302662,1,4,-3
7144396,8475498,6,4,2
7047070,8287516,7,9,-2
4909874,6365242,3,6,-3
4909874,6365242,4,4,0
4909874,6365242,8,3,5
4909874,6365242,10,5,5
5600086,7109888,5,8,-3
5649537,6548044,9,4,5
4921271,7635135,6,1,5
4921271,7635135,13,11,2
6068482,7826646,6,3,3
7557367,7972875,3,9,-6
7557367,7972875,4,3,1
6095426,8325637,5,10,-5
5639997,8559272,2,6,-4
5639997,8559272,4,2,2
5639997,8559272,7,10,-3
5639997,8559272,8,12,-4
5639997,8559272,9,7,2
4048853,7657392,5,6,-1
4937835,7756047,4,8,-4
5643241,6524292,12,2,10
5643241,6524292,13,7,6
5391272,6582970,1,2,-1
6279548,7047952,2,6,-4
6279548,7047952,3,5,-2
6279548,7047952,6,7,-1
6279548,7047952,7,2,5
6279548,7047952,13,11,2
6547359,7669956,1,3,-2
6547359,7669956,2,1,1
6547359,7669956,3,11,-8
6199099,8615796,4,6,-2
6199099,8615796,5,12,-7
4856123,6212714,4,4,0
4856123,6212714,6,12,-6
4075831,7617617,2,11,-9
4075831,7617617,7,5,2
4899952,6286773,1,3,-2
4899952,6286773,2,1,1
4899952,6286773,4,9,-5
4899952,6286773,5,7,-2
4899952,6286773,6,8,-2
4899952,6286773,8,6,2
4899952,6286773,10,4,6
4899952,6286773,11,11,0
5603971,8389032,2,7,-5
4322698,5302932,1,1,0
4322698,5302932,2,7,-5
4322698,5302932,10,5,5
4322698,5302932,11,3,8
7582626,8586578,1,2,-1
7582626,8586578,2,3,-1
7582626,8586578,3,4,-1
7582626,8586578,4,5,-1
7582626,8586578,5,6,-1
7582626,8586578,6,7,-1
7582626,8586578,7,8,-1
7582626,8586578,8,9,-1
7582626,8586578,9,10,-1
7582626,8586578,10,11,-1
7582626,8586578,11,12,-1
7582626,8586578,12,13,-1
5444178,6974900,3,3,0
5444178,6974900,4,4,0
5444178,6974900,5,5,0
5444178,6974900,6,6,0
5444178,6974900,7,9,-2
6185675,6957327,2,2,0
6185675,6957327,4,1,3
6185675,6957327,6,3,3
6185675,6957327,7,5,2
7235193,8216676,1,1,0
7235193,8216676,3,7,-4
7235193,8216676,9,6,3
7235193,8216676,13,10,3
7356530,8082246,1,3,-2
7356530,8082246,2,6,-4
4120570,7897654,12,13,-1
4762135,8332046,3,1,2
4762135,8332046,8,9,-1
7226598,8058012,1,8,-7
7226598,8058012,3,7,-4
7226598,8058012,6,4,2
6067991,7615001,3,1,2
4911718,8409284,1,5,-4
4911718,8409284,4,13,-9
6853112,7994678,9,10,-1
4490821,5504878,2,3,-1
4490821,5504878,8,8,0
4777856,8735706,2,7,-5
4777856,8735706,4,3,1
4777856,8735706,5,2,3
4986538,5549530,10,2,8
4986538,5549530,13,9,4
5409071,6866097,8,1,7
6247553,7497302,5,5,0
6247553,7497302,12,9,3
6304273,7719533,7,6,1
6304273,7719533,10,1,9
6304273,7719533,11,5,6
6304273,7719533,12,2,10
6146276,8342935,6,9,-3
6382655,7976052,1,12,-11
4377827,4628380,10,11,-1
6265978,8009051,3,3,0
5069655,5273501,1,1,0
5069655,5273501,2,4,-2
5069655,5273501,3,2,1
5069655,5273501,4,12,-8
5069655,5273501,6,7,-1
5069655,5273501,7,10,-3
5069655,5273501,8,5,3
5069655,5273501,10,6,4
5069655,5273501,11,9,2
4532547,4626914,3,4,-1
4532547,4626914,5,2,3
4532547,4626914,8,10,-2
5453433,7579465,7,5,2
5453433,7579465,8,2,6
6158923,7762745,1,1,0
6158923,7762745,2,2,0
6158923,7762745,12,3,9
6604908,7717682,1,1,0
6604908,7717682,2,3,-1
6604908,7717682,5,4,1
6604908,7717682,6,5,1
5012424,7143844,1,2,-1
5012424,7143844,3,5,-2
6120460,8610769,8,6,2
6250783,7898398,3,6,-3
6250783,7898398,5,13,-8
6250783,7898398,6,3,3
4574269,5053746,6,8,-2
6261222,8192351,1,4,-3
5627448,6371768,1,2,-1
5627448,6371768,2,10,-8
5627448,6371768,3,12,-9
5627448,6371768,6,1,5
5627448,6371768,8,5,3
4717061,6234096,1,1,0
4717061,6234096,2,8,-6
4717061,6234096,13,5,8
6661372,8126889,7,1,6
4523555,4964378,1,4,-3
6091233,8487591,8,6,2
6201180,8456876,3,1,2
6287168,7682219,1,10,-9
5169871,6652837,3,1,2
4766062,6646243,3,11,-8
4766062,6646243,9,4,5
4203426,4345582,3,1,2
4203426,4345582,4,4,0
4203426,4345582,9,12,-3
4203426,4345582,11,2,9
6615276,7757278,1,8,-7
7118582,8746529,1,2,-1
7118582,8746529,2,1,1
7118582,8746529,12,10,2
6298176,8348165,2,10,-8
6298176,8348165,3,1,2
6638906,7662773,2,2,0
5155819,7558944,8,6,2
4450318,5183966,12,1,11
4011785,7374383,1,2,-1
4011785,7374383,4,1,3
6578518,7694652,1,1,0
6578518,7694652,2,2,0
6578518,7694652,3,6,-3
6578518,7694652,10,5,5
6393434,8533154,2,7,-5
6393434,8533154,12,13,-1
5129887,6524285,1,2,-1
5129887,6524285,2,8,-6
5129887,6524285,7,9,-2
7641163,8746635,5,8,-3
7641163,8746635,13,10,3
5314435,7235089,1,2,-1
5641655,6884419,2,7,-5
5641655,6884419,5,1,4
5641655,6884419,10,2,8
6298271,8175716,2,1,1
6298271,8175716,4,3,1
6298271,8175716,9,11,-2
5226206,6955539,5,10,-5
5226206,6955539,8,3,5
6261272,7794434,4,10,-6
5344426,6327772,1,2,-1
6084493,6851659,1,11,-10
7177702,8442654,2,2,0
4108614,8057562,3,13,-10
4108614,8057562,4,9,-5
4411136,8359856,3,4,-1
4844088,7670299,1,7,-6
7472558,8655492,1,2,-1
7472558,8655492,2,1,1
7472558,8655492,6,10,-4
7472558,8655492,12,5,7
4635636,6338738,11,7,4
4822597,6558692,2,1,1
4822597,6558692,4,3,1
7269010,7382615,1,1,0
7269010,7382615,2,2,0
7269010,7382615,3,5,-2
7269010,7382615,4,8,-4
4105808,5167705,1,3,-2
6287263,6496732,5,2,3
6287263,6496732,13,12,1
5429683,7000614,2,3,-1
5429683,7000614,3,4,-1
5429683,7000614,5,2,3
5429683,7000614,7,6,1
6671634,7203622,3,1,2
6671634,7203622,6,11,-5
4990806,7071584,2,10,-8
4990806,7071584,3,1,2
4990806,7071584,4,12,-8
4990806,7071584,5,3,2
4990806,7071584,9,5,4
4776086,8636664,1,3,-2
4776086,8636664,5,5,0
5055104,6613091,2,1,1
5055104,6613091,6,11,-5
4037732,4095699,5,5,0
4037732,4095699,7,9,-2
6397242,8387031,2,2,0
6397242,8387031,3,5,-2
6397242,8387031,11,4,7
6397242,8387031,12,6,6
6191474,6492803,7,7,0
4371899,6278665,6,3,3
4950490,6479090,9,8,1
4950490,6479090,13,5,8
6453991,7156166,1,1,0
4795442,7850669,1,2,-1
6243607,8538542,5,7,-2
6243607,8538542,10,5,5
7007235,8417666,8,8,0
5646389,8229861,4,12,-8
4959318,5550036,1,5,-4
4959318,5550036,8,3,5
4959318,5550036,9,9,0
5154245,7445294,5,12,-7
5154245,7445294,6,13,-7
6118578,8537262,5,6,-1
6118578,8537262,11,9,2
5026488,5413716,4,6,-2
5026488,5413716,11,3,8
6456984,7689007,1,5,-4
4415003,4556086,1,1,0
5413139,6123097,1,1,0
5413139,6123097,2,2,0
5413139,6123097,13,10,3
5059192,7077840,7,13,-6
6485522,7909883,11,1,10
6429835,7012583,3,3,0
7151846,8520903,1,2,-1
7151846,8520903,8,4,4
5019135,8754263,3,2,1
5019135,8754263,7,6,1
6565764,7645694,6,5,1
6565764,7645694,7,3,4
6565764,7645694,10,1,9
6098408,7997087,3,8,-5
6098408,7997087,9,11,-2
6098408,7997087,12,1,11
5407122,6279967,6,12,-6
5517806,7594374,1,2,-1
5517806,7594374,3,8,-5
5517806,7594374,4,1,3
5517806,7594374,6,7,-1
6154259,6636275,2,3,-1
6423009,7458379,13,7,6
6182258,6571373,1,5,-4
6182258,6571373,2,7,-5
4999763,5299113,10,7,3
5033189,6527277,1,1,0
5033189,6527277,2,2,0
5033189,6527277,6,4,2
3934293,6840728,7,10,-3
5619423,6502463,7,1,6
6503195,8542910,2,2,0
7585032,8042639,1,1,0
7585032,8042639,2,3,-1
5062678,6238024,1,1,0
5062678,6238024,3,2,1
5620816,6455205,1,5,-4
5620816,6455205,4,3,1
5620816,6455205,9,1,8
5620816,6455205,11,2,9
4775291,6634854,13,4,9
6149056,7614550,3,1,2
4918374,7688062,1,1,0
7163807,7951574,2,7,-5
7163807,7951574,10,11,-1
6212360,7046959,5,2,3
6180038,7249628,1,10,-9
6180038,7249628,5,13,-8
4558383,6493174,1,10,-9
4558383,6493174,3,5,-2
4558383,6493174,12,1,11
4839502,8224892,2,2,0
4839502,8224892,4,1,3
6163386,7126158,2,12,-10
6163386,7126158,9,6,3
4276504,5315225,2,3,-1
4276504,5315225,4,9,-5
5045928,7701489,3,3,0
5045928,7701489,6,1,5
7702948,8230193,1,1,0
4944527,5340147,7,12,-5
4944527,5340147,8,2,6
4464832,8641453,5,12,-7
6217258,7131505,4,2,2
4689405,7064197,10,7,3
4997365,8502124,1,3,-2
4997365,8502124,7,2,5
4322675,4439692,2,6,-4
4322675,4439692,3,4,-1
3996625,4676798,10,2,8
3996625,4676798,11,5,6
8282646,8532807,9,2,7
8282646,8532807,10,5,5
6558191,8105110,2,1,1
6558191,8105110,4,2,2
6558191,8105110,10,5,5
6460059,7693860,11,1,10
5204897,7062500,2,3,-1
6215561,8587836,4,10,-6
6215561,8587836,6,11,-5
5348181,7261219,1,4,-3
5348181,7261219,6,5,1
6620733,7217665,6,9,-3
6620733,7217665,7,3,4
6620733,7217665,8,1,7
6620733,7217665,10,6,4
6620733,7217665,12,4,8
6620733,7217665,13,2,11
6194944,7138847,1,1,0
6194944,7138847,5,7,-2
3978853,4565370,1,8,-7
3978853,4565370,2,7,-5
3978853,4565370,6,12,-6
8129205,8283676,7,2,5
3946309,5006809,4,8,-4
3946309,5006809,7,3,4
3946309,5006809,9,13,-4
7783800,8225398,7,4,3
7207058,7836298,1,1,0
7207058,7836298,2,2,0
4947127,5286375,3,1,2
4947127,5286375,5,5,0
4947127,5286375,7,6,1
4947127,5286375,10,3,7
4463270,4686388,1,3,-2
4463270,4686388,3,2,1
4463270,4686388,5,13,-8
4111570,4499785,13,1,12
4173121,4270342,1,4,-3
4173121,4270342,13,2,11
6541374,7855147,1,5,-4
6541374,7855147,2,10,-8
6541374,7855147,4,7,-3
6541374,7855147,8,2,6
6837244,8668767,5,9,-4
6837244,8668767,10,7,3
6837244,8668767,12,5,7
5354483,8567609,1,5,-4
5354483,8567609,12,3,9
6146100,7481627,3,2,1
6146100,7481627,7,11,-4
6146100,7481627,8,7,1
6146100,7481627,9,1,8
6146100,7481627,10,9,1
6146100,7481627,12,8,4
6146100,7481627,13,4,9
7033064,8456607,1,13,-12
5601742,7935449,1,3,-2
5601742,7935449,3,9,-6
6270922,6979515,1,2,-1
6270922,6979515,6,4,2
6270922,6979515,12,6,6
5059127,8529270,12,12,0
4744488,6885816,6,4,2
4744488,6885816,7,9,-2
4744488,6885816,10,2,8
6553674,7814664,1,1,0
6553674,7814664,8,3,5
5450251,6201655,2,2,0
5450251,6201655,3,1,2
6526217,8655145,3,4,-1
6526217,8655145,5,13,-8
4403479,8272280,6,4,2
6084215,7091733,1,1,0
6084215,7091733,7,6,1
6084215,7091733,11,5,6
6084215,7091733,13,2,11
5333426,8112956,7,8,-1
5333426,8112956,9,3,6
6460105,7082552,2,3,-1
5651841,7132019,4,3,1
5651841,7132019,5,8,-3
4268601,4640878,2,6,-4
4268601,4640878,3,5,-2
4296192,6605402,2,1,1
6641629,7550202,2,9,-7
6641629,7550202,9,3,6
5531768,6633778,2,10,-8
5352405,6085122,1,1,0
5352405,6085122,2,7,-5
5352405,6085122,3,3,0
4632640,4875834,1,1,0
4632640,4875834,2,2,0
4632640,4875834,4,5,-1
4632640,4875834,8,3,5
4632640,4875834,9,4,5
5422051,8329768,1,3,-2
5422051,8329768,8,2,6
6622710,7703438,3,1,2
6622710,7703438,6,7,-1
6622710,7703438,9,5,4
6236696,7792235,1,2,-1
6236696,7792235,5,3,2
6236696,7792235,9,5,4
6236696,7792235,11,13,-2
4704786,5614758,3,9,-6
4704786,5614758,5,1,4
4704786,5614758,9,2,7
4642831,6145145,2,5,-3
4642831,6145145,3,3,0
4617213,4998565,2,3,-1
4617213,4998565,3,9,-6
4617213,4998565,5,2,3
4617213,4998565,7,8,-1
4617213,4998565,9,7,2
4617213,4998565,13,1,12
4851150,7166470,7,2,5
4204124,4662379,3,2,1
7682461,8307485,2,3,-1
7682461,8307485,3,1,2
4312380,4781220,1,1,0
7145500,7280069,1,5,-4
7145500,7280069,2,9,-7
7145500,7280069,3,7,-4
6211800,8351497,5,3,2
5640569,8103574,1,1,0
4699898,5316775,3,9,-6
6079711,7674168,2,3,-1
6079711,7674168,8,4,4
6262801,7493699,1,1,0
5564886,7654292,10,6,4
5564886,7654292,12,4,8
4960721,8192648,8,12,-4
4163708,4695366,4,12,-8
5651635,7228661,1,3,-2
5651635,7228661,4,4,0
5651635,7228661,10,1,9
5249716,5346380,1,1,0
5249716,5346380,2,8,-6
5249716,5346380,3,4,-1
5249716,5346380,4,2,2
5249716,5346380,9,6,3
6408336,7917631,10,2,8
4351574,5391002,2,9,-7
6193480,7753882,7,5,2
6193480,7753882,9,2,7
5562524,6447385,1,1,0
5562524,6447385,2,2,0
4906516,5242750,2,1,1
4906516,5242750,3,8,-5
4906516,5242750,4,3,1
5325458,8280212,3,1,2
4241290,5149942,1,1,0
4241290,5149942,3,2,1
4181599,7531704,5,1,4
4181599,7531704,6,10,-4
4181599,7531704,13,9,4
5656056,6131414,2,13,-11
5656056,6131414,6,12,-6
5656056,6131414,7,3,4
6904264,8060525,6,12,-6
6904264,8060525,11,5,6
7432985,8456684,3,6,-3
7432985,8456684,8,1,7
7432985,8456684,9,11,-2
7003485,8433643,1,4,-3
7003485,8433643,2,6,-4
7003485,8433643,3,1,2
5072928,7052442,2,2,0
6226634,7213025,7,5,2
4406386,5588572,8,10,-2
7058284,7426751,12,5,7
6306987,7820843,4,9,-5
6306987,7820843,7,4,3
6306987,7820843,11,12,-1
6196691,7813026,2,4,-2
6196691,7813026,3,10,-7
6196691,7813026,9,11,-2
5635488,7338762,1,3,-2
5635488,7338762,2,4,-2
4905683,8028700,2,5,-3
4905683,8028700,4,13,-9
4905683,8028700,7,2,5
6261245,8740923,4,13,-9
4933736,7420248,2,1,1
4933736,7420248,13,2,11
5202322,5281603,2,2,0
5202322,5281603,5,6,-1
5202322,5281603,8,3,5
6580902,7620378,2,4,-2
6580902,7620378,6,11,-5
6580902,7620378,7,1,6
6580902,7620378,9,8,1
5548770,7672925,3,2,1
5548770,7672925,4,13,-9
5074454,8132706,4,12,-8
5074454,8132706,7,4,3
5357900,6374775,2,3,-1
5357900,6374775,6,9,-3
7261214,7946435,5,2,3
7261214,7946435,7,4,3
4616803,6393931,1,2,-1
4616803,6393931,4,4,0
4616803,6393931,5,11,-6
4616803,6393931,9,5,4
6129724,7917187,9,9,0
4173063,7923362,1,6,-5
4173063,7923362,2,1,1
4173063,7923362,3,10,-7
4677013,7637301,10,13,-3
4823176,8710584,13,7,6
6594682,8266296,9,4,5
5131399,8337429,12,13,-1
5153785,8139306,6,5,1
5153785,8139306,9,9,0
4283295,7632788,9,2,7
4899976,6311500,1,8,-7
4899976,6311500,2,6,-4
5015595,6461928,6,12,-6
5015595,6461928,8,11,-3
5015595,6461928,12,13,-1
6548849,7091539,1,1,0
6548849,7091539,2,3,-1
6548849,7091539,4,4,0
6548849,7091539,13,5,8
6446682,6845333,8,4,4
4146116,5174420,1,1,0
4146116,5174420,5,5,0
4146116,5174420,12,3,9
5217224,7654896,2,9,-7
5217224,7654896,12,7,5
6651125,7840718,10,3,7
6417130,7172987,4,1,3
6417130,7172987,7,2,5
6417130,7172987,8,10,-2
4036396,4994631,1,2,-1
4036396,4994631,5,7,-2
4036396,4994631,9,8,1
6086605,6371971,3,9,-6
6086605,6371971,6,1,5
6472884,7634939,1,6,-5
6472884,7634939,3,9,-6
4326855,4859318,1,1,0
4569341,5394891,1,4,-3
4569341,5394891,3,7,-4
4121843,6543746,2,7,-5
4857716,7927787,11,6,5
4708946,7754171,3,11,-8
4708946,7754171,7,2,5
5301225,6088576,1,4,-3
5301225,6088576,4,6,-2
3955020,7918016,4,4,0
5023462,6448568,3,1,2
4952579,5554612,2,6,-4
4952579,5554612,7,4,3
4952579,5554612,13,9,4
7574614,7890784,3,2,1
4672848,4903531,1,1,0
4672848,4903531,2,4,-2
4672848,4903531,3,6,-3
4672848,4903531,4,5,-1
4672848,4903531,6,8,-2
5180303,6206696,4,1,3
5180303,6206696,5,3,2
6311597,8276426,1,3,-2
6028887,7729413,4,3,1
6028887,7729413,8,1,7
6028887,7729413,10,2,8
5495291,8548061,3,13,-10
5495291,8548061,7,11,-4
5210326,6187064,5,2,3
5149984,7814993,2,4,-2
5149984,7814993,3,2,1
5149984,7814993,4,8,-4
6522278,8204251,4,9,-5
6522278,8204251,7,12,-5
4209734,6257529,4,9,-5
4209734,6257529,9,4,5
4633830,4899699,3,1,2
4633830,4899699,5,2,3
4460591,4532241,1,1,0
4460591,4532241,2,2,0
4460591,4532241,3,3,0
4460591,4532241,4,5,-1
4460591,4532241,5,6,-1
4460591,4532241,6,7,-1
4460591,4532241,7,4,3
4460591,4532241,9,8,1
4460591,4532241,10,9,1
4460591,4532241,11,10,1
4460591,4532241,12,11,1
4460591,4532241,13,12,1
5026425,5342439,5,1,4
5026425,5342439,10,10,0
5026425,5342439,12,13,-1
4626799,4724424,4,1,3
4626799,4724424,10,3,7
5017185,5538495,2,8,-6
5017185,5538495,4,12,-8
5655936,8287219,4,1,3
6595164,8215283,1,1,0
6595164,8215283,6,3,3
6595164,8215283,10,2,8
7903257,7965435,4,6,-2
7903257,7965435,13,1,12
6496027,6949952,1,1,0
6496027,6949952,7,8,-1
4440975,6065207,4,1,3
6368558,7939022,9,2,7
6332163,8504330,7,4,3
5408979,8235024,2,9,-7
5408979,8235024,5,1,4
5408979,8235024,10,13,-3
5408979,8235024,11,11,0
6182050,8639540,1,1,0
6182050,8639540,5,5,0
6533893,7264539,4,8,-4
6533893,7264539,11,9,2
5433193,7051735,5,3,2
5433193,7051735,13,2,11
4993727,5127662,3,4,-1
4993727,5127662,4,7,-3
4993727,5127662,8,8,0
6066179,6918101,7,8,-1
6661737,8270250,1,4,-3
6396815,6859457,1,1,0
6396815,6859457,11,11,0
5454117,7711928,12,7,5
6428867,8262832,8,11,-3
4989189,5202860,3,6,-3
4989189,5202860,4,8,-4
4989189,5202860,9,12,-3
6305568,7955672,2,1,1
6305568,7955672,3,8,-5
6305568,7955672,5,9,-4
6305568,7955672,11,2,9
6305568,7955672,13,4,9
6554707,8087988,1,1,0
5363942,7717236,2,12,-10
5363942,7717236,3,10,-7
5363942,7717236,4,1,3
5422684,8028350,2,4,-2
5422684,8028350,10,13,-3
4416707,6416592,12,1,11
6530957,8277511,2,3,-1
6530957,8277511,9,8,1
3941532,7775784,3,1,2
3941532,7775784,9,13,-4
5375666,6863043,5,1,4
5030089,8251696,1,2,-1
5030089,8251696,5,9,-4
5030089,8251696,8,4,4
4617423,7184484,5,2,3
4617423,7184484,9,13,-4
6251085,8192373,13,6,7
4932358,5328722,2,1,1
4932358,5328722,6,5,1
4932358,5328722,7,9,-2
4724527,4910696,3,10,-7
4724527,4910696,4,11,-7
5048538,8708929,13,2,11
5362241,8210855,5,1,4
4400997,5193634,2,2,0
4400997,5193634,8,8,0
3968622,4485612,1,1,0
3968622,4485612,3,13,-10
5326599,6607573,11,11,0
6937037,7501842,2,1,1
4902035,7086655,1,1,0
4902035,7086655,8,11,-3
4552064,4723854,3,2,1
4552064,4723854,4,13,-9
7206804,7529420,2,2,0
7206804,7529420,4,7,-3
5259468,7212132,8,5,3
5259468,7212132,13,6,7
5235351,6299274,9,5,4
6201728,7064376,8,1,7
6098637,8338809,11,2,9
5163424,6863656,2,3,-1
5163424,6863656,5,4,1
6149677,7004960,1,1,0
6149677,7004960,13,7,6
5309448,8170975,7,2,5
4161498,7718733,10,1,9
6366832,8631659,5,8,-3
4070323,7482310,2,5,-3
5453815,6349176,1,11,-10
5453815,6349176,2,1,1
5453815,6349176,5,8,-3
6346264,7829593,10,1,9
7770667,8485278,1,6,-5
7770667,8485278,3,2,1
7770667,8485278,12,1,11
7636286,8730781,9,4,5
7636286,8730781,10,5,5
7636286,8730781,12,10,2
5342321,8043260,6,1,5
4284367,7686543,9,13,-4
4107894,8720130,3,1,2
6888739,8288818,5,11,-6
7079023,8260948,7,10,-3
6862623,8250538,11,3,8
8200928,8555106,3,6,-3
8200928,8555106,9,3,6
8200928,8555106,10,10,0
6259235,6512352,1,1,0
6259235,6512352,3,5,-2
6259235,6512352,8,8,0
6259235,6512352,11,11,0
5038107,6657440,3,9,-6
5038107,6657440,5,7,-2
5038107,6657440,10,10,0
4530360,7785277,1,8,-7
6483411,7301430,6,4,2
6483411,7301430,8,5,3
6483411,7301430,11,13,-2
6195006,7675422,3,1,2
5178158,7780697,9,4,5
4816817,6523108,1,3,-2
4816817,6523108,2,4,-2
4816817,6523108,10,7,3
5396104,6064007,5,10,-5
4397124,4920717,2,4,-2
4397124,4920717,4,3,1
4812420,5234866,8,4,4
4812420,5234866,11,7,4
4460907,7068372,6,3,3
4460907,7068372,11,6,5
6663590,7124570,1,10,-9
6663590,7124570,3,4,-1
6663590,7124570,5,9,-4
6663590,7124570,6,1,5
6663590,7124570,8,8,0
6542904,7080081,1,6,-5
6542904,7080081,4,7,-3
4303617,5417929,1,4,-3
4303617,5417929,2,7,-5
5074704,8348546,1,1,0
5074704,8348546,11,7,4
6273904,8734980,1,6,-5
4502540,4908141,4,8,-4
4502540,4908141,5,4,1
4502540,4908141,13,7,6
5643189,8080702,6,10,-4
5643189,8080702,13,3,10
4548392,7774972,8,11,-3
4223060,5180637,6,1,5
4712372,4954974,1,1,0
4712372,4954974,3,3,0
4712372,4954974,6,9,-3
4712372,4954974,11,4,7
4712372,4954974,12,6,6
5488652,6385312,6,8,-2
5488652,6385312,10,1,9
5488652,6385312,11,9,2
5644231,7084625,12,7,5
4957286,8151654,1,5,-4
4957286,8151654,3,7,-4
4957286,8151654,4,4,0
6240076,8131306,5,4,1
6240076,8131306,7,10,-3
4417403,4643160,1,1,0
4417403,4643160,2,2,0
4417403,4643160,4,13,-9
5650259,7078158,3,7,-4
5650259,7078158,4,12,-8
6249037,7943437,3,3,0
6249037,7943437,5,1,4
6249037,7943437,11,13,-2
4623961,7836117,6,5,1
4641844,4896894,2,3,-1
5574771,6073030,1,10,-9
5574771,6073030,5,2,3
5265608,5591216,1,4,-3
5265608,5591216,5,7,-2
5527519,7101520,10,6,4
6134139,7129098,1,6,-5
6565436,8408990,2,3,-1
6565436,8408990,5,6,-1
6565436,8408990,13,11,2
7094857,7521572,2,12,-10
7094857,7521572,6,5,1
7094857,7521572,10,1,9
4041126,4382067,2,1,1
4041126,4382067,6,6,0
4041126,4382067,8,5,3
4041126,4382067,13,7,6
3969043,5494417,2,5,-3
3969043,5494417,3,11,-8
3969043,5494417,4,2,2
3969043,5494417,8,1,7
3969043,5494417,11,12,-1
5343518,6278776,2,1,1
5343518,6278776,4,8,-4
6479474,7695528,5,2,3
4072130,4136642,2,8,-6
4072130,4136642,8,2,6
4072130,4136642,12,4,8
6980419,8286977,1,3,-2
5239654,6219776,1,8,-7
5239654,6219776,4,4,0
5239654,6219776,5,1,4
5239654,6219776,9,6,3
4793286,8132536,1,7,-6
4793286,8132536,9,5,4
6569777,7683458,9,1,8
4667438,8341879,10,10,0
5069171,7273015,9,11,-2
5069171,7273015,11,4,7
5327346,6098682,1,1,0
5327346,6098682,2,5,-3
5327346,6098682,4,2,2
5327346,6098682,6,11,-5
5327346,6098682,9,4,5
6175619,8538768,3,7,-4
6175619,8538768,5,5,0
6154462,7733905,1,11,-10
6154462,7733905,2,1,1
6154462,7733905,3,6,-3
6154462,7733905,5,5,0
6154462,7733905,12,9,3
5570870,6883731,10,9,1
7313869,7974806,2,1,1
7313869,7974806,10,5,5
7313869,7974806,12,8,4
5042258,7146826,10,13,-3
5051262,6958161,8,3,5
5051262,6958161,9,1,8
5051262,6958161,10,2,8
4754892,7922718,9,9,0
4754892,7922718,11,5,6
6405175,7908221,3,9,-6
4555913,5350085,2,10,-8
4555913,5350085,4,2,2
4555913,5350085,7,3,4
6138213,7028142,1,2,-1
6138213,7028142,9,8,1
6212165,8315269,5,12,-7
6494909,7682390,1,10,-9
6494909,7682390,2,2,0
6428486,7753857,1,2,-1
6428486,7753857,2,1,1
6428486,7753857,7,3,4
4836683,4957040,1,1,0
5215482,5647782,1,1,0
5215482,5647782,4,5,-1
5215482,5647782,5,2,3
5215482,5647782,6,10,-4
5215482,5647782,9,3,6
5215482,5647782,12,7,5
4172120,4414198,1,3,-2
4172120,4414198,4,7,-3
5409157,6506448,1,2,-1
4806354,5639471,9,9,0
4845059,6139791,1,1,0
4845059,6139791,2,4,-2
4845059,6139791,4,5,-1
4845059,6139791,5,7,-2
4845059,6139791,12,11,1
7575723,8305582,11,1,10
5588489,7413014,1,2,-1
5588489,7413014,4,1,3
5588489,7413014,6,4,2
5588489,7413014,7,6,1
6304682,7760956,6,9,-3
4010580,4155210,6,1,5
4460416,6448180,3,10,-7
4460416,6448180,6,12,-6
4460416,6448180,13,7,6
5056490,7721710,3,1,2
5056490,7721710,4,6,-2
5056490,7721710,5,7,-2
4991249,6836917,1,1,0
6371904,8050742,6,9,-3
6371904,8050742,7,1,6
6371904,8050742,10,11,-1
4598892,4693442,10,7,3
5490691,7380821,4,9,-5
5490691,7380821,6,12,-6
5490691,7380821,8,10,-2
5490691,7380821,11,2,9
6955847,8753459,6,1,5
6955847,8753459,10,7,3
6955847,8753459,11,3,8
4636474,6093869,13,13,0
4730348,7069342,3,2,1
4730348,7069342,6,1,5
5442416,6074154,2,10,-8
5442416,6074154,11,11,0
4344908,5438089,1,10,-9
4344908,5438089,13,1,12
5253139,8665589,9,6,3
4141951,5051285,10,1,9
6557634,8430160,9,13,-4
3985426,4098548,3,5,-2
4224125,6531239,4,4,0
4224125,6531239,7,3,4
7862435,8088013,1,11,-10
7581447,7980139,1,5,-4
7581447,7980139,6,3,3
7581447,7980139,12,13,-1
5217075,7931086,9,8,1
5237950,5584733,1,1,0
5237950,5584733,2,7,-5
5237950,5584733,5,5,0
7224591,7973592,7,1,6
7224591,7973592,9,2,7
5480536,7641782,2,1,1
5480536,7641782,3,6,-3
5480536,7641782,13,2,11
6389449,6983350,6,10,-4
6496848,7784062,3,4,-1
6527804,8308801,1,1,0
6527804,8308801,3,9,-6
5352227,7670383,3,2,1
6529446,6953039,9,5,4
5365716,8161699,6,2,4
6322523,8721563,2,1,1
5049695,8153798,8,7,1
4541728,6186661,10,10,0
5621201,7660748,10,7,3
6565452,8435134,1,1,0
6565452,8435134,4,2,2
6565452,8435134,9,3,6
6565452,8435134,11,4,7
6565452,8435134,12,5,7
5109411,8439239,3,1,2
5109411,8439239,10,6,4
4121092,5270520,6,8,-2
7090579,8342524,2,1,1
7090579,8342524,3,2,1
7090579,8342524,12,5,7
5439054,7066254,2,1,1
5614140,6902808,1,1,0
4873978,8579957,11,8,3
5626067,7637488,10,4,6
7362368,7714927,1,2,-1
7362368,7714927,7,12,-5
4862032,7433655,1,7,-6
4862032,7433655,2,8,-6
3942782,5328437,1,7,-6
3942782,5328437,3,3,0
6123380,8113567,1,1,0
4373038,4944373,2,3,-1
4373038,4944373,4,9,-5
5211250,7137459,4,1,3
5211250,7137459,5,9,-4
5211250,7137459,6,10,-4
5211250,7137459,13,3,10
6482444,7211136,9,3,6
6511699,7141717,2,1,1
6511699,7141717,11,9,2
4961142,7549057,1,11,-10
6628609,7107359,5,13,-8
6628609,7107359,7,3,4
6628609,7107359,8,5,3
6628609,7107359,13,6,7
4151151,4400484,1,2,-1
4151151,4400484,2,1,1
4151151,4400484,4,7,-3
4151151,4400484,7,12,-5
5600634,6392372,3,4,-1
4540882,7559368,4,2,2
6271619,8513863,4,2,2
6271619,8513863,5,9,-4
6271619,8513863,8,4,4
4721355,8172596,2,4,-2
4283240,4637907,2,3,-1
4283240,4637907,11,9,2
4914267,5352871,4,1,3
4914267,5352871,9,5,4
4374625,5231599,4,2,2
6362786,6639556,1,1,0
6362786,6639556,2,3,-1
6362786,6639556,4,4,0
4574492,5287625,4,12,-8
4574492,5287625,12,6,6
4783726,7556398,1,1,0
6315779,8740953,7,13,-6
4046466,4135811,1,7,-6
4046466,4135811,4,13,-9
4046466,4135811,6,3,3
3937795,4196175,12,11,1
7121214,7963233,9,3,6
7121214,7963233,13,2,11
4095772,7139636,5,3,2
5432922,6092066,4,8,-4
6282128,7061941,2,2,0
6282128,7061941,10,13,-3
6423178,8698049,12,2,10
7343365,7912941,1,1,0
7343365,7912941,2,3,-1
7343365,7912941,4,11,-7
6161923,8454149,2,4,-2
6161923,8454149,9,5,4
6130514,7093947,1,3,-2
6069729,7664344,8,4,4
6069729,7664344,9,1,8
6069729,7664344,12,2,10
6069729,7664344,13,5,8
5089463,7776784,2,1,1
5089463,7776784,5,10,-5
4039453,5338072,3,1,2
6275814,8219487,1,2,-1
7162285,7464005,5,5,0
6614253,7282925,1,5,-4
6608636,7489772,2,4,-2
6608636,7489772,4,9,-5
5646870,6526547,9,3,6
5636342,8086785,2,10,-8
6573030,7148156,1,2,-1
6573030,7148156,2,3,-1
6587433,7072954,3,6,-3
6196861,7112085,2,5,-3
6196861,7112085,5,6,-1
6196861,7112085,9,2,7
6422969,7104914,1,1,0
6422969,7104914,2,2,0
6422969,7104914,4,3,1
6422969,7104914,6,11,-5
6422969,7104914,8,12,-4
6422969,7104914,12,4,8
5134372,6091243,2,1,1
5134372,6091243,3,13,-10
5134372,6091243,4,5,-1
5134372,6091243,5,3,2
6576666,7964189,1,1,0
6576666,7964189,2,3,-1
6576666,7964189,13,5,8
5030487,6471627,2,13,-11
5030487,6471627,7,11,-4
5030487,6471627,13,1,12
5377934,7128293,1,1,0
5377934,7128293,3,8,-5
4109839,4394948,3,2,1
4109839,4394948,10,9,1
6515280,7138642,1,1,0
6515280,7138642,9,5,4
4893005,6466157,5,7,-2
4800944,7264032,1,5,-4
4800944,7264032,2,2,0
4800944,7264032,3,4,-1
4800944,7264032,4,3,1
4800944,7264032,12,8,4
6190357,8216122,13,5,8
5592551,6133909,1,1,0
5592551,6133909,5,12,-7
5592551,6133909,6,6,0
3938393,4214486,4,2,2
6216029,8452068,7,3,4
4052764,4442567,1,5,-4
4052764,4442567,8,2,6
4425965,7740186,9,5,4
7110483,8131287,1,4,-3
5374938,8054234,10,4,6
7005354,8097930,2,1,1
5635846,7898281,4,1,3
5635846,7898281,7,2,5
4601366,4687078,5,5,0
4601366,4687078,8,13,-5
4601366,4687078,10,7,3
4601366,4687078,11,1,10
6986771,8740945,7,10,-3
6986771,8740945,9,11,-2
6296991,7855146,11,7,4
6296991,7855146,12,1,11
6312770,7116857,3,2,1
6312770,7116857,5,6,-1
4824568,8475661,1,5,-4
4824568,8475661,2,3,-1
4523529,5363782,5,2,3
4523529,5363782,7,3,4
4523529,5363782,10,7,3
4184169,6656740,1,4,-3
4184169,6656740,3,7,-4
6625273,8520828,1,2,-1
6625273,8520828,7,5,2
6625273,8520828,9,11,-2
6163998,8362345,2,4,-2
6163998,8362345,4,10,-6
5400784,7292890,1,3,-2
5400784,7292890,9,6,3
7086779,7474731,1,9,-8
6087209,7163867,4,8,-4
6063198,6582522,1,4,-3
5031611,8739599,13,8,5
7032818,8558668,1,1,0
6166948,6956763,4,6,-2
6166948,6956763,13,5,8
6941345,8224915,2,4,-2
6941345,8224915,4,3,1
6941345,8224915,9,2,7
4053692,6670071,11,8,3
7284715,7731115,1,3,-2
6232504,7838707,3,6,-3
4838879,7674411,1,3,-2
4838879,7674411,5,8,-3
4084486,6155361,1,2,-1
4084486,6155361,4,8,-4
4084486,6155361,12,5,7
4463162,8017296,3,4,-1
4368383,4522492,4,13,-9
4368383,4522492,11,5,6
4394403,7504191,3,4,-1
4394403,7504191,6,2,4
5653563,7124459,2,4,-2
5653563,7124459,8,3,5
6287899,8681307,4,3,1
6446849,8066161,8,13,-5
6446849,8066161,11,9,2
4570271,5167502,2,13,-11
4570271,5167502,4,10,-6
7299851,8104146,1,1,0
7299851,8104146,12,3,9
4854311,7713290,2,10,-8
4854311,7713290,3,2,1
4854311,7713290,5,13,-8
4854311,7713290,7,12,-5
4854311,7713290,9,4,5
4854311,7713290,11,3,8
7070263,8672459,1,2,-1
7070263,8672459,2,4,-2
7070263,8672459,8,10,-2
7070263,8672459,10,8,2
7381995,8598809,1,3,-2
7381995,8598809,2,6,-4
4261653,7242513,4,6,-2
6139087,7857373,3,1,2
8360464,8500157,2,1,1
8360464,8500157,3,4,-1
8360464,8500157,4,6,-2
8360464,8500157,5,9,-4
8150155,8665307,2,2,0
8150155,8665307,3,3,0
5428851,8112833,1,4,-3
5428851,8112833,13,10,3
5396425,7062364,1,5,-4
7107528,7730013,2,3,-1
7107528,7730013,4,1,3
6152947,6656204,1,1,0
6152947,6656204,2,3,-1
6152947,6656204,3,7,-4
6152947,6656204,4,8,-4
6152947,6656204,5,2,3
6152947,6656204,7,9,-2
6152947,6656204,10,10,0
6152947,6656204,11,4,7
6152947,6656204,12,5,7
5241682,7454520,5,3,2
4496927,7696848,1,3,-2
4496927,7696848,2,4,-2
4496927,7696848,9,2,7
5584983,6470568,1,10,-9
5584983,6470568,3,6,-3
6323882,7266764,3,12,-9
7112159,7727108,1,1,0
7112159,7727108,3,3,0
8287383,8556719,2,5,-3
8287383,8556719,3,6,-3
8287383,8556719,4,3,1
8287383,8556719,5,2,3
8287383,8556719,7,8,-1
8287383,8556719,8,1,7
8287383,8556719,10,4,6
8287383,8556719,13,10,3
5053774,8400023,8,8,0
7089292,8378979,3,8,-5
7089292,8378979,4,3,1
7089292,8378979,13,1,12
6863390,7753488,2,2,0
6863390,7753488,11,7,4
6222689,8506096,9,10,-1
4936663,6915039,2,1,1
4367634,5142884,13,11,2
5174372,7461689,1,2,-1
5174372,7461689,2,6,-4
5174372,7461689,8,7,1
5227985,8686939,8,4,4
5227985,8686939,13,6,7
5365722,7311223,4,8,-4
5365722,7311223,8,2,6
6924551,8264077,3,7,-4
6924551,8264077,5,8,-3
6924551,8264077,9,9,0
6924551,8264077,10,10,0
5646390,8157175,9,3,6
5646390,8157175,13,7,6
6551140,8597052,13,11,2
4079208,4323734,2,1,1
4079208,4323734,7,11,-4
4079208,4323734,11,3,8
4904479,5430021,2,3,-1
4904479,5430021,3,8,-5
4904479,5430021,11,9,2
4089432,4671331,1,4,-3
4089432,4671331,4,1,3
5589799,7092538,8,2,6
5589799,7092538,12,9,3
8081716,8204137,1,2,-1
4787705,5293678,1,1,0
4787705,5293678,7,3,4
5387953,6520643,4,11,-7
4817883,6629659,9,6,3
4817883,6629659,10,4,6
4817883,6629659,12,1,11
7280560,8693323,2,1,1
7280560,8693323,4,6,-2
7280560,8693323,6,7,-1
7280560,8693323,10,8,2
5221925,5596625,3,9,-6
5562724,7094249,12,6,6
6096152,7297231,2,7,-5
7217215,7963880,1,3,-2
7217215,7963880,3,2,1
7217215,7963880,7,12,-5
4534583,6484382,3,2,1
5489258,7036512,1,9,-8
5489258,7036512,2,1,1
5489258,7036512,11,4,7
6313384,7049499,1,2,-1
6313384,7049499,4,4,0
6313384,7049499,5,8,-3
6313384,7049499,6,7,-1
6313384,7049499,7,6,1
6313384,7049499,8,5,3
6313384,7049499,10,3,7
6869433,8267969,2,1,1
4426355,6608881,3,1,2
4426355,6608881,4,2,2
4426355,6608881,9,10,-1
6665562,7403820,2,3,-1
4401351,4745524,3,7,-4
4942816,7367268,1,1,0
4942816,7367268,2,10,-8
4942816,7367268,3,5,-2
4942816,7367268,4,12,-8
4942816,7367268,6,2,4
4942816,7367268,10,7,3
4783803,7698131,6,1,5
4783803,7698131,10,2,8
4970560,5040030,1,3,-2
4970560,5040030,3,2,1
5549928,7018497,2,12,-10
5549928,7018497,3,10,-7
5549928,7018497,5,3,2
4989202,5379441,2,8,-6
4989202,5379441,3,5,-2
4989202,5379441,6,2,4
6079243,7807948,1,6,-5
6079243,7807948,4,12,-8
6079243,7807948,7,2,5
5478990,7887399,2,2,0
7505344,8570785,1,12,-11
7505344,8570785,3,3,0
7505344,8570785,5,7,-2
7505344,8570785,6,2,4
7505344,8570785,12,8,4
6627361,8349541,5,3,2
7084868,8228304,6,5,1
7084868,8228304,8,3,5
7084868,8228304,10,10,0
6074178,7322803,1,7,-6
6074178,7322803,3,5,-2
6074178,7322803,4,1,3
5565633,8525124,1,11,-10
5565633,8525124,8,7,1
5565633,8525124,9,8,1
4128005,4404639,1,2,-1
4128005,4404639,7,8,-1
6409938,7442326,3,2,1
5102518,8361716,5,6,-1
6243080,7808487,2,5,-3
6243080,7808487,7,11,-4
6429100,7148507,8,11,-3
6429100,7148507,12,1,11
4803727,7907736,2,6,-4
4072212,4465162,2,1,1
4072212,4465162,3,7,-4
5300043,8012141,1,4,-3
5300043,8012141,4,2,2
5300043,8012141,7,9,-2
4387429,4697568,1,2,-1
4387429,4697568,2,1,1
4387429,4697568,6,5,1
4387429,4697568,12,8,4
5596311,8021522,8,12,-4
5596311,8021522,9,7,2
4912628,7266637,6,3,3
6140072,8080515,11,4,7
5262875,8249572,5,6,-1
5262875,8249572,7,5,2
7381218,8425593,1,10,-9
7381218,8425593,2,6,-4
7381218,8425593,4,8,-4
7381218,8425593,5,3,2
7381218,8425593,6,1,5
7650439,7827420,12,2,10
4136708,4388184,3,1,2
4199773,7534705,7,4,3
4199773,7534705,12,3,9
6205545,8370576,1,5,-4
6205545,8370576,5,6,-1
5203338,8500680,5,6,-1
5203338,8500680,6,13,-7
7147468,7935065,2,1,1
7147468,7935065,13,8,5
7222152,8560125,6,11,-5
4894870,6314589,2,1,1
4894870,6314589,6,4,2
4326425,5385058,1,13,-12
7222361,8749386,2,5,-3
6977801,7672088,2,2,0
6977801,7672088,5,3,2
6977801,7672088,9,5,4
4635662,5353908,7,8,-1
4500362,4698099,1,5,-4
4500362,4698099,2,2,0
5081698,7660973,4,6,-2
7264434,8465005,5,2,3
7280633,8718231,1,3,-2
7280633,8718231,8,10,-2
7280633,8718231,9,13,-4
6323270,7709579,2,4,-2
6323270,7709579,11,6,5
5340274,7854125,1,2,-1
5340274,7854125,13,4,9
7978684,8175628,2,12,-10
7978684,8175628,4,6,-2
5377186,6021126,10,8,2
4961127,7258459,2,3,-1
4961127,7258459,3,7,-4
4961127,7258459,11,12,-1
4919326,8627998,5,9,-4
4919326,8627998,13,3,10
4851796,7631337,9,5,4
4929089,7015424,1,12,-11
4929089,7015424,8,1,7
4929089,7015424,9,2,7
4929089,7015424,13,11,2
6309417,8062356,2,2,0
6309417,8062356,3,5,-2
6309417,8062356,4,10,-6
5196203,8119163,9,7,2
6522477,7713189,1,8,-7
6522477,7713189,11,7,4
4217551,6922555,8,2,6
4346823,5072849,9,3,6
4346823,5072849,13,6,7
4595894,7538647,3,2,1
4595894,7538647,5,3,2
4595894,7538647,6,4,2
4595894,7538647,11,1,10
7104992,8114130,1,9,-8
7104992,8114130,4,5,-1
7104992,8114130,7,1,6
6669559,7722456,1,2,-1
6669559,7722456,3,3,0
8548671,8688314,1,7,-6
8548671,8688314,2,8,-6
6463420,8239169,2,3,-1
6463420,8239169,11,7,4
6156035,7156842,1,3,-2
4993375,5285754,3,5,-2
4993375,5285754,8,8,0
4993375,5285754,10,1,9
4993375,5285754,13,6,7
5243993,5568126,5,10,-5
5243993,5568126,12,4,8
4778671,5008092,5,11,-6
4294631,4690716,1,4,-3
4294631,4690716,6,3,3
4294631,4690716,7,5,2
4294707,8012742,6,2,4
4294707,8012742,11,4,7
5398863,6089442,2,11,-9
7359723,8290561,6,5,1
6328118,7462274,1,2,-1
6375683,7815683,1,4,-3
6375683,7815683,2,3,-1
7646952,8385704,1,2,-1
7646952,8385704,2,3,-1
4991719,7886971,4,13,-9
4553377,5282349,1,2,-1
4553377,5282349,9,1,8
4553377,5282349,11,9,2
4679341,7954267,3,5,-2
4679341,7954267,5,7,-2
4679341,7954267,12,3,9
7276029,8734346,1,2,-1
7276029,8734346,3,1,2
6492854,8427214,2,2,0
6492854,8427214,3,3,0
5133360,8066697,7,4,3
5133360,8066697,8,13,-5
4086011,6309127,2,2,0
4086011,6309127,11,10,1
7080927,8608513,1,4,-3
7080927,8608513,3,8,-5
7080927,8608513,7,10,-3
7080927,8608513,8,7,1
7080927,8608513,13,3,10
4817847,8186559,7,1,6
4817847,8186559,13,5,8
5061850,6242737,11,13,-2
4397738,6616900,8,12,-4
6939255,8172703,1,4,-3
6939255,8172703,2,1,1
6939255,8172703,3,6,-3
6939255,8172703,4,3,1
6939255,8172703,11,9,2
3998373,8342382,1,1,0
3998373,8342382,2,7,-5
3998373,8342382,3,2,1
3998373,8342382,7,9,-2
5323776,8364220,13,1,12
4895206,7717171,3,11,-8
4895206,7717171,5,4,1
5092866,8202274,1,4,-3
5257610,5349936,3,1,2
5257610,5349936,4,2,2
5257610,5349936,6,5,1
5579071,7642741,1,13,-12
5579071,7642741,3,10,-7
6777659,7889257,2,8,-6
7165615,8459359,3,3,0
7165615,8459359,5,12,-7
5314435,8348122,1,4,-3
5314435,8348122,8,1,7
5314435,8348122,11,13,-2
6206660,8122718,4,7,-3
6480082,7839243,1,8,-7
5058764,7341147,3,5,-2
4333792,4534820,10,8,2
3993576,8217193,2,1,1
4368146,7322534,12,11,1
4748316,6619550,1,3,-2
4748316,6619550,5,8,-3
4748316,6619550,6,11,-5
6451019,8109972,1,4,-3
6451019,8109972,10,13,-3
6636757,8358128,1,11,-10
6636757,8358128,2,2,0
6636757,8358128,10,4,6
4226228,8641598,9,6,3
5477852,6536437,1,1,0
5477852,6536437,3,5,-2
5477852,6536437,5,4,1
5477852,6536437,8,6,2
6377610,7673213,2,6,-4
6377610,7673213,6,8,-2
4895148,6527777,3,8,-5
4895148,6527777,5,11,-6
4366244,4851335,1,1,0
4366244,4851335,8,7,1
4366244,4851335,10,12,-2
5040653,6148982,6,8,-2
3951485,4721265,2,4,-2
3951485,4721265,4,5,-1
4568657,8034232,1,1,0
4568657,8034232,8,10,-2
7029953,8076765,3,5,-2
7029953,8076765,5,1,4
7029953,8076765,8,7,1
7029953,8076765,10,10,0
7423346,7960269,4,1,3
7423346,7960269,6,3,3
7708180,8636187,1,1,0
7708180,8636187,4,6,-2
4476927,7040400,3,5,-2
4817385,5349816,5,10,-5
4817385,5349816,6,7,-1
4817385,5349816,12,9,3
4522372,8387383,7,1,6
5579786,7198487,1,8,-7
5579786,7198487,4,6,-2
5330559,7077890,6,10,-4
5330559,7077890,9,7,2
4715012,8276996,1,2,-1
4715012,8276996,2,1,1
7609690,8165042,4,9,-5
7609690,8165042,11,10,1
6417498,8579133,4,3,1
5170981,6923355,1,1,0
5170981,6923355,3,3,0
7404853,7760504,1,10,-9
7404853,7760504,2,1,1
7404853,7760504,3,2,1
7972425,8328922,1,2,-1
7972425,8328922,2,1,1
7972425,8328922,3,12,-9
7972425,8328922,4,7,-3
7972425,8328922,5,10,-5
7972425,8328922,6,11,-5
7972425,8328922,7,13,-6
7972425,8328922,12,4,8
5313421,7499324,7,7,0
5313421,7499324,9,9,0
6260727,7537136,1,1,0
6671635,7388189,7,2,5
6865355,7676171,1,1,0
6865355,7676171,3,8,-5
6865355,7676171,5,2,3
6865355,7676171,6,3,3
4815042,7441515,7,12,-5
4815042,7441515,8,8,0
4840597,6247995,2,2,0
6562037,7458972,2,11,-9
6562037,7458972,5,12,-7
6331135,6922253,2,10,-8
6331135,6922253,11,8,3
6973481,8280967,1,1,0
6973481,8280967,2,5,-3
6973481,8280967,4,12,-8
6973481,8280967,6,13,-7
6356776,7228163,2,4,-2
6356776,7228163,3,1,2
4699410,6443514,1,6,-5
4699410,6443514,4,7,-3
4699410,6443514,8,1,7
6496754,8634958,7,1,6
6496754,8634958,9,10,-1
4992390,8034682,1,1,0
4992390,8034682,9,12,-3
6166866,6498687,2,11,-9
3961199,6085527,7,5,2
5407597,7686980,4,3,1
5407597,7686980,5,13,-8
5407597,7686980,12,1,11
5407597,7686980,13,6,7
5220410,5493513,11,4,7
4192470,7100854,3,7,-4
4192470,7100854,10,10,0
5342507,6902664,2,1,1
5342507,6902664,3,2,1
5342507,6902664,8,3,5
4550412,5272298,13,5,8
6359635,7353457,3,8,-5
5247831,7308351,7,2,5
5247831,7308351,9,6,3
6297848,7468754,1,2,-1
6297848,7468754,2,7,-5
6297848,7468754,3,1,2
6297848,7468754,7,3,4
6297848,7468754,12,8,4
7246574,7631617,1,2,-1
7246574,7631617,4,1,3
5138513,7532451,4,10,-6
7342658,8674608,3,2,1
7342658,8674608,10,6,4
4520042,4877829,7,8,-1
4499899,5454827,4,7,-3
6640023,7049570,1,1,0
6640023,7049570,8,3,5
6640023,7049570,13,5,8
4624050,7100278,5,1,4
4624050,7100278,6,7,-1
4624050,7100278,13,5,8
6988979,7780586,3,1,2
6988979,7780586,6,4,2
6988979,7780586,7,13,-6
6988979,7780586,8,6,2
6988979,7780586,11,8,3
6070150,8170936,3,4,-1
5248678,5504090,3,2,1
5248678,5504090,6,5,1
5248678,5504090,7,9,-2
6975666,7394879,1,11,-10
6975666,7394879,2,3,-1
6194837,6359606,3,10,-7
6194837,6359606,4,1,3
6194837,6359606,5,13,-8
6194837,6359606,9,3,6
6194837,6359606,12,9,3
6579231,8737259,11,5,6
6961057,8754894,3,1,2
6365071,7758964,4,2,2
6365071,7758964,9,3,6
7403383,7684196,3,11,-8
7403383,7684196,8,12,-4
7403383,7684196,11,4,7
6875179,7976469,3,2,1
6875179,7976469,12,7,5
7011711,8486193,5,3,2
7011711,8486193,9,6,3
7011711,8486193,12,2,10
6375480,7654835,1,1,0
6375480,7654835,2,3,-1
3938984,4047932,2,2,0
3938984,4047932,9,10,-1
7219734,7584789,1,12,-11
5498680,7279522,12,2,10
4063705,4439264,10,1,9
6401163,7839033,7,9,-2
5142938,5557985,1,1,0
5142938,5557985,2,2,0
7114184,7986939,3,6,-3
7114184,7986939,6,4,2
6930936,7679976,3,1,2
6930936,7679976,5,4,1
5366623,7353873,1,1,0
5366623,7353873,2,8,-6
5225014,6367634,5,8,-3
5225014,6367634,7,4,3
6498213,7622523,4,3,1
6498213,7622523,13,1,12
3975266,7553423,4,1,3
3975266,7553423,10,3,7
3975266,7553423,13,4,9
4398073,6600118,5,2,3
4398073,6600118,6,1,5
4386363,6476874,7,5,2
5400572,7448659,5,5,0
5400572,7448659,11,6,5
5150706,8128553,12,2,10
4987729,7350344,1,13,-12
4987729,7350344,3,8,-5
4987729,7350344,11,3,8
4060957,8257011,7,5,2
4421164,4784222,6,12,-6
4421164,4784222,8,8,0
4421164,4784222,12,2,10
6124046,6984459,2,4,-2
5278574,8274446,5,9,-4
4227297,6096596,12,2,10
4637677,4981449,7,5,2
6095486,6386343,9,4,5
4825460,4933966,1,1,0
4825460,4933966,10,12,-2
4411335,4955584,6,9,-3
4035611,4314142,2,3,-1
4035611,4314142,3,4,-1
4035611,4314142,6,5,1
4035611,4314142,8,13,-5
5013433,8696910,2,1,1
6321372,8266514,2,5,-3
5401226,6126574,1,3,-2
5401226,6126574,3,4,-1
5401226,6126574,4,8,-4
6883145,7506245,12,8,4
4463045,6582798,10,2,8
4463045,6582798,11,4,7
4640673,7815837,2,1,1
4640673,7815837,12,10,2
5192326,8540771,2,5,-3
5192326,8540771,6,1,5
5192326,8540771,7,8,-1
5192326,8540771,13,11,2
6485829,7858731,3,1,2
6590998,7949149,10,11,-1
4493596,6270297,12,9,3
6316336,7956391,1,2,-1
6064905,8394088,4,6,-2
5276927,7882583,2,3,-1
5276927,7882583,6,1,5
5276927,7882583,13,2,11
7070501,8419525,1,3,-2
7070501,8419525,5,8,-3
7070501,8419525,8,4,4
7070501,8419525,12,9,3
4903047,5450187,7,2,5
6925020,7580306,1,2,-1
6925020,7580306,2,12,-10
6925020,7580306,3,5,-2
6925020,7580306,8,11,-3
6925020,7580306,10,3,7
5101416,5420593,2,2,0
5101416,5420593,3,11,-8
5038765,7488300,1,9,-8
5038765,7488300,5,7,-2
6073351,7121037,4,6,-2
6073351,7121037,9,2,7
5390847,7981017,10,3,7
6850469,7142496,3,1,2
6850469,7142496,7,4,3
6850469,7142496,13,2,11
7213269,8291057,12,6,6
6053941,8603157,1,1,0
6908972,7538173,8,7,1
6908972,7538173,10,2,8
6506896,7501506,2,1,1
4494780,8448993,1,2,-1
4494780,8448993,13,9,4
5326298,7791037,3,1,2
4787737,6462804,1,9,-8
4787737,6462804,7,8,-1
4787737,6462804,12,1,11
6068043,8748773,9,6,3
6068043,8748773,10,5,5
5245622,5557626,1,3,-2
5245622,5557626,7,1,6
5245622,5557626,9,12,-3
7356285,7625058,9,13,-4
5501216,8096300,2,4,-2
5501216,8096300,3,1,2
5501216,8096300,7,9,-2
5501216,8096300,12,10,2
5163952,7378105,2,8,-6
5261323,8037814,1,1,0
5261323,8037814,2,2,0
5261323,8037814,3,3,0
5261323,8037814,5,5,0
6510415,8280740,1,5,-4
6510415,8280740,3,8,-5
6510415,8280740,5,6,-1
6510415,8280740,11,13,-2
5540540,6520728,6,6,0
6440947,8521259,9,6,3
6440947,8521259,13,1,12
4186165,6573422,4,9,-5
4186165,6573422,9,1,8
6262378,7420142,8,12,-4
6379144,8277213,1,4,-3
6379144,8277213,3,3,0
6379144,8277213,9,8,1
6379144,8277213,11,1,10
6379144,8277213,13,6,7
5480380,8597258,9,10,-1
5480380,8597258,10,1,9
7231357,8665265,13,8,5
5582184,8532935,5,6,-1
5054022,5388097,11,3,8
6139578,8634617,8,3,5
5011246,6858468,2,3,-1
4377438,6645848,3,12,-9
4377438,6645848,9,5,4
6213979,7354421,1,4,-3
6213979,7354421,8,13,-5
6213979,7354421,9,3,6
6213979,7354421,10,1,9
4835096,7220536,10,1,9
6858781,8722973,2,2,0
6858781,8722973,3,4,-1
6858781,8722973,4,3,1
6858781,8722973,8,6,2
7696232,8709976,1,2,-1
7696232,8709976,8,10,-2
7188607,8082735,1,7,-6
6946440,8409189,7,10,-3
4937653,6544813,1,4,-3
4937653,6544813,2,2,0
7007495,7284385,2,3,-1
7007495,7284385,12,12,0
6518962,7245277,1,5,-4
6518962,7245277,2,2,0
6518962,7245277,4,6,-2
6518962,7245277,10,3,7
6518962,7245277,12,9,3
6313843,7233988,10,11,-1
6313843,7233988,11,5,6
4815460,6607227,2,10,-8
4272085,6427667,11,7,4
4272085,6427667,12,10,2
4866071,8415348,1,1,0
4866071,8415348,7,12,-5
4668988,5267022,2,3,-1
4668988,5267022,3,5,-2
4668988,5267022,8,2,6
4423849,7413254,2,1,1
7042286,8036306,2,5,-3
7042286,8036306,12,2,10
6453345,8272060,5,2,3
5525905,6961606,1,1,0
4384289,8067946,3,12,-9
6884847,7683130,7,6,1
5264215,6075067,5,1,4
5264215,6075067,6,6,0
6251293,8083498,1,2,-1
6251293,8083498,3,4,-1
5521837,6542998,6,5,1
5599315,8152771,11,6,5
4389096,7728800,8,3,5
4055929,4899499,2,7,-5
4055929,4899499,5,4,1
4055929,4899499,9,13,-4
4055929,4899499,13,3,10
4172695,5388971,2,3,-1
4172695,5388971,3,2,1
4172695,5388971,4,12,-8
4172695,5388971,7,1,6
5224017,5347426,1,13,-12
4040426,6066134,6,1,5
4040426,6066134,9,4,5
4040426,6066134,11,6,5
6444282,7240414,2,5,-3
6444282,7240414,4,2,2
4702865,6139576,1,7,-6
4702865,6139576,3,3,0
5599242,7789778,8,5,3
6069741,7705869,9,11,-2
6069741,7705869,13,4,9
6048863,8431694,1,1,0
6519935,8429900,7,10,-3
6519935,8429900,9,2,7
4015760,5203483,1,1,0
4015760,5203483,3,8,-5
4015760,5203483,4,6,-2
4015760,5203483,6,4,2
4015760,5203483,8,5,3
4698511,7963736,8,9,-1
4698511,7963736,9,10,-1
4073085,5339554,3,11,-8
4073085,5339554,4,1,3
7140019,8108863,6,1,5
7140019,8108863,8,6,2
6920920,7591301,2,5,-3
6920920,7591301,3,3,0
6920920,7591301,7,4,3
6920920,7591301,9,9,0
6895353,7196294,2,6,-4
5622824,6300076,4,7,-3
5622824,6300076,5,1,4
5622824,6300076,8,5,3
6549133,7898387,2,12,-10
6549133,7898387,8,5,3
6549133,7898387,12,8,4
4366349,7106110,5,12,-7
5064059,6247586,2,1,1
5064059,6247586,3,6,-3
6389602,7052642,6,4,2
6389602,7052642,10,3,7
6179808,8353297,6,1,5
6179808,8353297,8,8,0
6179808,8353297,10,10,0
5127115,5636393,1,2,-1
5127115,5636393,2,1,1
5127115,5636393,3,5,-2
5127115,5636393,4,4,0
5127115,5636393,5,8,-3
5034000,5224929,1,2,-1
5034000,5224929,5,10,-5
5034000,5224929,13,1,12
4237194,5320780,4,6,-2
4277641,4874905,1,10,-9
4277641,4874905,2,2,0
4277641,4874905,3,5,-2
7193964,8204085,2,3,-1
7193964,8204085,4,2,2
7193964,8204085,11,4,7
4968911,8558420,2,2,0
4968911,8558420,12,4,8
6079397,6332456,1,6,-5
6079397,6332456,2,4,-2
6079397,6332456,3,10,-7
6079397,6332456,5,5,0
6079397,6332456,9,3,6
6079397,6332456,12,12,0
4251999,7937959,8,4,4
5334193,7699842,2,11,-9
5334193,7699842,5,1,4
5334193,7699842,6,9,-3
5334193,7699842,7,3,4
5334193,7699842,9,2,7
4540654,5276158,10,2,8
4540654,5276158,11,1,10
4108228,8567461,1,1,0
4108228,8567461,2,2,0
6376444,7661562,11,12,-1
6436945,7825096,4,3,1
6436945,7825096,6,2,4
7081195,8473022,1,1,0
7081195,8473022,10,4,6
4048929,4180005,1,11,-10
4048929,4180005,2,8,-6
4048929,4180005,3,3,0
4048929,4180005,4,4,0
4048929,4180005,6,6,0
4048929,4180005,7,10,-3
4048929,4180005,8,13,-5
4048929,4180005,13,1,12
3984784,4042892,2,2,0
3984784,4042892,3,5,-2
3984784,4042892,6,8,-2
4896580,7263475,3,2,1
4119498,4681116,4,1,3
4119498,4681116,5,2,3
4119498,4681116,12,10,2
5383364,6080944,1,3,-2
5383364,6080944,2,1,1
5383364,6080944,8,7,1
5562997,6455142,2,2,0
5562997,6455142,4,4,0
7490283,8213243,11,6,5
7603001,7845841,3,3,0
3964137,6205626,1,1,0
3964137,6205626,2,4,-2
3964137,6205626,13,6,7
6074163,7040855,6,6,0
7374291,7401928,1,8,-7
7374291,7401928,4,4,0
7374291,7401928,8,2,6
7374291,7401928,10,10,0
4316390,8414496,11,6,5
5211135,6321690,1,5,-4
5211135,6321690,2,4,-2
5211135,6321690,3,1,2
5211135,6321690,5,7,-2
5424552,6577405,2,12,-10
5424552,6577405,4,9,-5
6436313,8277612,5,9,-4
6436313,8277612,6,2,4
4829742,8272418,4,1,3
3976942,4713608,8,5,3
6605958,8548069,1,2,-1
6605958,8548069,6,13,-7
6605958,8548069,7,1,6
6605958,8548069,8,3,5
6605958,8548069,12,11,1
4550895,6857634,3,12,-9
7677310,8267185,1,3,-2
7677310,8267185,6,12,-6
7677310,8267185,9,9,0
7677310,8267185,10,2,8
4095309,4408366,3,1,2
4095309,4408366,5,2,3
5006598,8557374,1,6,-5
5006598,8557374,2,13,-11
5006598,8557374,5,11,-6
5006598,8557374,12,5,7
4544225,7297012,1,2,-1
6907295,8660666,1,4,-3
4056113,4438024,3,1,2
4056113,4438024,6,7,-1
4056113,4438024,8,8,0
4056113,4438024,11,4,7
4461669,8272419,4,1,3
4461669,8272419,8,12,-4
4121592,6464661,1,6,-5
4121592,6464661,6,7,-1
6570857,7756129,10,4,6
5586058,8379229,3,10,-7
5586058,8379229,10,3,7
5518528,6464944,11,5,6
6202923,8229885,1,1,0
4946778,8551715,5,1,4
4946778,8551715,6,6,0
4721463,5573397,2,1,1
4721463,5573397,4,9,-5
4721463,5573397,5,2,3
4721463,5573397,13,11,2
5343401,6502006,1,2,-1
5343401,6502006,3,4,-1
5551084,6421839,1,2,-1
5551084,6421839,3,1,2
5551084,6421839,4,5,-1
5551084,6421839,5,3,2
7434449,8505395,1,2,-1
7434449,8505395,5,1,4
5423745,7422600,1,4,-3
6661744,7136328,3,1,2
6661744,7136328,5,11,-6
6661744,7136328,9,8,1
6661744,7136328,10,9,1
6661744,7136328,12,2,10
6524584,7858589,1,2,-1
6524584,7858589,2,9,-7
6524584,7858589,5,1,4
6524584,7858589,10,11,-1
6524584,7858589,11,3,8
6524584,7858589,12,7,5
6871195,8473319,11,2,9
5011384,5575635,2,9,-7
5011384,5575635,10,12,-2
5011384,5575635,11,2,9
4754596,7726104,1,2,-1
4754596,7726104,2,4,-2
4754596,7726104,12,1,11
4883189,5005729,2,1,1
6262726,7089553,3,9,-6
6262726,7089553,5,11,-6
6262726,7089553,6,5,1
6262726,7089553,10,12,-2
5344224,6128569,9,7,2
5344224,6128569,10,8,2
5344224,6128569,11,9,2
5448544,6542451,10,1,9
6165874,6488771,1,1,0
6165874,6488771,2,3,-1
6165874,6488771,3,6,-3
6165874,6488771,4,8,-4
6165874,6488771,6,5,1
6165874,6488771,7,12,-5
6165874,6488771,8,2,6
4847837,5289468,2,2,0
4847837,5289468,7,11,-4
4281868,5295440,1,2,-1
4281868,5295440,9,3,6
4886494,8734385,1,3,-2
4306591,8678041,3,2,1
7572219,7959555,3,5,-2
4396574,5318740,2,1,1
4396574,5318740,3,10,-7
4396574,5318740,6,3,3
4396574,5318740,9,13,-4
5247865,8191451,4,3,1
5247865,8191451,5,2,3
6456060,6975104,1,2,-1
6456060,6975104,2,3,-1
6456060,6975104,6,10,-4
6363620,6877364,4,1,3
6363620,6877364,5,13,-8
6363620,6877364,6,3,3
5396399,7149080,2,4,-2
4349910,6952438,2,12,-10
4349910,6952438,3,1,2
6201893,7916347,1,9,-8
4011819,7503523,1,9,-8
4011819,7503523,10,3,7
4958091,8023314,5,4,1
4958091,8023314,7,7,0
4958091,8023314,10,5,5
4806000,4963000,7,6,1
4806000,4963000,8,9,-1
7080221,7809912,1,4,-3
7080221,7809912,7,13,-6
4707212,7575652,2,3,-1
4707212,7575652,4,9,-5
4707212,7575652,5,4,1
7459777,8664666,1,2,-1
7459777,8664666,5,4,1
7459777,8664666,6,1,5
7459777,8664666,9,9,0
5341493,8255637,2,5,-3
4223325,5219236,2,2,0
4223325,5219236,4,8,-4
4223325,5219236,5,6,-1
4223325,5219236,8,5,3
6891203,8384091,1,3,-2
6891203,8384091,2,4,-2
5488184,7504545,2,1,1
5488184,7504545,3,4,-1
5488184,7504545,13,8,5
5171534,8268886,12,5,7
6153096,8641891,9,4,5
7246207,8086809,1,2,-1
7246207,8086809,4,8,-4
7246207,8086809,6,7,-1
6066357,8076009,3,10,-7
6066357,8076009,4,13,-9
6066357,8076009,7,5,2
5130405,6646153,9,6,3
5019473,5571647,1,5,-4
5019473,5571647,2,3,-1
5019473,5571647,3,9,-6
5163046,6085254,5,2,3
4325574,6354641,1,1,0
4325574,6354641,8,2,6
6304297,8358459,5,3,2
7161833,7924619,2,1,1
7161833,7924619,4,2,2
7161833,7924619,8,4,4
7161833,7924619,10,11,-1
6253524,6880657,1,1,0
6253524,6880657,4,4,0
6253524,6880657,5,10,-5
6253524,6880657,13,13,0
4959175,7985212,4,13,-9
4934368,8280478,5,1,4
6120051,7527278,7,7,0
6120051,7527278,11,1,10
4677471,7450996,7,5,2
6901072,8553699,1,2,-1
5392158,7057824,1,5,-4
5392158,7057824,7,6,1
5392158,7057824,8,11,-3
4078032,7651645,1,1,0
4078032,7651645,3,9,-6
5221984,7575380,1,1,0
5221984,7575380,4,4,0
5221984,7575380,5,11,-6
4535554,7340851,2,5,-3
4535554,7340851,5,2,3
4535554,7340851,7,4,3
7315753,8204567,6,7,-1
4878843,5319747,11,11,0
6558375,8747418,7,7,0
4985889,6424652,9,1,8
4534493,7687743,5,4,1
6976547,8302694,12,5,7
4893120,8227742,11,4,7
6920182,7706495,3,2,1
6920182,7706495,6,3,3
4886356,7379178,2,8,-6
4886356,7379178,3,6,-3
6953265,7347599,1,5,-4
6953265,7347599,2,10,-8
6953265,7347599,5,4,1
3969650,5561348,3,1,2
5155835,6502205,4,8,-4
7114915,8465259,3,2,1
7114915,8465259,5,1,4
7114915,8465259,8,4,4
4908861,8086578,5,13,-8
6956169,8243918,4,1,3
4897021,8105016,1,1,0
4897021,8105016,3,6,-3
4897021,8105016,7,10,-3
4897021,8105016,11,8,3
5313532,6246785,6,6,0
6241671,7537570,6,4,2
6625256,8094569,1,12,-11
6625256,8094569,3,6,-3
6625256,8094569,12,2,10
6560122,8685797,2,11,-9
6560122,8685797,4,12,-8
6560122,8685797,5,6,-1
6560122,8685797,7,4,3
6560122,8685797,9,1,8
6216739,8281816,1,1,0
6216739,8281816,7,5,2
4802365,8515583,2,1,1
4802365,8515583,9,2,7
4869293,5546989,5,5,0
5226638,6062552,1,3,-2
5631741,6259043,2,8,-6
6310239,8173836,2,4,-2
6620584,7901897,3,1,2
6620584,7901897,7,2,5
6620584,7901897,8,4,4
5572864,8056319,2,3,-1
5572864,8056319,7,2,5
5572864,8056319,8,6,2
6403245,7968245,3,2,1
4547405,8361573,3,7,-4
4547405,8361573,5,3,2
6348053,7591823,1,1,0
6348053,7591823,2,8,-6
7396355,7837678,2,1,1
7396355,7837678,6,3,3
7396355,7837678,7,2,5
7396355,7837678,8,6,2
4929570,5077231,2,3,-1
4929570,5077231,4,9,-5
6358660,7125467,9,7,2
5186839,5336412,5,1,4
5186839,5336412,9,2,7
5635859,8139332,1,13,-12
5635859,8139332,3,1,2
5635859,8139332,4,10,-6
5635859,8139332,7,11,-4
5635859,8139332,13,2,11
6358091,6962503,4,1,3
7828207,8517276,6,3,3
7828207,8517276,8,2,6
5354704,5451534,7,2,5
5354704,5451534,12,1,11
4258803,8739898,1,6,-5
4258803,8739898,3,4,-1
4258803,8739898,6,1,5
4258803,8739898,7,3,4
4258803,8739898,9,5,4
6369899,6559954,3,3,0
6369899,6559954,6,12,-6
5648648,6167517,7,10,-3
5648648,6167517,8,13,-5
6340718,6998063,1,1,0
4013786,4493824,1,2,-1
4013786,4493824,4,1,3
6262778,7995121,1,5,-4
6262778,7995121,3,4,-1
6262778,7995121,5,1,4
6262778,7995121,6,2,4
4894366,8193345,12,5,7
4054479,4915983,4,9,-5
4054479,4915983,6,7,-1
4054479,4915983,10,5,5
4961105,5313365,1,4,-3
4961105,5313365,4,2,2
4961105,5313365,9,12,-3
4961105,5313365,10,13,-3
5518786,6723427,11,8,3
5595515,6893306,1,1,0
5595515,6893306,2,5,-3
5595515,6893306,5,13,-8
4250577,7055521,2,1,1
7004724,7602075,2,1,1
4844063,8460284,10,6,4
4885190,6527895,1,5,-4
4885190,6527895,4,11,-7
4885190,6527895,13,2,11
4614345,8276916,3,4,-1
4614345,8276916,10,1,9
4987307,5289520,6,7,-1
6334138,8458244,6,2,4
6856144,7461553,1,2,-1
6856144,7461553,6,9,-3
6856144,7461553,9,6,3
5125854,5428703,4,6,-2
5125854,5428703,8,4,4
6996503,8014886,1,1,0
6996503,8014886,7,4,3
6996503,8014886,10,8,2
5220851,7475896,1,2,-1
5220851,7475896,6,3,3
5220851,7475896,9,4,5
5220851,7475896,11,9,2
4091782,4348338,2,3,-1
5527316,8287538,4,1,3
7043528,8670019,1,6,-5
7043528,8670019,4,5,-1
7043528,8670019,6,10,-4
5619066,6888735,2,2,0
6636197,7545367,3,4,-1
4792536,6313053,1,1,0
4792536,6313053,5,13,-8
7308242,8160534,3,5,-2
7308242,8160534,5,1,4
7432321,8097674,1,8,-7
7432321,8097674,6,3,3
5400458,8579677,1,3,-2
5400458,8579677,10,8,2
4705502,5163906,2,8,-6
4705502,5163906,8,10,-2
5218770,7493701,13,3,10
6130726,8359548,4,12,-8
5127083,5283852,4,1,3
5127083,5283852,6,3,3
5462120,6062306,2,13,-11
5462120,6062306,5,11,-6
6167189,8265451,3,1,2
6167189,8265451,6,4,2
6167189,8265451,7,5,2
6167189,8265451,8,6,2
6167189,8265451,10,7,3
6167189,8265451,11,8,3
6167189,8265451,12,9,3
6167189,8265451,13,10,3
4559697,7211935,11,8,3
4427069,7975764,1,5,-4
4427069,7975764,3,1,2
4856094,4968110,1,1,0
4856094,4968110,3,3,0
4856094,4968110,13,4,9
4158524,7665944,3,13,-10
4158524,7665944,8,11,-3
4158524,7665944,10,2,8
5311841,6495146,11,4,7
5503320,8562598,2,10,-8
5503320,8562598,8,13,-5
6269263,7805193,3,5,-2
6566700,7112484,8,4,4
5604680,6442745,3,8,-5
5604680,6442745,12,5,7
5071158,5193845,1,8,-7
7679102,8330141,4,1,3
7679102,8330141,12,9,3
7679102,8330141,13,8,5
5421463,7896344,5,1,4
7772495,8586868,3,9,-6
7772495,8586868,4,1,3
6288553,7265555,3,2,1
6288553,7265555,6,8,-2
6288553,7265555,8,6,2
5336844,8254749,1,13,-12
5336844,8254749,5,4,1
4154523,4933709,1,1,0
4154523,4933709,2,2,0
4154523,4933709,4,5,-1
4154523,4933709,9,10,-1
7244877,8362324,3,1,2
7244877,8362324,9,2,7
7662155,8298292,3,1,2
6196316,6648961,3,3,0
6196316,6648961,7,5,2
6196316,6648961,11,6,5
4354813,4409161,1,1,0
4354813,4409161,2,2,0
4833559,5331478,4,3,1
5212502,6070974,2,13,-11
5212502,6070974,6,8,-2
5212502,6070974,8,2,6
5212502,6070974,9,1,8
5197951,6461321,2,8,-6
5197951,6461321,3,6,-3
6118842,7715526,1,1,0
6118842,7715526,2,4,-2
6118842,7715526,3,3,0
5653362,6374726,1,6,-5
5653362,6374726,2,2,0
5032536,6323051,1,12,-11
5032536,6323051,10,7,3
5032536,6323051,13,3,10
5284435,7632087,11,12,-1
5076441,6994200,11,11,0
5073949,8009875,1,2,-1
5073949,8009875,9,7,2
5073949,8009875,13,13,0
4979824,8436993,2,1,1
6261213,6500104,1,1,0
6261213,6500104,3,2,1
6261213,6500104,5,3,2
4814142,8007446,4,3,1
4814142,8007446,13,9,4
6275227,7747965,1,8,-7
6292875,7817651,3,2,1
6301613,7752205,1,4,-3
6301613,7752205,3,10,-7
7610637,8701229,2,9,-7
7610637,8701229,12,6,6
4007957,4095833,1,2,-1
4007957,4095833,11,5,6
6450024,7528737,11,4,7
5161485,7204204,4,8,-4
3945049,7048884,1,12,-11
4457985,5071917,2,2,0
4457985,5071917,7,12,-5
3960721,6074550,4,5,-1
8244150,8521049,1,8,-7
8244150,8521049,5,12,-7
8244150,8521049,6,1,5
5095654,6182952,2,2,0
5006997,5628908,1,2,-1
5395111,8016289,1,5,-4
4259842,7886540,2,1,1
4259842,7886540,4,2,2
6270106,8297394,6,12,-6
7889975,8698844,5,7,-2
6156947,7586018,1,1,0
6156947,7586018,2,3,-1
6156947,7586018,4,9,-5
6156947,7586018,9,12,-3
3987588,5339522,2,1,1
3987588,5339522,5,4,1
4894450,7462712,4,2,2
4894450,7462712,8,11,-3
5410259,6861859,7,2,5
5127758,6854238,6,12,-6
8144280,8681080,1,3,-2
8144280,8681080,2,6,-4
8144280,8681080,3,1,2
8144280,8681080,5,5,0
8144280,8681080,7,4,3
8144280,8681080,8,7,1
8144280,8681080,9,9,0
4143930,4557535,1,1,0
4143930,4557535,13,7,6
8116522,8170272,2,9,-7
8116522,8170272,5,11,-6
4747837,5232454,1,1,0
4747837,5232454,2,4,-2
4856368,5314387,7,4,3
4856368,5314387,10,1,9
7553406,8580107,2,9,-7
7553406,8580107,3,11,-8
7553406,8580107,4,7,-3
5269783,6551332,4,11,-7
5269783,6551332,8,6,2
4242294,4381931,13,1,12
4706230,4862429,7,9,-2
4706230,4862429,8,2,6
6319231,8083770,3,3,0
3991742,4485802,6,3,3
4944412,7204373,8,4,4
4009957,4304486,1,10,-9
5312023,7308998,2,1,1
4785807,7879033,5,1,4
6208686,7978658,4,11,-7
6208686,7978658,10,6,4
6411833,7904130,2,7,-5
5042210,7526901,2,7,-5
5042210,7526901,3,3,0
5042210,7526901,6,5,1
5278641,7705892,1,13,-12
5128141,6187764,1,13,-12
4674125,5414469,13,12,1
5298326,6558760,1,5,-4
5298326,6558760,3,8,-5
5298326,6558760,5,10,-5
5262642,8438927,4,11,-7
5262642,8438927,5,2,3
5262642,8438927,6,4,2
6852510,7527966,1,7,-6
6852510,7527966,7,3,4
6094323,7451462,1,8,-7
6094323,7451462,4,12,-8
6094323,7451462,9,10,-1
4604994,5048511,5,6,-1
4604994,5048511,11,4,7
5212137,8258073,8,1,7
5212137,8258073,9,6,3
5212137,8258073,10,7,3
5212137,8258073,13,9,4
6401968,7850041,2,6,-4
6401968,7850041,5,1,4
6401968,7850041,8,2,6
7365810,7994503,1,2,-1
7365810,7994503,3,1,2
7365810,7994503,5,12,-7
4416267,8241202,1,3,-2
6243772,7937752,7,6,1
6297170,6949453,10,1,9
5218602,7079530,9,4,5
7375154,7964258,6,7,-1
7375154,7964258,9,1,8
7375154,7964258,12,12,0
7974672,8597188,1,1,0
6260377,7444830,5,7,-2
6260377,7444830,11,3,8
4914153,5385976,1,8,-7
4914153,5385976,2,6,-4
4914153,5385976,10,7,3
4914153,5385976,12,2,10
4914153,5385976,13,9,4
5170294,5450242,1,1,0
5170294,5450242,2,2,0
5170294,5450242,3,3,0
5170294,5450242,4,5,-1
5170294,5450242,5,4,1
5170294,5450242,6,6,0
5170294,5450242,7,7,0
5170294,5450242,8,10,-2
5170294,5450242,9,8,1
5170294,5450242,10,11,-1
5170294,5450242,11,12,-1
5170294,5450242,12,13,-1
8147870,8354124,1,1,0
8147870,8354124,2,2,0
8147870,8354124,3,3,0
8147870,8354124,4,4,0
8147870,8354124,5,5,0
8147870,8354124,6,6,0
8147870,8354124,7,7,0
8147870,8354124,8,8,0
8147870,8354124,9,9,0
8147870,8354124,10,10,0
8147870,8354124,11,11,0
8147870,8354124,12,12,0
8147870,8354124,13,13,0
3944304,4286828,1,1,0
3944304,4286828,8,7,1
6068362,8714675,8,2,6
6068362,8714675,13,4,9
4154706,4536319,5,11,-6
5627931,6435733,2,5,-3
5627931,6435733,5,1,4
5627931,6435733,6,2,4
4165651,4708010,2,2,0
4165651,4708010,3,1,2
4165651,4708010,6,12,-6
4672976,5109863,1,5,-4
4672976,5109863,2,3,-1
4672976,5109863,11,11,0
6340328,7997964,2,6,-4
7453695,7760503,3,11,-8
4625283,8735767,9,10,-1
4907151,5561786,1,1,0
5267328,6097429,6,5,1
6982683,8430512,3,9,-6
6982683,8430512,11,2,9
4019140,7110435,13,11,2
5625332,7935885,2,13,-11
5625332,7935885,7,3,4
5625332,7935885,9,10,-1
7100654,8453691,2,11,-9
7100654,8453691,3,3,0
6162268,6488729,1,1,0
6162268,6488729,6,11,-5
6162268,6488729,11,9,2
7070459,7686643,6,4,2
3989834,4092423,1,1,0
3989834,4092423,2,2,0
3989834,4092423,3,3,0
3989834,4092423,4,4,0
3989834,4092423,5,5,0
3989834,4092423,6,6,0
3989834,4092423,7,7,0
3989834,4092423,8,8,0
3989834,4092423,9,9,0
3989834,4092423,10,10,0
3989834,4092423,11,11,0
3989834,4092423,12,12,0
3989834,4092423,13,13,0
6376578,7932349,4,4,0
6376578,7932349,9,1,8
6376578,7932349,10,5,5
4681584,4994278,8,9,-1
3988366,4067906,1,4,-3
3988366,4067906,4,12,-8
3988366,4067906,5,3,2
6349403,7784010,2,2,0
6349403,7784010,4,6,-2
4798876,7332224,5,4,1
4599305,4804746,6,5,1
4599305,4804746,7,1,6
7272694,8145866,2,1,1
5356678,6491993,1,2,-1
5356678,6491993,2,1,1
4977304,7319611,6,3,3
4977304,7319611,10,8,2
5582376,6206212,6,3,3
5041434,7060728,13,3,10
7288547,8476263,5,9,-4
6202097,7337334,4,6,-2
4864618,8121919,1,4,-3
4864618,8121919,9,2,7
4864618,8121919,12,10,2
4864618,8121919,13,11,2
4159896,8062534,5,4,1
4159896,8062534,7,5,2
4159896,8062534,8,3,5
6092559,6382262,2,2,0
6092559,6382262,3,1,2
6092559,6382262,5,8,-3
6092559,6382262,6,9,-3
6092559,6382262,8,5,3
5251495,7647846,1,1,0
4553317,4686550,1,11,-10
6527837,8425660,7,5,2
5067948,7731678,1,4,-3
4960303,6431092,1,10,-9
4960303,6431092,2,6,-4
4960303,6431092,6,11,-5
4410492,7608218,1,1,0
6215988,6928298,1,4,-3
6215988,6928298,3,3,0
7125551,7722872,1,1,0
7125551,7722872,2,2,0
7125551,7722872,4,3,1
7125551,7722872,6,6,0
7125551,7722872,7,4,3
7125551,7722872,10,8,2
6377855,8007493,2,5,-3
6377855,8007493,7,1,6
4838868,6955659,10,4,6
3982659,5469987,1,3,-2
7623349,8279607,2,8,-6
7623349,8279607,6,1,5
7623349,8279607,13,10,3
6562042,7909825,3,5,-2
4061001,6503412,1,11,-10
7085257,7376423,6,13,-7
4384947,4544478,7,6,1
5107256,6892267,3,3,0
5107256,6892267,6,12,-6
7599181,7755891,4,7,-3
5004870,7665223,5,12,-7
5004870,7665223,13,5,8
5405501,6855229,2,7,-5
5405501,6855229,6,1,5
4829434,6095945,1,2,-1
4829434,6095945,9,12,-3
6216122,7747966,4,8,-4
6161142,8116616,2,1,1
4815789,6966604,1,2,-1
4815789,6966604,3,3,0
7047291,8060782,1,1,0
7047291,8060782,4,4,0
7047291,8060782,8,5,3
6299329,7148470,3,9,-6
4095974,7078656,4,6,-2
7443633,8201320,1,1,0
7443633,8201320,3,5,-2
7443633,8201320,5,10,-5
7443633,8201320,6,3,3
7443633,8201320,9,4,5
4858054,6567250,2,10,-8
4858054,6567250,6,11,-5
4858054,6567250,8,2,6
4862141,5149038,1,2,-1
4862141,5149038,2,1,1
5113490,5454068,3,6,-3
5113490,5454068,9,5,4
4617637,8261745,2,8,-6
5229047,6450222,1,1,0
5229047,6450222,6,7,-1
6632267,7833324,7,7,0
7487535,8429712,1,2,-1
7487535,8429712,2,13,-11
7487535,8429712,3,5,-2
7487535,8429712,7,11,-4
7487535,8429712,8,9,-1
4218891,8505317,3,6,-3
7351949,8441467,3,6,-3
6850068,7554329,1,12,-11
6850068,7554329,2,7,-5
6850068,7554329,4,8,-4
6850068,7554329,6,11,-5
6850068,7554329,7,6,1
6850068,7554329,9,9,0
6850068,7554329,10,5,5
6288496,7746298,4,5,-1
6288496,7746298,5,1,4
6288496,7746298,13,8,5
6335655,7894727,3,7,-4
6335655,7894727,7,5,2
6335655,7894727,8,2,6
6335655,7894727,10,9,1
6335655,7894727,11,1,10
6201692,7461203,4,1,3
6201692,7461203,8,5,3
6087046,7759026,4,11,-7
4112426,7250884,1,5,-4
4112426,7250884,2,9,-7
4112426,7250884,4,13,-9
4112426,7250884,12,2,10
5618646,6544702,4,13,-9
5618646,6544702,11,6,5
5044104,5655675,13,7,6
5151812,7046412,1,4,-3
5151812,7046412,7,2,5
5151812,7046412,8,7,1
5151812,7046412,10,8,2
4403487,4768362,1,3,-2
4626620,7358448,10,12,-2
6457115,6910002,1,1,0
6550128,8474806,6,12,-6
6550128,8474806,7,3,4
6436103,7575579,1,1,0
6436103,7575579,7,2,5
5579239,8087047,3,9,-6
4557185,6450881,10,3,7
6128857,7669380,2,3,-1
6128857,7669380,6,2,4
6128857,7669380,7,1,6
4102970,8013057,5,3,2
4102970,8013057,11,7,4
4102970,8013057,13,11,2
6601621,7455090,1,5,-4
4596898,7492905,3,5,-2
4596898,7492905,8,1,7
4302093,5276489,1,3,-2
4302093,5276489,2,6,-4
4302093,5276489,7,1,6
4302093,5276489,8,13,-5
4793618,8740222,2,2,0
4793618,8740222,5,6,-1
4793618,8740222,7,3,4
4793618,8740222,11,5,6
4895780,5657235,2,2,0
4895780,5657235,5,4,1
4372143,6490904,1,5,-4
4372143,6490904,4,9,-5
4808049,4954021,8,5,3
7433196,8513056,3,8,-5
7433196,8513056,4,9,-5
6545592,7408843,1,1,0
4949412,6079068,10,5,5
7242850,8749707,1,11,-10
7242850,8749707,5,3,2
7242850,8749707,10,10,0
5007614,6655419,1,13,-12
5007614,6655419,5,11,-6
4677999,5224507,10,2,8
4951956,7934727,1,1,0
4847430,5523061,9,3,6
4305531,6152706,2,2,0
4305531,6152706,12,4,8
5111335,6454618,9,13,-4
5568486,7092394,3,5,-2
6429036,7615808,3,6,-3
6429036,7615808,6,8,-2
6429036,7615808,8,11,-3
5302114,8393317,2,1,1
6167567,7480941,7,4,3
6167567,7480941,10,13,-3
4865584,7171277,1,2,-1
4865584,7171277,6,9,-3
4865584,7171277,9,3,6
5125415,7214214,1,6,-5
5125415,7214214,6,5,1
5360819,7160735,2,11,-9
5360819,7160735,8,4,4
6271646,6599655,7,10,-3
6271646,6599655,9,3,6
6573907,8209624,7,7,0
5220359,6554426,1,1,0
5220359,6554426,3,6,-3
5220359,6554426,12,5,7
5057972,6058006,1,2,-1
5057972,6058006,3,3,0
5057972,6058006,4,1,3
6858478,7105390,1,2,-1
6858478,7105390,2,1,1
6858478,7105390,3,5,-2
6858478,7105390,4,4,0
6858478,7105390,5,3,2
6858478,7105390,6,8,-2
6858478,7105390,7,9,-2
6858478,7105390,8,7,1
6858478,7105390,11,12,-1
6858478,7105390,13,6,7
4793683,6398423,3,2,1
4793683,6398423,5,7,-2
4793683,6398423,6,3,3
4848961,7153058,1,1,0
4848961,7153058,2,2,0
4848961,7153058,3,6,-3
6383710,6638682,1,4,-3
6383710,6638682,2,2,0
6383710,6638682,3,9,-6
6383710,6638682,4,8,-4
6383710,6638682,5,11,-6
6383710,6638682,6,10,-4
6383710,6638682,9,13,-4
6383710,6638682,13,3,10
5147294,6348329,4,8,-4
6371112,7650885,4,5,-1
5485620,7672737,2,1,1
5485620,7672737,4,2,2
5286137,7556242,6,4,2
5286137,7556242,7,1,6
6267194,6543567,1,1,0
6267194,6543567,3,2,1
6267194,6543567,9,4,5
5002248,5348385,2,9,-7
5002248,5348385,3,5,-2
4043331,8231378,4,3,1
4043331,8231378,7,5,2
4878897,7713247,9,10,-1
4979966,8257467,3,4,-1
4979966,8257467,4,5,-1
5077500,7638104,2,1,1
5077500,7638104,5,7,-2
6926250,7437888,1,2,-1
6926250,7437888,7,3,4
5377336,6164840,2,1,1
5377336,6164840,5,2,3
5377336,6164840,6,6,0
7028368,8261403,1,1,0
7028368,8261403,2,3,-1
7028368,8261403,5,12,-7
5627365,7113624,1,7,-6
6454710,8428678,2,1,1
7224713,7962655,10,10,0
6579914,7232850,2,4,-2
6579914,7232850,10,2,8
6579914,7232850,11,7,4
6579914,7232850,12,8,4
6226709,8280714,1,4,-3
6226709,8280714,4,2,2
5641416,8268704,2,10,-8
6502166,7698289,1,6,-5
6502166,7698289,6,4,2
6502166,7698289,13,5,8
4388550,6160348,1,2,-1
4388550,6160348,3,3,0
4388550,6160348,5,9,-4
4388550,6160348,13,5,8
6487122,7864591,7,4,3
6487122,7864591,11,2,9
5281392,7901673,1,2,-1
5281392,7901673,10,10,0
5281392,7901673,11,11,0
5581764,8621060,4,9,-5
5581764,8621060,9,3,6
4205675,8377006,3,4,-1
4205675,8377006,5,3,2
5495487,7058862,3,6,-3
6484261,7171467,3,4,-1
6239389,8058937,3,10,-7
6239389,8058937,11,8,3
4320634,5331697,2,5,-3
4320634,5331697,5,6,-1
4320634,5331697,7,8,-1
5646982,8452849,9,6,3
7037988,7820581,3,6,-3
7037988,7820581,13,4,9
4323275,4988139,1,3,-2
4323275,4988139,2,4,-2
4323275,4988139,7,9,-2
6282094,7915718,9,7,2
4573330,6314752,9,7,2
7341878,7902564,4,2,2
7341878,7902564,5,4,1
7341878,7902564,7,6,1
6169577,7385638,1,1,0
6169577,7385638,3,8,-5
6169577,7385638,5,5,0
6169577,7385638,11,10,1
3943746,4531391,1,6,-5
4982291,7106954,2,5,-3
4982291,7106954,4,1,3
5547839,8236505,7,2,5
6445030,7760554,10,4,6
6967728,7450256,12,2,10
4431404,6969485,2,2,0
4431404,6969485,3,4,-1
4431404,6969485,4,8,-4
4062992,7351368,1,1,0
4062992,7351368,3,4,-1
5139509,8048020,1,3,-2
5186425,6241329,3,11,-8
5077118,7112360,1,7,-6
5077118,7112360,2,9,-7
6197002,8480575,12,10,2
6636440,7755938,5,5,0
6636440,7755938,8,3,5
6636440,7755938,13,13,0
5034288,6074772,1,1,0
5034288,6074772,2,2,0
5034288,6074772,8,6,2
5034288,6074772,13,13,0
6665308,7103049,8,11,-3
5155959,6299970,4,2,2
5155959,6299970,6,8,-2
5155959,6299970,7,9,-2
5155959,6299970,8,11,-3
5155959,6299970,11,13,-2
5033868,7665894,1,12,-11
5033868,7665894,2,5,-3
5033868,7665894,9,4,5
5033868,7665894,13,3,10
5110896,8536272,3,4,-1
4608460,8472607,1,9,-8
4608460,8472607,4,1,3
4608460,8472607,6,2,4
4608460,8472607,10,13,-3
3979383,4145539,2,1,1
3979383,4145539,5,2,3
6296123,6536598,8,7,1
6296123,6536598,10,11,-1
7139535,7750733,1,2,-1
7139535,7750733,12,10,2
6341354,7114090,5,10,-5
6341354,7114090,10,4,6
6157850,6950687,4,11,-7
4688371,5056571,1,2,-1
4688371,5056571,3,4,-1
4688371,5056571,5,1,4
4688371,5056571,12,3,9
6661799,7701971,8,5,3
4040947,4753722,1,2,-1
4040947,4753722,3,1,2
6176579,7036930,4,4,0
6097267,7427962,4,11,-7
6097267,7427962,9,1,8
6097267,7427962,12,6,6
4538622,4976720,4,3,1
5065742,7686763,2,4,-2
5065742,7686763,10,6,4
5045071,8265732,1,2,-1
6362279,7820761,6,4,2
4721637,6421486,2,7,-5
6972161,7527888,1,2,-1
6972161,7527888,3,3,0
6972161,7527888,13,10,3
5136390,8410995,4,2,2
5136390,8410995,6,7,-1
7446172,7759092,2,9,-7
6606961,7520241,1,1,0
5394274,7058697,5,9,-4
6348965,8004668,2,1,1
6348965,8004668,6,2,4
7371629,8361852,3,4,-1
7371629,8361852,9,3,6
7371629,8361852,11,6,5
4985472,6075065,6,10,-4
4538616,7697967,6,13,-7
5046554,6364005,1,1,0
5046554,6364005,4,2,2
4324136,4674325,4,3,1
6890269,8535173,1,1,0
6890269,8535173,7,2,5
6144296,7151439,4,5,-1
6144296,7151439,5,4,1
6144296,7151439,7,8,-1
6546705,6942595,2,1,1
6546705,6942595,4,4,0
4703476,8055012,2,5,-3
4703476,8055012,3,2,1
4703476,8055012,6,10,-4
6269129,7043681,4,10,-6
6269129,7043681,11,12,-1
6854141,7058999,1,5,-4
6854141,7058999,2,6,-4
6854141,7058999,5,4,1
6854141,7058999,7,3,4
6854141,7058999,10,11,-1
4932742,5218656,1,1,0
4932742,5218656,3,2,1
4932742,5218656,13,3,10
4402118,4724585,1,1,0
4402118,4724585,2,10,-8
4097113,4637749,10,9,1
4752597,6521728,5,2,3
4752597,6521728,6,1,5
4752597,6521728,8,4,4
6133282,6670371,1,1,0
6133282,6670371,2,2,0
6133282,6670371,4,3,1
6133282,6670371,6,4,2
6133282,6670371,9,5,4
6133282,6670371,10,6,4
6133282,6670371,11,7,4
6133282,6670371,12,8,4
6133282,6670371,13,9,4
7139743,8156101,1,9,-8
7139743,8156101,2,4,-2
4840789,5169626,1,1,0
5250071,7166122,2,3,-1
5250071,7166122,6,12,-6
6666486,7788863,3,8,-5
6500597,7282314,1,10,-9
6500597,7282314,5,2,3
6500597,7282314,7,3,4
6500597,7282314,8,11,-3
5375662,7971642,2,9,-7
5248927,5637413,1,2,-1
5248927,5637413,2,10,-8
4240746,4703166,6,1,5
7910939,8395180,1,1,0
7910939,8395180,2,2,0
7910939,8395180,3,6,-3
4755237,7134381,6,5,1
4758376,5230835,1,1,0
4758376,5230835,13,5,8
7312794,7733554,1,13,-12
7312794,7733554,4,2,2
7312794,7733554,13,5,8
4718974,5079187,8,1,7
6898564,8639796,2,1,1
6898564,8639796,5,12,-7
7105182,8742072,5,5,0
7105182,8742072,9,11,-2
7105182,8742072,10,12,-2
4339754,4709236,2,1,1
4339754,4709236,6,10,-4
7082352,8694164,1,7,-6
7362222,8254958,7,1,6
7362222,8254958,10,3,7
7362222,8254958,11,5,6
7001436,7351267,1,5,-4
7001436,7351267,2,7,-5
7001436,7351267,5,1,4
6124167,6544844,3,4,-1
6217448,8206209,1,3,-2
6217448,8206209,3,8,-5
7536227,8755892,3,12,-9
4923270,6456756,7,10,-3
4923270,6456756,11,6,5
6404615,7875956,1,5,-4
6404615,7875956,5,6,-1
6404615,7875956,7,1,6
6404615,7875956,8,3,5
5422890,7149168,3,9,-6
5342177,7124789,1,1,0
5342177,7124789,6,5,1
5342177,7124789,8,10,-2
5342177,7124789,11,2,9
5303417,7107028,3,5,-2
5303417,7107028,8,1,7
6607635,6949166,1,1,0
6607635,6949166,2,2,0
6607635,6949166,3,3,0
6607635,6949166,4,4,0
6607635,6949166,5,5,0
6607635,6949166,6,6,0
6607635,6949166,7,7,0
6607635,6949166,8,13,-5
6607635,6949166,9,8,1
6607635,6949166,10,9,1
6607635,6949166,11,11,0
6607635,6949166,12,12,0
5083910,6327795,4,4,0
7534489,8475922,1,7,-6
5542549,6478166,2,1,1
5542549,6478166,10,5,5
4427880,4694153,1,2,-1
4427880,4694153,13,10,3
5454937,6962656,1,5,-4
5454937,6962656,3,11,-8
5454937,6962656,7,8,-1
5633949,6959800,1,12,-11
5633949,6959800,5,1,4
5633949,6959800,6,9,-3
5633949,6959800,8,6,2
7580524,8755687,6,3,3
7580524,8755687,13,9,4
5638385,6543029,1,1,0
5638385,6543029,2,2,0
4935191,5639405,1,4,-3
4935191,5639405,2,5,-3
4935191,5639405,4,7,-3
4935191,5639405,6,3,3
4935191,5639405,7,1,6
4935191,5639405,8,8,0
4935191,5639405,9,9,0
6374731,7032510,4,3,1
6374731,7032510,8,1,7
4607079,4788263,1,7,-6
4607079,4788263,2,1,1
4607079,4788263,8,3,5
4607079,4788263,12,4,8
6903364,7391062,1,1,0
6903364,7391062,3,3,0
6903364,7391062,4,4,0
6903364,7391062,5,5,0
6903364,7391062,6,6,0
6903364,7391062,7,7,0
6903364,7391062,8,8,0
6903364,7391062,9,9,0
6903364,7391062,10,10,0
6903364,7391062,11,11,0
6903364,7391062,12,12,0
6903364,7391062,13,13,0
4103922,4711459,1,1,0
4103922,4711459,2,2,0
4103922,4711459,6,7,-1
4103922,4711459,7,11,-4
4103922,4711459,8,3,5
4103922,4711459,10,8,2
4103922,4711459,11,4,7
6233575,7424480,3,3,0
4654030,5336206,1,1,0
4746542,7110210,6,3,3
4746542,7110210,11,1,10
4605318,5580176,1,7,-6
4605318,5580176,4,3,1
4605318,5580176,7,1,6
4605318,5580176,10,4,6
4605318,5580176,13,12,1
5331066,8431202,1,1,0
5634541,6145642,1,1,0
5634541,6145642,2,4,-2
5634541,6145642,4,10,-6
5634541,6145642,5,7,-2
5634541,6145642,9,2,7
4278892,5346096,2,11,-9
4278892,5346096,7,3,4
4278892,5346096,10,10,0
4598118,7173077,10,11,-1
7666287,8062231,12,5,7
6323569,7598633,2,1,1
6323569,7598633,6,3,3
6323569,7598633,8,4,4
4813119,6382602,2,2,0
4813119,6382602,8,1,7
4464701,6165834,2,1,1
4464701,6165834,12,3,9
6071244,7220230,5,1,4
6071244,7220230,6,8,-2
6071244,7220230,7,9,-2
6071244,7220230,13,5,8
3954110,4351342,2,5,-3
3954110,4351342,4,1,3
3954110,4351342,8,7,1
4754638,7062954,5,8,-3
4754638,7062954,6,1,5
4754638,7062954,10,3,7
7328216,8019777,4,6,-2
5333054,6961094,4,3,1
5333054,6961094,8,10,-2
4159834,4211430,1,2,-1
4159834,4211430,2,1,1
4159834,4211430,3,7,-4
4159834,4211430,4,3,1
4159834,4211430,10,5,5
4159834,4211430,11,11,0
4159834,4211430,13,13,0
4489626,4713980,3,11,-8
4489626,4713980,4,1,3
4489626,4713980,8,2,6
6297559,6854636,7,1,6
6297559,6854636,8,2,6
6297559,6854636,10,6,4
4327730,4535020,3,5,-2
4327730,4535020,7,2,5
5376413,8445074,6,3,3
5251641,6213957,6,11,-5
5251641,6213957,7,1,6
5251641,6213957,13,13,0
7071006,8546110,5,12,-7
4797178,6092714,1,1,0
4797178,6092714,2,13,-11
4797178,6092714,3,2,1
4797178,6092714,13,6,7
6107230,7863210,1,4,-3
6107230,7863210,9,6,3
6107230,7863210,10,13,-3
4942101,6444364,12,7,5
6553670,8266991,4,7,-3
6553670,8266991,13,3,10
6377913,7729916,3,13,-10
6377913,7729916,4,1,3
5405919,8093343,1,1,0
5405919,8093343,2,4,-2
5405919,8093343,4,7,-3
5405919,8093343,10,6,4
6526313,8306621,2,7,-5
6526313,8306621,10,10,0
4992275,5273749,4,1,3
4677359,6144184,6,1,5
4677359,6144184,7,2,5
7274658,8606846,4,4,0
7274658,8606846,9,1,8
4960996,6232603,2,2,0
4960996,6232603,6,6,0
4960996,6232603,11,1,10
4388822,4555930,5,7,-2
6063871,7855253,1,10,-9
6063871,7855253,12,8,4
5481530,7682676,3,8,-5
7477513,8351206,8,9,-1
5090111,6501619,11,5,6
6338055,8332385,1,1,0
6338055,8332385,2,9,-7
7047408,7916868,1,7,-6
7047408,7916868,6,2,4
6547827,7753840,1,6,-5
6547827,7753840,2,4,-2
6547827,7753840,3,3,0
6547827,7753840,5,7,-2
4804299,6457911,5,1,4
4804299,6457911,8,11,-3
4804299,6457911,11,5,6
6922448,8160126,3,6,-3
6922448,8160126,5,9,-4
6922448,8160126,7,10,-3
5033728,5584473,1,1,0
5033728,5584473,4,4,0
5033728,5584473,12,12,0
5406363,8594548,6,3,3
6463234,7072603,1,6,-5
6463234,7072603,3,10,-7
6463234,7072603,4,3,1
6463234,7072603,8,1,7
6463234,7072603,13,7,6
4554948,8210205,2,1,1
4554948,8210205,13,7,6
6347339,6560322,13,3,10
4941684,8448595,1,2,-1
4941684,8448595,3,5,-2
4941684,8448595,8,3,5
5246548,7431799,6,2,4
5246548,7431799,10,11,-1
5246548,7431799,12,4,8
5635025,6447645,1,5,-4
5635025,6447645,4,2,2
5635025,6447645,7,11,-4
5635025,6447645,11,10,1
6132461,7758627,7,1,6
4004981,4208483,1,10,-9
4004981,4208483,2,4,-2
4004981,4208483,5,1,4
5171218,6951555,4,9,-5
4906365,8157997,1,2,-1
4906365,8157997,5,3,2
3960828,4082735,5,12,-7
3960828,4082735,11,13,-2
5147130,8384274,8,11,-3
5559969,5640602,3,3,0
7547306,8048076,1,2,-1
7547306,8048076,2,12,-10
7547306,8048076,3,3,0
7547306,8048076,4,5,-1
7547306,8048076,5,6,-1
7547306,8048076,11,8,3
7547306,8048076,12,1,11
7547306,8048076,13,10,3
6603969,8553679,2,1,1
6603969,8553679,6,2,4
7255534,7690892,2,3,-1
7255534,7690892,4,7,-3
7255534,7690892,5,2,3
5629077,8277500,3,2,1
5419637,7648270,2,1,1
5419637,7648270,6,5,1
5419637,7648270,9,2,7
4745970,7159669,5,8,-3
4745970,7159669,7,9,-2
4745970,7159669,8,3,5
4375220,5599294,3,11,-8
4375220,5599294,12,2,10
6597366,7793256,7,3,4
4329042,5333026,1,8,-7
4329042,5333026,2,11,-9
4329042,5333026,10,6,4
4329042,5333026,13,2,11
4977105,6448140,2,7,-5
4977105,6448140,7,8,-1
6192407,8589503,11,4,7
6357038,7676843,3,3,0
6125357,7272581,1,11,-10
6125357,7272581,4,4,0
6125357,7272581,5,9,-4
6664932,7009551,5,3,2
5061114,5340231,2,1,1
5061114,5340231,4,2,2
5374146,6345925,1,4,-3
5374146,6345925,3,1,2
5374146,6345925,4,5,-1
5374146,6345925,7,13,-6
5374146,6345925,9,3,6
5374146,6345925,13,7,6
6301723,6848124,7,13,-6
6301723,6848124,11,1,10
4632154,5211207,2,1,1
4632154,5211207,3,4,-1
4632154,5211207,5,8,-3
4632154,5211207,8,10,-2
4632154,5211207,13,5,8
6558321,8377079,7,3,4
5127221,8096133,2,5,-3
5127221,8096133,5,9,-4
4955567,5321866,2,1,1
4955567,5321866,7,2,5
4955567,5321866,8,8,0
4562340,7219832,4,4,0
5078532,5317855,4,11,-7
7409725,7735148,1,3,-2
7409725,7735148,13,10,3
4564767,8228046,2,5,-3
4564767,8228046,3,6,-3
4564767,8228046,7,13,-6
4564767,8228046,10,1,9
4078696,4946064,2,6,-4
4078696,4946064,3,7,-4
4608986,7047627,6,12,-6
4608986,7047627,7,1,6
4776582,7771324,2,9,-7
4999633,5654708,4,8,-4
4999633,5654708,12,6,6
4999495,5291775,3,1,2
4999495,5291775,8,5,3
4999495,5291775,10,2,8
4999495,5291775,12,6,6
4999495,5291775,13,7,6
4752961,7613309,5,3,2
4752961,7613309,9,4,5
5451386,8101243,3,2,1
5451386,8101243,13,1,12
4539615,5289328,2,11,-9
4539615,5289328,6,2,4
4539615,5289328,7,7,0
4539615,5289328,10,4,6
6150890,7200364,9,1,8
6150890,7200364,11,11,0
6254483,7871328,6,12,-6
3991019,4902300,2,1,1
3991019,4902300,3,12,-9
3991019,4902300,10,5,5
4752401,5288412,2,4,-2
4752401,5288412,9,2,7
7041052,8449538,2,9,-7
7041052,8449538,12,10,2
4033859,4666587,1,1,0
6389546,7007185,1,1,0
6389546,7007185,2,2,0
6389546,7007185,3,3,0
6389546,7007185,4,4,0
6389546,7007185,5,5,0
6389546,7007185,6,6,0
6389546,7007185,7,8,-1
6389546,7007185,9,9,0
6389546,7007185,10,11,-1
6389546,7007185,11,12,-1
6389546,7007185,12,13,-1
6389546,7007185,13,7,6
4691976,8157589,1,5,-4
4691976,8157589,2,1,1
4691976,8157589,3,3,0
6841238,7608330,9,10,-1
8140725,8751757,3,11,-8
8140725,8751757,5,1,4
4949959,5048826,1,1,0
7525410,8753949,1,1,0
7525410,8753949,2,6,-4
7525410,8753949,7,3,4
4841963,7198079,2,8,-6
4841963,7198079,3,10,-7
4960011,5590572,8,10,-2
5326412,7093356,10,6,4
4532530,8342669,3,1,2
5289935,7128231,3,4,-1
4583466,5230288,3,1,2
4583466,5230288,4,5,-1
4583466,5230288,10,7,3
4583466,5230288,11,8,3
5174881,6468918,5,13,-8
4200399,4557137,6,9,-3
5384719,6256409,9,2,7
5568806,8649841,3,1,2
5030653,6080428,3,7,-4
5121669,8608566,2,5,-3
4555110,4903966,6,1,5
4555110,4903966,10,4,6
4847625,6606061,1,3,-2
4847625,6606061,7,1,6
4847625,6606061,10,6,4
4955882,7695485,1,3,-2
4955882,7695485,7,9,-2
4955882,7695485,12,7,5
5414992,7251951,4,7,-3
5414992,7251951,7,5,2
5414992,7251951,8,10,-2
5414992,7251951,11,2,9
7652236,8710770,2,1,1
7652236,8710770,6,13,-7
5529766,6548047,2,5,-3
4894802,7439573,6,5,1
5636216,6983319,3,3,0
5636216,6983319,4,6,-2
5016176,6490517,2,1,1
5016176,6490517,12,9,3
7600143,8255635,1,3,-2
7600143,8255635,4,6,-2
7392038,8738496,1,1,0
4961803,5110391,2,1,1
4961803,5110391,7,6,1
4961803,5110391,10,10,0
5591009,6296448,1,1,0
5591009,6296448,2,2,0
5591009,6296448,3,3,0
5030095,6840769,2,1,1
5555409,8417702,1,4,-3
6519408,7393110,2,11,-9
4810843,5156683,5,8,-3
4810843,5156683,6,5,1
4810843,5156683,9,10,-1
6359863,6633541,2,9,-7
6359863,6633541,11,3,8
4764292,6627598,3,13,-10
4764292,6627598,6,4,2
7885119,8400858,4,8,-4
7885119,8400858,5,6,-1
6320909,8385413,1,7,-6
6320909,8385413,4,2,2
4562517,7198399,9,2,7
7714071,8481637,2,3,-1
7714071,8481637,12,4,8
7714071,8481637,13,9,4
8021535,8339737,3,9,-6
8021535,8339737,5,4,1
8021535,8339737,7,7,0
8021535,8339737,12,2,10
6948278,7856757,1,6,-5
6948278,7856757,2,1,1
6948278,7856757,6,7,-1
7236576,8640057,4,5,-1
6579180,8475252,1,2,-1
6579180,8475252,4,3,1
6579180,8475252,9,13,-4
7210553,7918304,2,9,-7
7210553,7918304,5,3,2
7210553,7918304,6,6,0
5184577,7131933,1,2,-1
5184577,7131933,2,8,-6
5184577,7131933,3,7,-4
5184577,7131933,6,3,3
7040068,7757452,8,9,-1
6424778,7120341,4,10,-6
6424778,7120341,7,9,-2
6424778,7120341,10,1,9
5570360,7477596,3,4,-1
5570360,7477596,6,2,4
6409698,8147668,5,4,1
6857958,7963845,1,9,-8
7277359,8254208,6,13,-7
5637291,6210656,1,5,-4
8098818,8200977,4,7,-3
6444145,7731873,2,1,1
6444145,7731873,3,2,1
4959317,7265262,7,2,5
6267781,7998112,12,5,7
4909314,5180000,5,3,2
4909314,5180000,10,10,0
4355062,8703838,10,6,4
6840613,7690775,1,1,0
6840613,7690775,2,2,0
6840613,7690775,3,4,-1
6840613,7690775,4,7,-3
6840613,7690775,6,10,-4
6840613,7690775,7,8,-1
6840613,7690775,11,13,-2
4444976,5548056,2,2,0
4444976,5548056,7,6,1
4345418,4702063,1,1,0
4345418,4702063,2,4,-2
4345418,4702063,6,7,-1
4345418,4702063,8,2,6
4345418,4702063,9,3,6
7408168,8693747,2,1,1
7408168,8693747,3,13,-10
7408168,8693747,5,2,3
4381647,4815289,1,4,-3
4381647,4815289,3,2,1
4381647,4815289,5,9,-4
4381647,4815289,8,1,7
4381647,4815289,10,10,0
5013366,7064070,11,13,-2
5013366,7064070,12,9,3
4465201,4714180,2,8,-6
6174311,8206447,12,6,6
4987620,6374436,3,2,1
7163585,8057600,5,2,3
7163585,8057600,6,4,2
7163585,8057600,7,5,2
7163585,8057600,11,6,5
7163585,8057600,12,7,5
7163585,8057600,13,8,5
5218188,7916123,3,7,-4
5027343,6519723,1,5,-4
5027343,6519723,5,4,1
5027343,6519723,7,3,4
5027343,6519723,10,2,8
5027343,6519723,13,13,0
4052944,4815623,7,12,-5
6972354,8431777,2,2,0
6972354,8431777,4,4,0
6972354,8431777,5,8,-3
6972354,8431777,6,10,-4
6972354,8431777,10,11,-1
6972354,8431777,11,3,8
6972354,8431777,13,5,8
4077847,7301061,1,9,-8
4077847,7301061,10,5,5
7189206,8728003,7,1,6
5655432,6357340,7,1,6
5655432,6357340,10,6,4
4113175,6467695,2,13,-11
4073014,4315337,2,6,-4
4073014,4315337,3,9,-6
4073014,4315337,7,4,3
4748867,5341289,9,1,8
6128377,7996541,2,2,0
6128377,7996541,13,3,10
4114958,4306753,13,5,8
6119979,7487936,13,3,10
4102149,4551989,1,1,0
4102149,4551989,2,13,-11
4102149,4551989,8,9,-1
4793859,5330854,1,2,-1
4793859,5330854,4,8,-4
5328669,8557730,9,13,-4
3934922,7827918,4,2,2
3934922,7827918,6,1,5
4919145,8663121,2,1,1
4919145,8663121,7,9,-2
5458638,7918877,1,3,-2
4523590,8231619,1,2,-1
4523590,8231619,2,5,-3
4523590,8231619,4,12,-8
4523590,8231619,10,4,6
5113114,6593676,5,3,2
5113114,6593676,7,11,-4
5419777,7918873,4,6,-2
6848518,8146669,10,1,9
5047282,8481147,2,6,-4
5047282,8481147,4,2,2
6945015,8104520,2,11,-9
6945015,8104520,4,8,-4
6945015,8104520,10,5,5
6945015,8104520,12,2,10
6436704,7618622,3,3,0
5045609,6462108,3,1,2
6338010,8000850,3,1,2
6338010,8000850,7,5,2
5633881,7099405,3,8,-5
5633881,7099405,12,2,10
4441965,6372345,3,3,0
5511352,7975432,1,1,0
5511352,7975432,2,6,-4
5511352,7975432,3,11,-8
5511352,7975432,5,3,2
7297584,7902082,2,5,-3
5329289,8102457,2,9,-7
5637110,7458972,6,10,-4
5478074,8491408,1,1,0
5478074,8491408,2,4,-2
5478074,8491408,6,2,4
5478074,8491408,13,5,8
7311644,8235878,1,5,-4
7311644,8235878,2,7,-5
4751965,5224715,1,1,0
4751965,5224715,2,12,-10
4453810,4880303,7,11,-4
6186659,8012765,1,1,0
6186659,8012765,2,2,0
6186659,8012765,3,3,0
6186659,8012765,4,4,0
6186659,8012765,5,5,0
6186659,8012765,6,6,0
6186659,8012765,7,7,0
6186659,8012765,8,8,0
6186659,8012765,9,9,0
6186659,8012765,11,10,1
6186659,8012765,12,11,1
6186659,8012765,13,12,1
7262205,7683173,1,1,0
7262205,7683173,2,2,0
7262205,7683173,3,3,0
7262205,7683173,4,4,0
7262205,7683173,5,5,0
7262205,7683173,6,6,0
7262205,7683173,7,7,0
7262205,7683173,8,9,-1
7262205,7683173,9,10,-1
7262205,7683173,10,11,-1
7262205,7683173,11,12,-1
7262205,7683173,12,13,-1
4064395,6445332,4,13,-9
4064395,6445332,10,10,0
5629540,6232628,2,11,-9
5629540,6232628,13,12,1
5350432,7332008,2,3,-1
5350432,7332008,4,5,-1
5350432,7332008,9,2,7
4300317,5165202,3,3,0
4300317,5165202,4,2,2
6363377,8250080,1,1,0
6363377,8250080,2,4,-2
6363377,8250080,7,5,2
6363377,8250080,9,3,6
7725834,8549393,1,1,0
7725834,8549393,2,6,-4
7725834,8549393,7,3,4
5572144,7755378,13,1,12
4204506,6314936,1,2,-1
4204506,6314936,4,3,1
6669606,7887468,5,3,2
6669606,7887468,13,1,12
5596704,6880127,4,2,2
5596704,6880127,13,1,12
6989124,7766644,1,2,-1
6964611,8272937,2,2,0
6964611,8272937,8,9,-1
6964611,8272937,9,1,8
6964611,8272937,10,11,-1
4640690,7758268,2,6,-4
6885309,7729852,1,5,-4
6885309,7729852,4,12,-8
6885309,7729852,8,3,5
4005353,4174535,1,6,-5
4005353,4174535,3,2,1
4005353,4174535,6,11,-5
4005353,4174535,8,1,7
4005353,4174535,11,12,-1
4005353,4174535,12,7,5
4096524,7752650,1,7,-6
7102405,7965138,2,1,1
7102405,7965138,5,8,-3
7102405,7965138,7,5,2
7102405,7965138,10,4,6
6580137,7781283,2,3,-1
4304256,8627844,1,2,-1
4304256,8627844,2,10,-8
4304256,8627844,5,6,-1
4489629,4709455,1,1,0
4489629,4709455,2,5,-3
4489629,4709455,7,7,0
4489629,4709455,11,3,8
5380299,7449210,2,3,-1
5380299,7449210,8,6,2
4570175,5350933,1,3,-2
4570175,5350933,11,1,10
4570175,5350933,12,5,7
6401208,7783040,7,12,-5
6847777,7099568,2,6,-4
6847777,7099568,9,3,6
5089888,6304606,2,10,-8
5089888,6304606,5,2,3
6255506,7951970,2,5,-3
6255506,7951970,11,10,1
7433315,7865612,9,2,7
5150517,6487773,2,1,1
5150517,6487773,3,10,-7
5150517,6487773,6,13,-7
6969123,8485256,2,4,-2
6969123,8485256,5,1,4
6969123,8485256,8,2,6
4990502,6491965,1,1,0
7269436,8509836,1,5,-4
5214358,8640809,2,13,-11
5214358,8640809,5,10,-5
6405049,8019382,4,6,-2
7304866,8339808,1,3,-2
7304866,8339808,3,6,-3
7347894,7655087,1,8,-7
7347894,7655087,2,2,0
7347894,7655087,12,11,1
5325138,6366337,5,3,2
5325138,6366337,11,7,4
5325138,6366337,12,9,3
5425597,6524027,8,9,-1
5425597,6524027,12,8,4
5076922,6602406,2,8,-6
5076922,6602406,3,4,-1
5076922,6602406,4,1,3
5076922,6602406,7,3,4
7037191,8118662,1,1,0
7037191,8118662,3,4,-1
7037191,8118662,5,2,3
7037191,8118662,12,9,3
6126530,7025663,3,1,2
5018859,5260768,1,6,-5
5018859,5260768,9,2,7
5018859,5260768,10,12,-2
6348086,6517612,2,1,1
7133541,7720265,1,1,0
5535934,8636766,1,1,0
5535934,8636766,2,7,-5
5535934,8636766,10,11,-1
4568817,4675695,1,1,0
4568817,4675695,4,6,-2
4568817,4675695,12,3,9
4568817,4675695,13,5,8
4451931,7549178,1,2,-1
4451931,7549178,2,6,-4
5186299,7461578,13,5,8
5241266,7581127,6,1,5
6411852,7004941,1,3,-2
5546946,6524254,4,4,0
5546946,6524254,10,8,2
5546946,6524254,11,2,9
5376125,6383227,1,2,-1
5376125,6383227,5,4,1
5376125,6383227,6,7,-1
5376125,6383227,9,6,3
5376125,6383227,12,9,3
5318564,6277112,13,7,6
4295658,7708296,7,6,1
4952897,6377144,1,3,-2
5270819,6169584,3,6,-3
5270819,6169584,9,7,2
4383546,5396919,2,3,-1
4383546,5396919,11,7,4
5459819,7287225,6,4,2
3984756,4763093,4,4,0
3984756,4763093,11,7,4
3984756,4763093,13,6,7
6071649,6531220,3,10,-7
6071649,6531220,5,2,3
5180986,7188426,2,5,-3
7594294,8495784,2,9,-7
7594294,8495784,3,8,-5
6970114,8189683,8,8,0
4991950,7599108,4,1,3
6194119,7014978,1,4,-3
6194119,7014978,2,2,0
6194119,7014978,3,1,2
6194119,7014978,4,12,-8
6194119,7014978,6,10,-4
6194119,7014978,11,9,2
6194119,7014978,13,6,7
4337956,7172201,2,1,1
5287040,6555972,1,3,-2
5287040,6555972,6,5,1
5287040,6555972,8,6,2
5287040,6555972,10,9,1
4551433,7141719,1,3,-2
4551433,7141719,9,2,7
8153650,8354425,4,5,-1
8153650,8354425,6,1,5
8153650,8354425,11,11,0
8153650,8354425,12,12,0
5138045,7884086,7,3,4
5138045,7884086,10,9,1
6284393,8034465,5,3,2
4945626,7117586,2,1,1
4945626,7117586,7,5,2
4945626,7117586,8,3,5
3948532,6464101,2,1,1
3948532,6464101,6,3,3
5264776,8174234,1,7,-6
5264776,8174234,5,8,-3
5264776,8174234,6,3,3
7097462,7818878,7,7,0
5222975,7819296,1,2,-1
5222975,7819296,3,4,-1
5222975,7819296,4,13,-9
6267997,6325503,2,5,-3
5628781,7759120,1,4,-3
4929144,6167620,2,1,1
4929144,6167620,4,5,-1
6202953,7704219,5,3,2
4167182,7419475,1,1,0
4167182,7419475,12,12,0
6092669,7582506,3,5,-2
6092669,7582506,6,2,4
6092669,7582506,12,4,8
5557504,7382046,2,6,-4
5208019,6171609,1,9,-8
5208019,6171609,4,1,3
4035622,5046505,1,3,-2
4035622,5046505,8,1,7
4035622,5046505,9,8,1
4035622,5046505,10,5,5
6260024,7076447,1,6,-5
6260024,7076447,2,1,1
6260024,7076447,3,2,1
6260024,7076447,10,8,2
4996238,5618529,1,1,0
4996238,5618529,2,2,0
5320114,6581604,1,4,-3
5320114,6581604,12,5,7
4536442,5335245,1,1,0
4536442,5335245,9,2,7
4943838,6507045,1,8,-7
6940422,7629898,1,3,-2
6940422,7629898,4,1,3
6940422,7629898,6,9,-3
6940422,7629898,7,7,0
6376512,7005440,1,1,0
6376512,7005440,3,2,1
6376512,7005440,6,13,-7
6376512,7005440,13,3,10
6075280,6482730,2,2,0
6075280,6482730,4,3,1
4615038,4868895,10,6,4
3960712,8608946,2,3,-1
6528959,7906919,2,11,-9
6528959,7906919,5,8,-3
6097345,7312762,2,7,-5
6097345,7312762,3,1,2
6980609,8098781,3,1,2
6980609,8098781,10,4,6
6623448,7220816,8,13,-5
6654624,8306596,9,4,5
6067141,7411645,7,4,3
6067141,7411645,9,6,3
6067141,7411645,11,8,3
5641876,6429357,1,2,-1
5641876,6429357,2,1,1
5641876,6429357,4,6,-2
5641876,6429357,5,3,2
5641876,6429357,10,8,2
6466131,7847697,5,3,2
7137454,7730965,1,5,-4
5212794,7765539,2,9,-7
5212794,7765539,3,8,-5
7327225,8676491,1,3,-2
7327225,8676491,2,1,1
7327225,8676491,5,2,3
7327225,8676491,10,5,5
7327225,8676491,11,11,0
6507974,7695537,1,1,0
6507974,7695537,4,5,-1
6507974,7695537,5,4,1
6507974,7695537,7,9,-2
7473513,8481161,1,1,0
7473513,8481161,3,2,1
7473513,8481161,4,5,-1
7473513,8481161,5,6,-1
7473513,8481161,6,4,2
7473513,8481161,9,8,1
7473513,8481161,10,10,0
7473513,8481161,11,11,0
7473513,8481161,12,13,-1
7473513,8481161,13,3,10
4409125,5521008,2,1,1
4409125,5521008,3,4,-1
4409125,5521008,7,3,4
5305406,7385772,5,9,-4
5305406,7385772,10,1,9
4747915,8535428,9,13,-4
4747915,8535428,11,12,-1
3974269,4115543,2,9,-7
6579319,8361152,1,12,-11
6289677,8348180,1,8,-7
6289677,8348180,2,5,-3
6289677,8348180,5,3,2
5325985,6341711,1,1,0
5325985,6341711,3,3,0
5325985,6341711,5,7,-2
5163910,7104981,2,9,-7
5163910,7104981,3,4,-1
4067404,5065826,2,8,-6
4067404,5065826,6,5,1
7438941,8003145,1,1,0
7438941,8003145,2,2,0
7438941,8003145,3,3,0
7438941,8003145,4,4,0
7438941,8003145,5,5,0
7438941,8003145,6,6,0
7438941,8003145,7,7,0
7438941,8003145,8,8,0
7438941,8003145,9,9,0
7438941,8003145,10,10,0
7438941,8003145,11,11,0
7438941,8003145,12,12,0
7438941,8003145,13,13,0
5168271,6907029,1,3,-2
5168271,6907029,11,12,-1
5168271,6907029,13,4,9
7255006,7607352,1,1,0
7255006,7607352,2,11,-9
4288131,6509532,3,3,0
4288131,6509532,4,2,2
4230597,4424148,1,7,-6
4230597,4424148,2,1,1
4230597,4424148,7,8,-1
4386432,6636624,1,3,-2
4386432,6636624,5,10,-5
6412947,8256895,1,5,-4
6412947,8256895,6,3,3
6412947,8256895,7,1,6
6412947,8256895,9,8,1
6501553,7751059,13,2,11
5504674,7398219,2,3,-1
5504674,7398219,6,8,-2
5504674,7398219,13,7,6
6073172,7934254,1,1,0
6073172,7934254,7,7,0
5177304,8361379,2,5,-3
5177304,8361379,4,9,-5
4296731,6606988,3,11,-8
4296731,6606988,10,8,2
5282845,6575967,6,2,4
4359096,7652115,13,4,9
6480710,7418427,5,2,3
6480710,7418427,7,6,1
5348270,6062534,1,1,0
4620876,5135570,1,4,-3
4620876,5135570,8,6,2
6078943,7389510,7,11,-4
6078943,7389510,8,1,7
6078943,7389510,10,4,6
6078943,7389510,13,5,8
7156858,8182413,1,5,-4
6564179,7143398,5,4,1
4307297,7956338,2,1,1
4307297,7956338,3,6,-3
4194143,4703194,11,7,4
4748419,7305037,3,4,-1
7712373,8733177,6,4,2
6929705,8067402,1,6,-5
6929705,8067402,4,3,1
6147986,8254896,1,1,0
6147986,8254896,4,2,2
6147986,8254896,8,5,3
7249225,8619453,8,2,6
7763160,8597496,2,12,-10
7763160,8597496,5,10,-5
4626624,8161182,9,10,-1
4422575,5211813,1,1,0
4422575,5211813,2,2,0
4422575,5211813,6,4,2
4422575,5211813,12,8,4
6085229,8275673,1,2,-1
7038709,8363951,1,2,-1
7038709,8363951,5,3,2
4805606,7621881,5,8,-3
4805606,7621881,11,11,0
6274121,6982501,2,3,-1
4535888,5259498,5,8,-3
7419080,8186560,9,2,7
6852915,7723587,3,3,0
6852915,7723587,5,2,3
6852915,7723587,7,12,-5
6852915,7723587,8,8,0
6852915,7723587,9,5,4
6852915,7723587,10,6,4
6852915,7723587,11,13,-2
4626178,6921995,5,1,4
4626178,6921995,8,3,5
4626178,6921995,9,6,3
5140674,6975423,4,3,1
6340010,6481398,1,5,-4
6340010,6481398,2,8,-6
6340010,6481398,3,4,-1
6340010,6481398,4,3,1
6340010,6481398,6,2,4
6340010,6481398,10,6,4
7067831,8439530,3,4,-1
7067831,8439530,6,1,5
7067831,8439530,7,3,4
4816987,5321601,12,3,9
6449586,7280627,1,2,-1
4614850,4746777,1,5,-4
4614850,4746777,2,8,-6
4614850,4746777,11,4,7
6147458,8278845,2,1,1
6147458,8278845,13,13,0
6870316,7265492,2,4,-2
6870316,7265492,3,3,0
6325543,7144159,1,3,-2
6325543,7144159,3,2,1
6325543,7144159,4,1,3
6325543,7144159,6,12,-6
5274497,5574601,9,8,1
5274497,5574601,13,11,2
4351538,5486011,2,1,1
4606912,6485708,3,3,0
4748011,8507413,5,5,0
5413446,7478988,1,3,-2
5413446,7478988,6,1,5
5413446,7478988,10,4,6
6097203,6262580,2,3,-1
6097203,6262580,3,2,1
6097203,6262580,10,1,9
5136305,6158849,1,10,-9
5136305,6158849,9,1,8
4372301,8273040,1,1,0
4372301,8273040,3,13,-10
4372301,8273040,9,2,7
4372301,8273040,10,3,7
5095404,6883594,2,1,1
5095404,6883594,6,2,4
5095404,6883594,7,10,-3
5629623,6844728,5,1,4
5629623,6844728,12,7,5
4961239,7174667,3,3,0
4961239,7174667,12,10,2
6925595,8260849,2,7,-5
6925595,8260849,13,1,12
7031893,8428768,12,1,11
6148629,8376030,4,9,-5
4241870,7044546,2,8,-6
4244897,4744930,4,6,-2
4244897,4744930,12,10,2
8037380,8482978,6,11,-5
8037380,8482978,8,2,6
5617243,6412972,4,11,-7
5617243,6412972,8,12,-4
5042929,5557473,2,1,1
5042929,5557473,11,10,1
4303831,4853563,5,3,2
4303831,4853563,11,8,3
5020037,7673778,3,1,2
7088495,8339599,1,6,-5
4401848,7499778,10,3,7
6294982,8754779,3,10,-7
6294982,8754779,8,5,3
6294982,8754779,10,4,6
6294982,8754779,13,3,10
6853781,6968106,1,1,0
6853781,6968106,2,2,0
6853781,6968106,3,3,0
6853781,6968106,4,4,0
6853781,6968106,5,5,0
6853781,6968106,6,6,0
6853781,6968106,7,7,0
6853781,6968106,8,8,0
6853781,6968106,9,9,0
6853781,6968106,10,10,0
6853781,6968106,11,11,0
6853781,6968106,12,12,0
6853781,6968106,13,13,0
4986822,8016816,4,11,-7
6397329,7840813,1,5,-4
6397329,7840813,5,11,-6
6397329,7840813,6,12,-6
4357482,4426545,1,1,0
4357482,4426545,3,5,-2
4357482,4426545,5,10,-5
4357482,4426545,7,8,-1
4357482,4426545,8,9,-1
4357482,4426545,10,11,-1
4357482,4426545,11,3,8
4357482,4426545,12,13,-1
5346493,8142480,5,2,3
5346493,8142480,7,1,6
5280252,8264173,3,1,2
5280252,8264173,12,2,10
5244135,7404534,2,3,-1
4977753,7181918,3,3,0
4977753,7181918,8,7,1
4977753,7181918,13,5,8
5312055,6450428,2,3,-1
4718694,6499761,5,3,2
5129129,7137178,2,1,1
5129129,7137178,5,6,-1
5129129,7137178,7,7,0
4148915,4234742,2,12,-10
4892554,7226485,1,1,0
4892554,7226485,5,4,1
4861828,6204342,3,1,2
4321845,4522091,1,2,-1
4321845,4522091,2,5,-3
4321845,4522091,4,3,1
4321845,4522091,5,4,1
4321845,4522091,7,1,6
4321845,4522091,8,11,-3
4321845,4522091,13,7,6
6770905,7306988,9,1,8
6879680,7397793,1,1,0
5108431,6302886,7,2,5
7667675,8717274,1,1,0
7667675,8717274,5,3,2
7667675,8717274,11,7,4
5123289,6439064,2,5,-3
5123289,6439064,5,2,3
5123289,6439064,9,3,6
5418499,7190755,5,4,1
5418499,7190755,10,10,0
6406174,7128464,1,6,-5
6406174,7128464,2,12,-10
5040738,7008364,12,3,9
4449707,8038544,4,3,1
4312322,6976486,2,2,0
4312322,6976486,3,13,-10
4135513,7789264,2,5,-3
4162952,4402799,8,3,5
4697081,5126718,1,11,-10
4697081,5126718,3,8,-5
4697081,5126718,4,2,2
4697081,5126718,5,10,-5
4697081,5126718,7,9,-2
4791826,8424409,7,4,3
4791826,8424409,13,1,12
7141989,7876182,4,6,-2
6991170,7837092,8,3,5
4193519,6484909,2,10,-8
4193519,6484909,6,9,-3
4835834,6546700,5,1,4
4835834,6546700,6,12,-6
4846036,7444913,2,3,-1
4846036,7444913,13,1,12
7392661,8532835,1,1,0
7392661,8532835,10,9,1
5599309,8708968,5,1,4
5599309,8708968,8,5,3
3949787,5324001,1,3,-2
4752204,7713052,2,8,-6
4752204,7713052,3,4,-1
4486135,5000638,1,10,-9
4486135,5000638,2,11,-9
4486135,5000638,3,1,2
4486135,5000638,10,9,1
5482446,8137083,4,2,2
5482446,8137083,13,5,8
6336242,7798156,3,2,1
6336242,7798156,4,10,-6
6336242,7798156,8,12,-4
6336242,7798156,11,9,2
5080655,5479936,5,5,0
5080655,5479936,10,1,9
4273405,8287310,5,11,-6
4273405,8287310,7,4,3
4273405,8287310,12,1,11
5619729,6216187,4,2,2
5619729,6216187,7,13,-6
5619729,6216187,8,7,1
4612411,8673675,9,11,-2
4612411,8673675,11,8,3
4612411,8673675,12,9,3
5215795,6074701,6,6,0
5215795,6074701,12,1,11
4917971,7150927,1,4,-3
4917971,7150927,3,1,2
7399604,7592152,3,12,-9
4670916,6375097,2,6,-4
5365389,6549372,1,1,0
5365389,6549372,5,8,-3
6370717,7325267,1,1,0
6370717,7325267,11,3,8
4847768,5261295,5,2,3
4847768,5261295,6,1,5
5232882,8511064,3,3,0
4183856,7582769,3,3,0
6447695,7300601,1,3,-2
6447695,7300601,5,2,3
6425068,7620678,13,5,8
7614068,8276175,1,1,0
6074795,7179577,3,12,-9
6074795,7179577,7,4,3
6074795,7179577,8,5,3
6182245,6934934,1,1,0
5352307,6520989,2,4,-2
6618221,8059364,2,11,-9
6618221,8059364,4,6,-2
7315968,7730374,1,1,0
7315968,7730374,13,4,9
6926636,8267924,6,6,0
4927806,6406839,6,2,4
5556426,8652284,13,2,11
5630539,7735703,1,9,-8
5630539,7735703,3,4,-1
5636077,7474757,12,7,5
6246461,8272154,11,2,9
5271548,5586715,1,1,0
5271548,5586715,13,7,6
6629894,8387983,1,2,-1
6629894,8387983,9,3,6
4011238,4528297,3,2,1
4011238,4528297,9,6,3
6850742,8160196,6,3,3
6850742,8160196,10,7,3
6850742,8160196,13,10,3
4827337,8259801,3,7,-4
4827337,8259801,5,1,4
6142443,6994273,1,1,0
6142443,6994273,5,2,3
5498265,8308783,3,2,1
5498265,8308783,8,1,7
5498265,8308783,10,9,1
5040878,5303322,1,6,-5
5040878,5303322,3,1,2
4213212,6308346,1,2,-1
4213212,6308346,2,4,-2
4213212,6308346,3,1,2
4213212,6308346,4,3,1
4213212,6308346,5,8,-3
4213212,6308346,9,13,-4
5264284,5422092,1,5,-4
5264284,5422092,4,12,-8
5264284,5422092,5,8,-3
5264284,5422092,13,6,7
6925250,8059939,3,9,-6
6925250,8059939,13,12,1
6943512,8091679,3,9,-6
6943512,8091679,9,1,8
5522460,7264052,2,4,-2
5522460,7264052,3,6,-3
5384842,5627890,1,2,-1
5384842,5627890,12,7,5
4453455,5628238,7,6,1
4453455,5628238,8,13,-5
4279142,5207087,2,2,0
4279142,5207087,8,9,-1
4347625,5125102,1,3,-2
4347625,5125102,4,1,3
4347625,5125102,5,8,-3
6978310,7934235,3,8,-5
6978310,7934235,4,3,1
6978310,7934235,11,2,9
6978310,7934235,13,9,4
4105253,4391782,1,8,-7
4105253,4391782,2,2,0
4105253,4391782,4,1,3
4105253,4391782,8,12,-4
5577085,6885720,1,3,-2
5577085,6885720,3,5,-2
5577085,6885720,4,12,-8
5577085,6885720,6,7,-1
6963802,8234862,2,1,1
4214909,6209472,3,9,-6
7081857,7903035,1,1,0
6249613,7292633,11,1,10
6963175,7812551,10,1,9
6963175,7812551,11,2,9
6076077,7647278,3,1,2
5058416,7172570,7,9,-2
5388917,6464435,1,1,0
5388917,6464435,2,12,-10
5388917,6464435,12,13,-1
5282529,6997304,1,2,-1
5282529,6997304,3,3,0
5282529,6997304,4,5,-1
4433747,7730988,1,13,-12
4433747,7730988,3,3,0
4433747,7730988,6,4,2
4433747,7730988,11,2,9
5027406,7729913,4,7,-3
5027406,7729913,6,5,1
7238165,8657875,3,2,1
4306911,7857906,1,1,0
4306911,7857906,3,4,-1
4310652,4386196,2,6,-4
4310652,4386196,3,2,1
4310652,4386196,5,7,-2
4310652,4386196,6,4,2
4310652,4386196,7,1,6
4310652,4386196,13,9,4
4459006,4557577,1,2,-1
4459006,4557577,8,13,-5
4393891,4919163,9,12,-3
6608125,7718819,4,10,-6
6264711,8430940,7,10,-3
3976982,4493420,2,8,-6
3976982,4493420,6,10,-4
3976982,4493420,11,13,-2
4820077,6405467,1,2,-1
7774380,8326839,2,8,-6
7774380,8326839,9,2,7
6181961,8255044,12,12,0
5351192,6663113,1,2,-1
5351192,6663113,6,1,5
5423831,6163940,4,7,-3
5435386,7730965,1,13,-12
5435386,7730965,7,7,0
5435386,7730965,11,2,9
4957637,5125892,2,4,-2
4957637,5125892,3,13,-10
7167370,7729122,5,7,-2
7167370,7729122,8,3,5
6280697,7082182,1,10,-9
6280697,7082182,3,11,-8
4595882,6657490,1,4,-3
4595882,6657490,5,1,4
4595882,6657490,6,7,-1
4595882,6657490,7,12,-5
6169329,6608387,3,2,1
7564613,8164815,3,4,-1
7564613,8164815,9,9,0
7564613,8164815,10,2,8
7564613,8164815,12,1,11
5374356,5637231,4,2,2
5374356,5637231,13,7,6
6537294,8715169,13,7,6
5297133,6122142,1,2,-1
5297133,6122142,6,10,-4
6292927,7103863,2,9,-7
6292927,7103863,10,1,9
6424726,8290202,1,12,-11
6424726,8290202,2,6,-4
6424726,8290202,10,9,1
6172712,7340760,12,10,2
6201642,7339149,5,6,-1
4272793,5018039,2,2,0
4986084,7143594,2,1,1
4986084,7143594,5,3,2
4986084,7143594,6,9,-3
4986084,7143594,7,2,5
4926327,5033744,1,2,-1
4926327,5033744,3,6,-3
4926327,5033744,4,5,-1
5630003,7257298,1,3,-2
5630003,7257298,3,4,-1
5630003,7257298,4,5,-1
5630003,7257298,6,1,5
5630003,7257298,7,2,5
5630003,7257298,10,7,3
7294956,8217406,1,6,-5
7294956,8217406,3,5,-2
7294956,8217406,10,3,7
5579031,7443544,1,1,0
7418694,8219964,5,4,1
5358462,8235876,7,3,4
5110666,6473948,1,1,0
5110666,6473948,4,5,-1
5110666,6473948,9,6,3
5110666,6473948,13,13,0
4280487,8038632,2,4,-2
4280487,8038632,3,3,0
4113449,4345922,2,8,-6
4113449,4345922,5,9,-4
4113449,4345922,13,2,11
5593409,8202299,1,7,-6
5424573,7696588,5,7,-2
5637053,6086513,4,4,0
5637053,6086513,5,2,3
5637053,6086513,7,3,4
6335688,7602948,1,1,0
6339825,7783765,6,2,4
6581004,8754781,3,6,-3
6581004,8754781,13,11,2
4921363,7417658,2,8,-6
4921363,7417658,7,4,3
4921363,7417658,9,3,6
5021950,6978390,3,5,-2
5021950,6978390,10,11,-1
5021950,6978390,12,6,6
4183015,8397324,1,5,-4
4183015,8397324,13,6,7
7667575,8027266,7,1,6
7667575,8027266,11,6,5
4982430,8515075,6,7,-1
4322875,8641278,7,2,5
4322875,8641278,12,12,0
7196261,8263850,6,3,3
7196261,8263850,9,5,4
4613230,4702592,1,4,-3
4613230,4702592,3,2,1
4613230,4702592,7,6,1
6957767,8198982,1,4,-3
6957767,8198982,6,10,-4
6957767,8198982,9,12,-3
4157534,6615625,1,3,-2
4157534,6615625,6,1,5
5275683,7651571,3,2,1
4220223,8151433,1,1,0
4220223,8151433,2,2,0
4220223,8151433,3,3,0
4220223,8151433,6,7,-1
5146318,7710502,1,11,-10
5146318,7710502,4,4,0
8248812,8409738,1,1,0
8248812,8409738,3,4,-1
8248812,8409738,5,6,-1
6999802,7565182,2,4,-2
6999802,7565182,7,2,5
5235595,5617423,1,8,-7
5235595,5617423,3,7,-4
7570261,8517256,4,4,0
4953987,5340218,1,1,0
4953987,5340218,2,2,0
4953987,5340218,13,3,10
5655945,6516236,3,9,-6
4677686,7535822,2,6,-4
4677686,7535822,13,9,4
7001519,7631615,7,4,3
4866606,7729254,1,11,-10
4866606,7729254,5,2,3
6609371,7588001,1,1,0
6609371,7588001,2,2,0
6609371,7588001,3,6,-3
6609371,7588001,4,7,-3
6609371,7588001,6,11,-5
6609371,7588001,7,8,-1
6609371,7588001,8,4,4
6609371,7588001,9,5,4
6609371,7588001,10,10,0
6609371,7588001,13,13,0
6418549,8611320,11,7,4
5324906,7541749,7,11,-4
5324906,7541749,8,9,-1
6473859,7523313,3,3,0
6473859,7523313,5,1,4
5230016,8457620,4,4,0
6569146,7515957,3,3,0
6569146,7515957,4,10,-6
6598009,8532492,13,5,8
7333835,8331474,4,4,0
7333835,8331474,8,2,6
7333835,8331474,11,11,0
6605047,7761137,1,2,-1
6605047,7761137,2,3,-1
6605047,7761137,3,1,2
6605047,7761137,10,10,0
5401255,8328768,1,12,-11
5401255,8328768,4,4,0
4313124,6092939,6,8,-2
4865206,5205434,2,2,0
4865206,5205434,4,9,-5
4865206,5205434,8,1,7
4865206,5205434,11,12,-1
7167755,8706211,5,6,-1
5550577,7356831,2,3,-1
5550577,7356831,13,11,2
5316659,8268165,3,1,2
5316659,8268165,8,4,4
5316659,8268165,13,2,11
4251612,4544618,5,8,-3
4251612,4544618,8,4,4
4251612,4544618,10,3,7
4534921,7005634,2,13,-11
4534921,7005634,11,2,9
4394862,8672875,5,4,1
4932689,5156423,3,10,-7
4552748,7001584,1,6,-5
4552748,7001584,3,2,1
4552748,7001584,4,8,-4
4552748,7001584,5,10,-5
4552748,7001584,6,5,1
6947959,8024335,7,1,6
6947959,8024335,10,4,6
5253248,7233574,1,10,-9
5253248,7233574,3,6,-3
5253248,7233574,4,3,1
5253248,7233574,10,8,2
4457058,4844353,13,13,0
6914150,7807601,2,4,-2
6914150,7807601,3,2,1
6914150,7807601,6,12,-6
6914150,7807601,7,13,-6
6914150,7807601,10,1,9
6914150,7807601,13,11,2
4179696,4320287,1,13,-12
4179696,4320287,4,6,-2
4179696,4320287,5,7,-2
7101371,7270660,3,4,-1
7101371,7270660,13,3,10
7907931,8447265,2,7,-5
7907931,8447265,3,4,-1
7907931,8447265,7,12,-5
7907931,8447265,11,8,3
7369825,8260232,5,5,0
5342924,8632775,1,1,0
6042875,7709049,3,2,1
6042875,7709049,4,1,3
6042875,7709049,8,7,1
6042875,7709049,13,8,5
4699347,6094859,1,1,0
4699347,6094859,5,7,-2
4699347,6094859,7,6,1
4699347,6094859,8,3,5
6125349,7103572,1,4,-3
6125349,7103572,9,2,7
4237647,4820236,8,5,3
6669994,8202833,3,13,-10
6669994,8202833,4,6,-2
6669994,8202833,5,7,-2
5276912,7151408,1,8,-7
5276912,7151408,2,7,-5
5276912,7151408,4,1,3
5276912,7151408,7,6,1
6171294,8470853,4,6,-2
6171294,8470853,7,5,2
7274973,8560124,1,2,-1
7274973,8560124,2,7,-5
7274973,8560124,6,5,1
6082358,6336453,1,2,-1
6082358,6336453,2,1,1
6082358,6336453,3,3,0
6082358,6336453,4,4,0
6082358,6336453,5,5,0
6082358,6336453,6,7,-1
6082358,6336453,7,8,-1
6082358,6336453,8,12,-4
6082358,6336453,9,13,-4
6082358,6336453,11,9,2
6082358,6336453,12,11,1
5375206,7249376,8,9,-1
5375206,7249376,10,13,-3
5240833,6309639,2,5,-3
5240833,6309639,5,6,-1
5240833,6309639,10,7,3
4421340,4568099,2,1,1
6232242,8030655,3,9,-6
6232242,8030655,6,11,-5
4777823,8083068,3,1,2
7074307,7747302,1,2,-1
5054552,8354360,1,2,-1
6510536,7962830,3,5,-2
4711659,7682656,2,1,1
5401820,6524987,2,3,-1
5401820,6524987,9,10,-1
5401820,6524987,13,7,6
5157888,7131237,2,7,-5
5157888,7131237,3,1,2
4605010,5048536,3,1,2
7055683,7909165,2,2,0
7055683,7909165,5,3,2
4009962,4716293,9,11,-2
4009962,4716293,11,2,9
6392254,8570449,8,13,-5
6392254,8570449,11,11,0
5040715,8016178,1,2,-1
5040715,8016178,2,7,-5
5040715,8016178,4,5,-1
5040715,8016178,12,3,9
5040715,8016178,13,1,12
4817819,7093736,1,2,-1
4817819,7093736,3,1,2
4817819,7093736,6,3,3
6363576,7619789,3,3,0
6321275,7779429,11,11,0
6119277,6546565,1,1,0
6119277,6546565,3,3,0
6119277,6546565,4,7,-3
6119277,6546565,6,11,-5
6119277,6546565,8,10,-2
6119277,6546565,9,8,1
6125826,8337632,1,5,-4
5229976,6191787,6,13,-7
5067166,8583263,12,12,0
6923988,8207149,2,7,-5
5604001,7451577,8,10,-2
4788245,6329468,6,12,-6
4788245,6329468,9,1,8
6611293,7991495,1,1,0
4844032,8495993,3,2,1
7311598,8360850,1,2,-1
7311598,8360850,2,12,-10
7311598,8360850,3,1,2
7311598,8360850,8,13,-5
5188236,6182420,7,2,5
5519198,6507663,1,3,-2
4169403,7481146,2,6,-4
7263393,7822453,6,6,0
5520313,6854778,1,11,-10
6261693,8524051,7,1,6
6261693,8524051,9,5,4
4523642,5381863,2,2,0
4523642,5381863,6,1,5
4523642,5381863,7,10,-3
4523642,5381863,13,11,2
4765701,7057354,1,9,-8
4216046,8696856,1,2,-1
4216046,8696856,6,4,2
4357112,4793151,3,7,-4
6099530,8298285,1,5,-4
4703472,6434299,2,7,-5
4703472,6434299,10,8,2
6553326,8326402,3,1,2
6553326,8326402,6,3,3
4996706,7533283,2,13,-11
4996706,7533283,3,5,-2
4983176,7914544,2,1,1
6503257,8257391,2,1,1
5552192,6364450,2,2,0
5552192,6364450,6,4,2
5552192,6364450,11,5,6
5552192,6364450,12,6,6
4294581,5298032,3,3,0
4294581,5298032,4,1,3
4294581,5298032,6,6,0
4294581,5298032,8,9,-1
6567504,8718262,3,10,-7
5594777,8666364,2,11,-9
5594777,8666364,10,1,9
4987357,8095260,1,2,-1
6174545,8017146,2,5,-3
6174545,8017146,3,3,0
4383456,5046177,1,2,-1
4383456,5046177,2,8,-6
4383456,5046177,3,12,-9
4054238,8432023,1,3,-2
5161227,6668295,1,1,0
5161227,6668295,4,9,-5
5161227,6668295,10,4,6
5161227,6668295,12,3,9
6207513,8105893,2,2,0
6207513,8105893,4,5,-1
6207513,8105893,6,3,3
4847964,6494170,1,8,-7
4847964,6494170,5,4,1
4961181,8441892,8,5,3
6415280,8301748,6,12,-6
6415280,8301748,9,8,1
5026356,8663129,3,1,2
5026356,8663129,4,6,-2
5026356,8663129,8,10,-2
5019986,6920387,5,1,4
5019986,6920387,10,5,5
5557057,8330033,6,6,0
6311182,6973429,2,5,-3
6311182,6973429,6,4,2
6311182,6973429,7,10,-3
6311182,6973429,12,6,6
6311182,6973429,13,9,4
6901440,7729286,5,1,4
4373940,6463901,2,1,1
4373940,6463901,10,5,5
5157284,6411140,3,6,-3
5157284,6411140,5,4,1
5157284,6411140,10,2,8
5313152,7777612,6,5,1
5167313,8417017,6,4,2
5167313,8417017,10,5,5
4557349,8123498,12,3,9
4890913,7713299,9,9,0
6128207,8462532,5,12,-7
6128207,8462532,7,5,2
6128207,8462532,8,13,-5
4007427,5572165,3,1,2
4007427,5572165,4,2,2
4007427,5572165,9,6,3
4223538,7762098,1,1,0
4223538,7762098,13,11,2
5068521,6119255,3,6,-3
4960682,5266449,1,1,0
4960682,5266449,2,12,-10
4960682,5266449,5,11,-6
4960682,5266449,7,4,3
4960682,5266449,9,6,3
5488142,8476385,1,13,-12
5628183,8166766,2,7,-5
5628183,8166766,3,13,-10
5594737,6535731,4,10,-6
5594737,6535731,5,4,1
5594737,6535731,6,1,5
7211390,8592153,1,3,-2
7211390,8592153,2,6,-4
7211390,8592153,3,5,-2
6638654,7655337,1,2,-1
6638654,7655337,2,7,-5
7038430,7327203,4,9,-5
7038430,7327203,5,10,-5
5168214,5220683,8,7,1
5218603,6539546,2,1,1
6447681,7082893,6,1,5
4186307,7279685,6,2,4
5231828,6446548,1,1,0
5231828,6446548,2,8,-6
5231828,6446548,4,2,2
5231828,6446548,6,9,-3
4932565,5242712,1,12,-11
4932565,5242712,2,7,-5
3988925,6205850,2,3,-1
3988925,6205850,8,8,0
3988925,6205850,13,11,2
5543737,7277313,3,9,-6
5543737,7277313,11,2,9
6120600,8008676,3,11,-8
6120600,8008676,9,8,1
6120600,8008676,11,4,7
7405988,8456904,2,1,1
7405988,8456904,6,2,4
7405988,8456904,7,4,3
5638538,8161197,3,10,-7
6233099,7471459,1,1,0
6233099,7471459,2,2,0
6233099,7471459,3,3,0
6233099,7471459,4,4,0
6233099,7471459,5,6,-1
6233099,7471459,6,5,1
6233099,7471459,7,7,0
6233099,7471459,11,8,3
6216004,6498785,5,2,3
6261263,7615033,1,5,-4
6261263,7615033,6,4,2
6261263,7615033,7,7,0
7900937,8328205,1,1,0
7900937,8328205,2,3,-1
7900937,8328205,3,2,1
7900937,8328205,4,7,-3
7900937,8328205,5,5,0
7900937,8328205,6,9,-3
7900937,8328205,7,6,1
7900937,8328205,8,12,-4
7900937,8328205,9,8,1
7900937,8328205,13,13,0
6356931,7987472,4,1,3
6356931,7987472,8,2,6
4383322,7990918,8,7,1
5395110,7125334,3,9,-6
5395110,7125334,5,1,4
5395110,7125334,10,4,6
5395110,7125334,12,11,1
6344848,8515501,1,10,-9
4624633,5302114,1,2,-1
4624633,5302114,5,1,4
4624633,5302114,7,13,-6
5425301,6519554,5,8,-3
6484132,8615282,9,5,4
5478369,8648228,1,5,-4
5478369,8648228,2,2,0
5478369,8648228,3,6,-3
5478369,8648228,4,3,1
5478369,8648228,5,4,1
5478369,8648228,8,10,-2
5478369,8648228,9,13,-4
6442151,7711030,2,10,-8
6173490,8716830,1,4,-3
6173490,8716830,3,3,0
6173490,8716830,7,1,6
6173490,8716830,12,2,10
3947829,4678941,7,4,3
3947829,4678941,8,7,1
4835766,6522631,12,3,9
5525942,7071776,11,7,4
5096327,7478970,4,2,2
5096327,7478970,6,3,3
6505059,8650937,12,5,7
5429431,6082840,11,13,-2
6893081,7850226,1,7,-6
6893081,7850226,3,3,0
6893081,7850226,7,4,3
5584306,8627828,1,1,0
5066678,7442837,6,8,-2
5066678,7442837,9,11,-2
5066678,7442837,10,12,-2
5332871,6082485,1,1,0
5332871,6082485,2,3,-1
5332871,6082485,7,6,1
6636856,8255824,3,2,1
6051877,7488994,5,7,-2
6051877,7488994,6,13,-7
5178675,8349911,1,1,0
7170244,7977902,1,1,0
7170244,7977902,3,10,-7
7170244,7977902,5,2,3
7170244,7977902,12,7,5
4608140,8562803,6,13,-7
4608140,8562803,7,1,6
6573210,8105967,6,2,4
6573210,8105967,12,9,3
6063711,7253095,3,10,-7
6656870,7727927,1,1,0
6656870,7727927,2,2,0
6656870,7727927,3,4,-1
6656870,7727927,4,5,-1
6656870,7727927,6,6,0
6656870,7727927,7,11,-4
6656870,7727927,9,12,-3
5379976,8746472,1,12,-11
5379976,8746472,2,2,0
6124587,7034278,8,3,5
5401340,6136114,1,4,-3
5401340,6136114,2,3,-1
5401340,6136114,4,1,3
5401340,6136114,7,6,1
7617279,8355161,7,1,6
7617279,8355161,11,10,1
6223100,8211105,8,2,6
4327849,4771926,3,13,-10
4327849,4771926,9,3,6
4027365,5539979,3,13,-10
4027365,5539979,9,11,-2
4219394,4417970,3,13,-10
4219394,4417970,9,6,3
4219394,4417970,10,4,6
6430184,8204945,1,2,-1
4331638,4940010,8,11,-3
4331638,4940010,9,4,5
5299376,8490889,1,1,0
5299376,8490889,4,3,1
4147528,5104878,6,1,5
4147528,5104878,8,8,0
4147528,5104878,10,6,4
5370880,8088414,10,2,8
6200322,8685061,3,7,-4
4257039,6362743,1,3,-2
4257039,6362743,2,1,1
4257039,6362743,4,2,2
4257039,6362743,10,4,6
5588822,6295951,4,2,2
5588822,6295951,5,6,-1
5588822,6295951,7,1,6
5588822,6295951,11,3,8
4060340,4993922,1,3,-2
4060340,4993922,2,1,1
4060340,4993922,5,2,3
4060340,4993922,8,8,0
4060340,4993922,10,9,1
6348558,8273339,3,3,0
6348558,8273339,9,8,1
4204954,6620330,1,7,-6
4204954,6620330,2,13,-11
4204954,6620330,6,4,2
5337135,7088947,2,3,-1
5337135,7088947,4,12,-8
6078924,7475055,1,11,-10
6078924,7475055,13,6,7
6194119,7425467,6,3,3
6194119,7425467,7,8,-1
6157944,8266304,3,3,0
6961555,8195227,2,2,0
6961555,8195227,5,10,-5
6961555,8195227,9,11,-2
6168523,7559837,1,4,-3
6168523,7559837,2,3,-1
6168523,7559837,6,2,4
6906588,8130035,3,4,-1
6906588,8130035,5,7,-2
6906588,8130035,9,1,8
6906588,8130035,10,2,8
6541294,7501671,2,1,1
6541294,7501671,3,3,0
6541294,7501671,4,2,2
6541294,7501671,5,4,1
6541294,7501671,7,5,2
6541294,7501671,10,13,-3
6541294,7501671,11,6,5
7262495,7795134,2,8,-6
5418713,7076467,2,13,-11
5418713,7076467,4,2,2
5618823,7105575,4,5,-1
5618823,7105575,7,12,-5
6571047,7142764,1,2,-1
7013918,8033300,2,4,-2
7013918,8033300,3,12,-9
7013918,8033300,6,6,0
7013918,8033300,13,9,4
7617555,8196240,1,5,-4
7617555,8196240,2,10,-8
7617555,8196240,6,6,0
7617555,8196240,7,4,3
7617555,8196240,9,9,0
3961933,5458906,6,3,3
5299811,7159871,6,7,-1
5299811,7159871,7,1,6
6045509,8652060,7,12,-5
4229790,7284016,5,2,3
7226907,8476405,1,3,-2
7226907,8476405,3,1,2
8515758,8744849,1,1,0
8515758,8744849,3,8,-5
6442413,8467972,1,1,0
6442413,8467972,3,5,-2
6040082,8644935,4,10,-6
4883707,5397632,3,2,1
7064170,7671112,2,3,-1
7064170,7671112,9,1,8
4535472,5301205,1,3,-2
4535472,5301205,2,4,-2
4535472,5301205,4,1,3
4535472,5301205,12,13,-1
4107555,4409471,6,6,0
6237656,8656600,1,2,-1
6237656,8656600,2,1,1
6029141,7577592,1,2,-1
6029141,7577592,2,4,-2
6029141,7577592,6,9,-3
5417981,8069814,10,6,4
7502842,8396929,4,8,-4
7502842,8396929,9,1,8
6159871,7573061,2,4,-2
6159871,7573061,4,7,-3
6159871,7573061,5,8,-3
6159871,7573061,11,12,-1
5331329,6600444,1,1,0
5331329,6600444,2,2,0
5331329,6600444,9,4,5
7016976,7861251,13,8,5
4052748,5483735,1,1,0
4052748,5483735,6,6,0
3960407,5251817,1,5,-4
4132357,4396651,1,2,-1
4132357,4396651,6,5,1
4045663,6536917,1,1,0
4045663,6536917,2,4,-2
4045663,6536917,3,3,0
6598825,7754038,1,3,-2
6598825,7754038,8,9,-1
4538214,7287738,8,2,6
6403730,7157531,6,8,-2
5155924,5419059,1,11,-10
5155924,5419059,3,2,1
5155924,5419059,9,1,8
5155924,5419059,12,3,9
6394956,8221343,4,2,2
6394956,8221343,10,11,-1
4745429,5247333,1,1,0
6852030,8348753,1,1,0
6852030,8348753,2,3,-1
5494186,7123150,2,2,0
5494186,7123150,7,1,6
5494186,7123150,12,5,7
4848770,7674191,1,2,-1
4848770,7674191,4,1,3
5564841,7032816,6,5,1
4686085,7494504,4,10,-6
4944742,8048158,1,5,-4
4120193,4332536,2,1,1
6856962,7849191,12,1,11
7416101,8752699,13,1,12
8238134,8705262,3,10,-7
8238134,8705262,4,1,3
8238134,8705262,5,12,-7
7230745,7659985,1,1,0
7230745,7659985,2,2,0
7230745,7659985,3,3,0
7230745,7659985,4,4,0
7230745,7659985,5,5,0
7230745,7659985,6,6,0
7230745,7659985,7,7,0
7230745,7659985,8,8,0
7230745,7659985,9,9,0
7230745,7659985,10,10,0
7230745,7659985,11,11,0
7230745,7659985,12,12,0
7230745,7659985,13,13,0
5291870,7478628,1,2,-1
5291870,7478628,2,1,1
5291870,7478628,7,4,3
4351562,7125080,1,7,-6
4351562,7125080,4,1,3
4351562,7125080,5,8,-3
4351562,7125080,8,9,-1
7232449,8349019,4,2,2
7232449,8349019,6,1,5
7232449,8349019,9,9,0
4393543,6273807,1,1,0
4393543,6273807,11,8,3
7137375,7328678,2,13,-11
7137375,7328678,10,6,4
7137375,7328678,13,2,11
6460135,7395527,3,3,0
6460135,7395527,5,1,4
6460135,7395527,6,4,2
4899686,8066466,8,12,-4
3978529,7350246,2,12,-10
6529093,7071793,4,11,-7
7297571,8497751,1,5,-4
7383328,8302101,4,7,-3
7383328,8302101,5,4,1
7383328,8302101,10,11,-1
7383328,8302101,12,6,6
6285995,7486827,11,13,-2
5584343,7100713,2,6,-4
5131472,5609207,4,11,-7
5131472,5609207,6,7,-1
5131472,5609207,7,13,-6
4084400,5107671,2,3,-1
6253737,6640787,1,1,0
5331472,6510239,2,12,-10
5331472,6510239,5,3,2
4824776,7060224,9,13,-4
6626902,8604446,5,1,4
4556308,6084622,10,7,3
6149054,6435372,1,9,-8
7070095,7721956,1,2,-1
7070095,7721956,2,3,-1
7070095,7721956,3,1,2
7070095,7721956,4,9,-5
7070095,7721956,5,6,-1
7371163,8059118,9,4,5
5019549,7316874,3,2,1
5019549,7316874,7,5,2
5019549,7316874,11,9,2
6416647,7341633,1,6,-5
4429047,8571812,1,4,-3
4429047,8571812,10,8,2
6583164,7635493,9,7,2
6243572,8630616,4,6,-2
3962503,5546699,1,4,-3
3962503,5546699,5,3,2
3962503,5546699,7,5,2
5504315,6119071,1,5,-4
5504315,6119071,2,2,0
4408608,8249713,1,1,0
7550021,8097053,1,1,0
7550021,8097053,2,2,0
7550021,8097053,12,13,-1
5204150,5549967,2,8,-6
5204150,5549967,3,4,-1
5204150,5549967,12,6,6
5204150,5549967,13,11,2
6185604,7746989,11,11,0
6171149,7226296,1,4,-3
6171149,7226296,5,7,-2
6176992,7527722,1,5,-4
6176992,7527722,9,1,8
6176992,7527722,13,7,6
6042652,7771537,1,2,-1
4408660,6220042,2,7,-5
4027557,4345362,3,2,1
4027557,4345362,4,11,-7
4027557,4345362,8,3,5
4027557,4345362,9,4,5
4032817,4698767,5,9,-4
5624891,6418803,4,2,2
6236674,7536209,6,9,-3
6236674,7536209,8,4,4
4084747,5135623,10,1,9
4926860,8257369,4,2,2
6304937,8743636,5,2,3
6304937,8743636,7,1,6
6304937,8743636,8,3,5
6304937,8743636,12,6,6
5114408,7628774,2,8,-6
5114408,7628774,13,2,11
7002375,7332937,2,1,1
7002375,7332937,6,8,-2
7002375,7332937,8,2,6
7002375,7332937,12,3,9
4333415,4936248,1,1,0
4333415,4936248,2,2,0
4333415,4936248,3,9,-6
4333415,4936248,7,8,-1
4333415,4936248,9,5,4
4333415,4936248,12,12,0
6222737,7443023,13,5,8
6943987,8643968,1,1,0
6943987,8643968,3,7,-4
6943987,8643968,5,13,-8
6943987,8643968,11,6,5
7304837,8009415,2,6,-4
7304837,8009415,3,8,-5
6526452,7620702,13,3,10
6559728,7076870,1,7,-6
6559728,7076870,11,5,6
5330521,8639352,2,8,-6
5288078,7335105,4,6,-2
6315666,8272945,1,1,0
6315666,8272945,8,8,0
4377303,6178694,3,1,2
4595072,5322319,2,1,1
4595072,5322319,7,2,5
5455934,7603580,10,4,6
4793348,6494875,3,5,-2
4793348,6494875,9,2,7
4903138,7492961,13,9,4
5569082,8021229,1,4,-3
5569082,8021229,2,2,0
5569082,8021229,3,3,0
5569082,8021229,9,1,8
5283639,8260950,3,3,0
6134156,7652930,1,4,-3
6134156,7652930,2,6,-4
6134156,7652930,3,13,-10
6134156,7652930,10,11,-1
5043874,6519673,2,6,-4
5043874,6519673,5,2,3
5297207,7257706,5,3,2
5297207,7257706,6,8,-2
7151843,7715597,3,7,-4
6252261,7422633,9,13,-4
4023544,5384074,10,5,5
6850183,7898461,1,6,-5
6850183,7898461,2,4,-2
6850183,7898461,9,3,6
4886960,8271187,1,13,-12
4886960,8271187,4,6,-2
4886960,8271187,5,3,2
4886960,8271187,9,7,2
4886960,8271187,12,2,10
6073242,8015600,7,2,5
6073242,8015600,11,5,6
6622442,7975444,9,1,8
5053608,8055906,5,4,1
7950352,8573159,7,3,4
7950352,8573159,9,2,7
4700318,7720703,3,4,-1
4700318,7720703,5,1,4
4700318,7720703,10,9,1
4268144,4942412,1,1,0
4268144,4942412,6,5,1
4268144,4942412,7,12,-5
5481419,6072658,1,1,0
5481419,6072658,2,2,0
5481419,6072658,13,3,10
4868129,8298815,1,1,0
6265037,7825172,13,3,10
4015911,6465899,1,7,-6
7912503,8705579,3,6,-3
6263229,7133714,11,8,3
6925978,7721694,2,1,1
6925978,7721694,5,13,-8
6416907,8134183,10,1,9
5550711,6505665,12,4,8
6295875,6516672,1,8,-7
6295875,6516672,3,1,2
6295875,6516672,4,13,-9
6295875,6516672,7,2,5
6295875,6516672,8,3,5
6176814,7717828,4,3,1
6176814,7717828,9,13,-4
6176814,7717828,11,5,6
5036264,7049777,3,9,-6
5036264,7049777,11,5,6
5036264,7049777,13,6,7
6054928,8190544,8,3,5
5039828,6572177,1,1,0
7842237,8241568,9,7,2
5453367,8273949,10,11,-1
6597903,7627305,4,2,2
5147360,7008423,2,4,-2
5147360,7008423,3,9,-6
5147360,7008423,4,1,3
5147360,7008423,7,2,5
5147360,7008423,8,11,-3
6539801,7232700,2,2,0
6539801,7232700,3,6,-3
5237205,5559369,1,2,-1
5237205,5559369,2,3,-1
5237205,5559369,4,1,3
5237205,5559369,5,4,1
5237205,5559369,6,5,1
5237205,5559369,7,8,-1
5237205,5559369,8,6,2
5237205,5559369,9,9,0
5237205,5559369,10,10,0
5237205,5559369,12,12,0
5237205,5559369,13,13,0
7397991,8660393,1,1,0
7397991,8660393,2,3,-1
7397991,8660393,3,2,1
7397991,8660393,8,8,0
5412603,7387932,7,9,-2
4855297,5143912,2,2,0
6210808,7910520,6,11,-5
6210808,7910520,7,12,-5
5317400,7499017,6,4,2
6327398,8131123,1,11,-10
6327398,8131123,2,7,-5
6327398,8131123,5,4,1
6327398,8131123,10,2,8
6192393,7062527,4,11,-7
6192393,7062527,10,9,1
4065649,4350857,1,2,-1
4065649,4350857,10,1,9
5041846,6361162,1,7,-6
5041846,6361162,2,2,0
5041846,6361162,5,10,-5
5041846,6361162,10,3,7
5371627,5594841,2,1,1
5371627,5594841,5,7,-2
4173971,6155974,2,9,-7
4173971,6155974,3,1,2
4173971,6155974,4,3,1
3991755,8036738,6,1,5
3991755,8036738,12,10,2
5562537,6561892,1,2,-1
5562537,6561892,2,4,-2
7725111,8526968,1,9,-8
4693418,6948785,1,4,-3
4693418,6948785,4,9,-5
6552935,7099189,2,8,-6
5036705,7721605,12,9,3
4141323,4632067,2,5,-3
4141323,4632067,5,2,3
4141323,4632067,6,1,5
4141323,4632067,7,3,4
4141323,4632067,9,4,5
4141323,4632067,10,9,1
6094650,7035864,8,13,-5
6094650,7035864,13,6,7
4385366,4807161,1,1,0
4385366,4807161,3,4,-1
6066877,7319277,1,3,-2
6066877,7319277,11,1,10
5483270,6149265,1,6,-5
5483270,6149265,7,1,6
5483270,6149265,8,2,6
6250783,7731403,3,1,2
6250783,7731403,5,6,-1
6070090,7280848,5,1,4
6976163,7644288,2,1,1
6976163,7644288,7,7,0
6976163,7644288,12,3,9
5221126,5273348,2,12,-10
5221126,5273348,3,4,-1
5221126,5273348,4,3,1
5221126,5273348,5,1,4
5221126,5273348,8,6,2
5221126,5273348,9,7,2
5221126,5273348,11,9,2
6217830,8561805,10,2,8
5100055,7850098,1,9,-8
7178330,8485313,3,13,-10
5583983,6640255,2,1,1
4456331,8497428,2,7,-5
5520164,6526957,2,5,-3
5520164,6526957,4,2,2
5520164,6526957,6,10,-4
5477241,7274382,8,3,5
6539303,8655536,1,2,-1
6539303,8655536,2,11,-9
7069952,8287820,2,6,-4
4293837,6188216,1,13,-12
4293837,6188216,2,3,-1
5590343,7350178,12,7,5
8199248,8698943,3,4,-1
8199248,8698943,7,1,6
8199248,8698943,9,6,3
8199248,8698943,10,12,-2
4532772,6920764,1,1,0
4532772,6920764,5,2,3
4933345,5252580,3,2,1
4933345,5252580,4,8,-4
4933345,5252580,12,5,7
6247668,6651929,2,4,-2
6247668,6651929,3,2,1
6247668,6651929,8,12,-4
6247668,6651929,10,9,1
7301524,7893918,2,1,1
7301524,7893918,4,2,2
7301524,7893918,6,5,1
7301524,7893918,7,3,4
4634127,8348816,1,4,-3
4634127,8348816,4,2,2
4634127,8348816,9,6,3
6534856,7449899,3,11,-8
6534856,7449899,4,13,-9
5188938,6541277,5,4,1
5188938,6541277,7,1,6
5106352,7001304,1,8,-7
5106352,7001304,2,3,-1
5106352,7001304,8,9,-1
6236420,7416179,1,1,0
6236420,7416179,5,3,2
6121086,6436753,7,12,-5
6121086,6436753,8,13,-5
6121086,6436753,11,1,10
5572460,7921400,11,1,10
4867977,5401524,1,7,-6
4867977,5401524,8,8,0
4867977,5401524,13,9,4
5565258,7026034,2,1,1
5565258,7026034,4,9,-5
5565258,7026034,9,3,6
5565258,7026034,10,10,0
7088392,7430334,8,5,3
4813593,5154344,2,3,-1
4813593,5154344,11,12,-1
5433011,6915585,1,5,-4
5433011,6915585,2,13,-11
6453643,7111439,1,1,0
5196246,5491006,1,3,-2
5196246,5491006,4,12,-8
5196246,5491006,8,2,6
5224648,8013732,8,6,2
4669517,4936365,7,12,-5
4669517,4936365,9,2,7
6577072,8611057,2,1,1
4418425,6161013,3,1,2
4418425,6161013,5,12,-7
6245099,8689729,2,1,1
6204974,7048370,2,3,-1
6204974,7048370,5,4,1
5385846,8142721,10,5,5
7148287,8455679,2,7,-5
7139864,8533562,10,2,8
6645211,8267943,5,12,-7
6709663,7754775,13,2,11
4311808,5419934,5,8,-3
5259026,5636267,4,2,2
5259026,5636267,7,1,6
5334755,6657078,2,7,-5
4459425,5244670,2,11,-9
4634017,5103878,1,7,-6
4634017,5103878,2,1,1
4634017,5103878,3,12,-9
4634017,5103878,11,2,9
6332573,6501547,1,2,-1
6332573,6501547,2,3,-1
6332573,6501547,3,4,-1
6332573,6501547,5,5,0
6332573,6501547,11,12,-1
6232841,8244194,2,3,-1
6232841,8244194,3,10,-7
6232841,8244194,11,6,5
4961420,5371804,4,3,1
4859179,7674110,2,1,1
4188432,5451454,11,1,10
4082089,6241693,1,7,-6
7345909,8587034,4,4,0
7345909,8587034,12,10,2
6556835,7127610,1,1,0
6904463,7321887,1,4,-3
6904463,7321887,3,11,-8
5314476,7901457,3,6,-3
5314476,7901457,9,3,6
3957036,7887538,3,1,2
5617871,6650944,13,6,7
5219996,7704505,3,3,0
4541771,4868796,3,4,-1
4541771,4868796,12,7,5
4613438,4715954,1,1,0
4613438,4715954,2,2,0
4613438,4715954,3,3,0
4613438,4715954,4,4,0
4613438,4715954,5,5,0
4613438,4715954,6,6,0
4613438,4715954,7,7,0
4613438,4715954,8,8,0
4613438,4715954,9,9,0
4613438,4715954,10,10,0
4613438,4715954,11,11,0
4613438,4715954,12,12,0
4613438,4715954,13,13,0
7012988,8206153,10,13,-3
7673464,7844509,1,1,0
7673464,7844509,2,6,-4
7673464,7844509,4,3,1
7673464,7844509,5,7,-2
5052481,6644395,2,1,1
5052481,6644395,8,7,1
5195664,7648083,2,11,-9
5195664,7648083,8,6,2
5151862,5331563,1,3,-2
5151862,5331563,7,13,-6
6487656,7397498,3,6,-3
5131638,5263692,3,7,-4
5197860,6551073,4,1,3
4525050,7289725,1,1,0
4525050,7289725,7,11,-4
4525050,7289725,10,4,6
5073451,6905776,2,5,-3
4833445,7697916,11,1,10
5075789,8687271,8,4,4
5075789,8687271,10,1,9
5483951,7108505,5,4,1
6547027,7530419,5,2,3
6547027,7530419,9,1,8
6611046,7348045,2,8,-6
6611046,7348045,10,9,1
6147354,7344804,3,4,-1
6147354,7344804,4,2,2
7103947,8142473,1,1,0
7103947,8142473,4,2,2
7103947,8142473,5,8,-3
7103947,8142473,12,9,3
7103947,8142473,13,3,10
6374079,7260714,13,7,6
7945653,8676892,11,13,-2
5326429,5505834,2,1,1
5413098,7627365,9,7,2
5413098,7627365,11,9,2
4305901,6344268,1,8,-7
4305901,6344268,8,1,7
6462792,8330892,1,4,-3
6462792,8330892,5,13,-8
6462792,8330892,10,9,1
6462792,8330892,12,6,6
5419325,8060185,2,1,1
5419325,8060185,6,2,4
4934725,6154690,2,1,1
5021044,5242397,1,7,-6
7390909,8048647,3,1,2
7390909,8048647,7,7,0
7390909,8048647,10,13,-3
4634188,8282445,10,5,5
4266179,6396191,4,3,1
6244344,8276666,4,2,2
6485909,7645596,2,3,-1
6485909,7645596,11,7,4
6485909,7645596,12,8,4
5571057,6952649,5,8,-3
5373854,5575806,2,6,-4
5373854,5575806,4,9,-5
6080037,8641475,2,12,-10
6080037,8641475,7,1,6
6080037,8641475,11,13,-2
7363058,8750792,12,6,6
6889684,7025665,1,10,-9
6889684,7025665,3,11,-8
5390027,6137808,3,6,-3
5219354,8245407,4,12,-8
5219354,8245407,11,1,10
4628783,6293905,4,3,1
4628783,6293905,11,5,6
4856936,6869147,7,5,2
6189636,7048321,1,7,-6
6189636,7048321,7,4,3
4697158,6885257,3,1,2
4697158,6885257,5,2,3
4697158,6885257,6,3,3
6241069,6957733,5,6,-1
6241069,6957733,9,11,-2
6241069,6957733,11,3,8
6264850,7938509,1,3,-2
6264850,7938509,3,4,-1
6264850,7938509,4,2,2
6264850,7938509,7,9,-2
6264850,7938509,9,7,2
6264850,7938509,10,1,9
4490728,4630075,1,4,-3
4490728,4630075,13,12,1
4445990,6554977,1,1,0
4445990,6554977,13,6,7
5351400,7481486,4,13,-9
5351400,7481486,5,2,3
5351400,7481486,12,5,7
5592970,6082399,1,11,-10
7491977,8061884,1,7,-6
7491977,8061884,2,2,0
7491977,8061884,4,1,3
6559184,7846400,12,11,1
5434589,6067645,1,2,-1
5434589,6067645,10,11,-1
5602679,7113231,2,3,-1
5602679,7113231,4,1,3
4104173,7163060,1,1,0
4104173,7163060,4,10,-6
5268977,5430620,4,1,3
5268977,5430620,9,10,-1
5268977,5430620,13,8,5
6505095,7747463,4,2,2
7459893,8271148,9,5,4
6165017,7878855,1,1,0
6165017,7878855,2,13,-11
6165017,7878855,4,4,0
6165017,7878855,5,8,-3
6165017,7878855,8,11,-3
5559942,8020093,5,2,3
5408434,6486702,1,2,-1
5408434,6486702,3,1,2
5408434,6486702,6,5,1
4125213,5405068,1,10,-9
4125213,5405068,4,2,2
7603434,8160495,3,1,2
7603434,8160495,4,6,-2
7603434,8160495,5,11,-6
6452692,8233177,1,5,-4
6452692,8233177,2,2,0
6452692,8233177,3,3,0
6452692,8233177,4,7,-3
4341035,4777938,4,1,3
4453599,4678035,1,5,-4
4453599,4678035,8,6,2
4453599,4678035,10,13,-3
7541471,8329905,1,11,-10
5149321,8420381,7,3,4
7839314,8446937,4,11,-7
7839314,8446937,5,13,-8
4967797,7690396,4,6,-2
4967797,7690396,9,13,-4
6960625,8679469,8,9,-1
5122398,6451231,5,1,4
6984247,8114082,3,3,0
3937119,6332741,2,4,-2
3937119,6332741,4,6,-2
3937119,6332741,5,1,4
3937119,6332741,6,8,-2
5287199,7685102,1,1,0
4124325,4335975,1,2,-1
4124325,4335975,6,3,3
3938390,4689052,4,9,-5
5115335,6403985,13,5,8
4502830,4746256,3,9,-6
4945268,6960846,1,1,0
4945268,6960846,9,7,2
5625659,6542568,1,5,-4
7089059,8753270,12,5,7
7784734,8408492,1,4,-3
7784734,8408492,3,8,-5
6292571,8009842,3,1,2
6292571,8009842,5,2,3
5648798,7755609,2,3,-1
5648798,7755609,3,1,2
5648798,7755609,7,11,-4
4899434,5423116,1,4,-3
4899434,5423116,3,2,1
4899434,5423116,4,3,1
4326990,4746459,1,2,-1
4326990,4746459,2,3,-1
4326990,4746459,11,12,-1
4203522,4535248,3,8,-5
6556220,8042057,1,7,-6
6556220,8042057,4,1,3
5431622,8021348,1,12,-11
5431622,8021348,4,1,3
5431622,8021348,5,6,-1
6274887,7238963,2,5,-3
6274887,7238963,11,6,5
4795224,6098885,2,2,0
4795224,6098885,6,1,5
7651596,7920907,2,1,1
7651596,7920907,13,6,7
7606147,7719966,1,3,-2
7606147,7719966,5,5,0
7606147,7719966,8,8,0
7606147,7719966,9,7,2
7606147,7719966,13,10,3
6389055,7983678,2,2,0
6389055,7983678,7,13,-6
4883250,7540117,6,1,5
4883250,7540117,11,6,5
4534147,7408113,1,2,-1
4534147,7408113,13,11,2
4959244,5409537,11,7,4
4059388,4347053,12,3,9
4059388,4347053,13,7,6
4435692,4748436,10,8,2
4435692,4748436,11,3,8
6539375,7367014,12,7,5
5181224,6948341,2,1,1
5181224,6948341,10,2,8
4310236,4451136,3,6,-3
4310236,4451136,5,1,4
4310236,4451136,8,2,6
5275152,8574219,8,1,7
6141007,7594187,4,4,0
4464182,7378378,4,6,-2
4856787,6409602,1,1,0
4081195,4533168,2,4,-2
4081195,4533168,3,13,-10
4081195,4533168,5,9,-4
3950357,4155912,1,12,-11
4854263,6221794,7,4,3
7270809,8455434,1,1,0
7270809,8455434,2,2,0
7270809,8455434,3,3,0
7270809,8455434,4,4,0
7270809,8455434,5,5,0
7270809,8455434,6,6,0
7270809,8455434,7,7,0
7270809,8455434,8,8,0
7270809,8455434,9,9,0
7270809,8455434,10,10,0
7270809,8455434,11,12,-1
7270809,8455434,12,13,-1
4237814,5198029,5,5,0
4237814,5198029,7,6,1
4237814,5198029,13,13,0
4751816,7887296,1,3,-2
4751816,7887296,3,12,-9
4751816,7887296,5,10,-5
4751816,7887296,11,1,10
4751816,7887296,13,4,9
4322056,4440380,1,1,0
4309671,7218652,3,6,-3
4309671,7218652,5,4,1
4815307,7370502,1,2,-1
4815307,7370502,2,3,-1
4815307,7370502,3,1,2
4815307,7370502,4,12,-8
4815307,7370502,10,11,-1
4922355,5211699,10,6,4
8094559,8264953,4,8,-4
4943973,7113614,2,3,-1
3941679,4311561,6,5,1
3941679,4311561,7,4,3
4760034,5335138,2,5,-3
4760034,5335138,13,2,11
5214579,8078527,5,4,1
5214579,8078527,9,6,3
4863866,5321011,5,5,0
4863866,5321011,12,8,4
5421854,7727630,5,1,4
5421854,7727630,8,4,4
4142533,6370432,2,1,1
4142533,6370432,12,9,3
4142533,6370432,13,2,11
5221288,6531118,7,2,5
5095338,7257354,1,11,-10
4165671,8648244,2,5,-3
4165671,8648244,5,9,-4
4165679,5127874,1,1,0
4165679,5127874,2,2,0
4165679,5127874,3,10,-7
4165679,5127874,5,4,1
5041129,6572635,1,2,-1
5041129,6572635,2,1,1
5041129,6572635,10,6,4
5010032,6160294,4,12,-8
5169805,7705466,8,3,5
4310440,4973785,2,12,-10
4310440,4973785,3,8,-5
4310440,4973785,4,2,2
4310440,4973785,5,1,4
4893709,7044290,1,5,-4
4893709,7044290,8,13,-5
4641980,7144095,1,5,-4
4641980,7144095,4,12,-8
4669367,5650230,2,2,0
4669367,5650230,8,10,-2
6650824,7581238,1,2,-1
7131037,7640460,5,9,-4
7131037,7640460,10,7,3
4627298,6553847,2,1,1
4627298,6553847,8,3,5
4698842,7961888,1,9,-8
4698842,7961888,2,4,-2
4698842,7961888,7,3,4
6234253,8696288,11,9,2
6252535,7830278,2,9,-7
5224141,5319696,3,1,2
5224141,5319696,7,7,0
6098134,7639701,2,3,-1
6098134,7639701,5,1,4
5258836,7085420,11,13,-2
6357659,7494063,7,11,-4
5037427,6413269,4,1,3
5037427,6413269,9,2,7
4061219,4141661,2,8,-6
4061219,4141661,11,1,10
4978892,5109248,1,1,0
4978892,5109248,2,2,0
4978892,5109248,3,3,0
4978892,5109248,4,4,0
4978892,5109248,5,5,0
4978892,5109248,6,6,0
4978892,5109248,7,8,-1
4978892,5109248,8,10,-2
4978892,5109248,9,11,-2
4978892,5109248,10,12,-2
4978892,5109248,11,13,-2
4978892,5109248,13,9,4
3939844,4280502,4,6,-2
3939844,4280502,6,8,-2
3939844,4280502,10,1,9
7137326,7525055,2,8,-6
7137326,7525055,3,7,-4
7137326,7525055,5,4,1
5558671,7131860,2,1,1
5558671,7131860,5,3,2
6222447,6476731,1,11,-10
6222447,6476731,9,4,5
6222447,6476731,11,12,-1
6275470,8072901,1,3,-2
6190414,7326218,3,11,-8
6190414,7326218,7,1,6
6190414,7326218,13,7,6
5278062,6426199,1,2,-1
5278062,6426199,3,1,2
5557749,8213458,6,9,-3
6166817,7995212,1,1,0
6166817,7995212,6,7,-1
6166817,7995212,7,8,-1
6166817,7995212,8,2,6
6166817,7995212,10,11,-1
6166817,7995212,12,10,2
7780893,8715515,9,4,5
5558091,7873401,3,7,-4
5558091,7873401,4,4,0
5558091,7873401,5,10,-5
6383623,7147734,1,4,-3
4696361,6129056,1,2,-1
6181952,7292858,1,11,-10
6181952,7292858,2,10,-8
5421577,8277335,3,2,1
5421577,8277335,6,3,3
6067355,7664241,6,1,5
6067355,7664241,12,4,8
6235333,7060318,1,1,0
6235333,7060318,2,2,0
6235333,7060318,3,4,-1
6235333,7060318,6,3,3
6235333,7060318,7,6,1
6235333,7060318,8,5,3
6235333,7060318,9,7,2
6235333,7060318,10,8,2
6235333,7060318,13,9,4
6219539,7844275,1,2,-1
6219539,7844275,10,7,3
6318881,7198500,2,1,1
7055257,7143540,1,1,0
4558302,7280496,7,5,2
4419626,5304921,3,13,-10
4419626,5304921,4,2,2
6631821,7770334,4,10,-6
6920557,8167522,9,6,3
4370072,7832413,3,6,-3
4370072,7832413,6,4,2
4387038,4701547,4,3,1
4387038,4701547,10,5,5
4877894,5057233,1,1,0
4877894,5057233,2,2,0
4877894,5057233,3,3,0
4877894,5057233,4,4,0
4877894,5057233,5,5,0
4877894,5057233,6,6,0
4877894,5057233,7,7,0
4877894,5057233,8,8,0
4877894,5057233,9,9,0
4877894,5057233,10,10,0
4877894,5057233,11,11,0
4877894,5057233,12,12,0
4877894,5057233,13,13,0
4717884,7733183,13,5,8
5425170,6427302,5,6,-1
4901472,7540110,2,5,-3
4836739,8141837,1,2,-1
8044969,8634640,1,1,0
8044969,8634640,5,6,-1
8044969,8634640,7,9,-2
8044969,8634640,12,4,8
6326774,7135840,1,3,-2
6326774,7135840,9,7,2
4128215,6598825,1,3,-2
5456267,8002733,3,13,-10
5456267,8002733,7,2,5
4297578,4680827,3,4,-1
6977373,7728290,1,1,0
6977373,7728290,2,2,0
6977373,7728290,3,4,-1
6225705,7448389,5,7,-2
4242194,5298969,1,13,-12
5117306,8231219,6,3,3
5117306,8231219,7,1,6
5117306,8231219,9,10,-1
5363220,7057819,1,1,0
5363220,7057819,2,8,-6
4864618,7233924,1,6,-5
4864618,7233924,9,5,4
4864618,7233924,12,11,1
4864618,7233924,13,12,1
6257338,7140447,4,10,-6
6257338,7140447,8,12,-4
6257338,7140447,9,13,-4
5418075,7179572,3,3,0
5418075,7179572,6,2,4
5418075,7179572,9,13,-4
5418075,7179572,11,12,-1
6567408,7120931,2,10,-8
6567408,7120931,7,7,0
6312092,7556341,4,7,-3
6312092,7556341,8,10,-2
6312092,7556341,9,1,8
4243144,6032666,1,7,-6
4243144,6032666,5,8,-3
5164886,7137512,3,7,-4
5154179,7587234,1,8,-7
5154179,7587234,2,10,-8
5154179,7587234,3,9,-6
5154179,7587234,10,12,-2
5154179,7587234,12,7,5
5327223,6841787,6,10,-4
7481333,7748567,2,2,0
7481333,7748567,3,3,0
7481333,7748567,5,8,-3
7481333,7748567,6,9,-3
4211120,5404643,5,3,2
4551116,6168530,2,7,-5
3931370,4702830,2,2,0
5257646,6578601,1,1,0
5257646,6578601,9,4,5
5257646,6578601,10,12,-2
4707797,5349296,10,11,-1
4613029,6210280,11,1,10
4910658,6473660,1,2,-1
4910658,6473660,4,9,-5
4812363,8283044,12,2,10
5098893,6509006,7,12,-5
4678348,6082904,1,9,-8
4678348,6082904,2,2,0
4678348,6082904,3,8,-5
4678348,6082904,8,1,7
7171683,7953088,1,1,0
5632906,8057377,2,1,1
5632906,8057377,7,11,-4
5632906,8057377,8,10,-2
6501734,7830875,2,6,-4
6501734,7830875,4,9,-5
6501734,7830875,8,7,1
6625643,8312261,1,7,-6
7166802,7469470,1,1,0
7166802,7469470,2,3,-1
7166802,7469470,3,2,1
7166802,7469470,4,7,-3
7166802,7469470,5,4,1
7166802,7469470,6,5,1
7166802,7469470,7,6,1
7166802,7469470,8,8,0
7166802,7469470,9,9,0
7166802,7469470,10,10,0
7166802,7469470,11,11,0
7166802,7469470,12,12,0
7166802,7469470,13,13,0
6159214,7947044,4,5,-1
6159214,7947044,7,4,3
6159214,7947044,9,9,0
4174597,5401533,11,1,10
4006947,4870735,1,2,-1
4006947,4870735,2,6,-4
4006947,4870735,4,9,-5
4006947,4870735,9,5,4
4369750,6647957,3,1,2
7263291,7697847,5,10,-5
7263291,7697847,6,2,4
6353602,6496531,6,11,-5
7482888,8604888,1,1,0
7482888,8604888,4,3,1
7482888,8604888,7,4,3
4902965,6653945,2,4,-2
4902965,6653945,4,8,-4
4902965,6653945,7,13,-6
4902965,6653945,9,6,3
7756833,8271436,2,6,-4
4023083,5272429,1,4,-3
4023083,5272429,7,1,6
4023083,5272429,10,2,8
4023083,5272429,13,5,8
6229580,8077186,2,1,1
6229580,8077186,3,3,0
6229580,8077186,9,6,3
5213623,5300153,1,3,-2
5213623,5300153,2,8,-6
5213623,5300153,4,13,-9
5213623,5300153,7,10,-3
5213623,5300153,8,11,-3
5213623,5300153,10,6,4
5354297,6325797,1,1,0
5354297,6325797,3,13,-10
5354297,6325797,6,7,-1
5066729,5643848,2,4,-2
5066729,5643848,11,13,-2
5202950,8179236,2,3,-1
5202950,8179236,12,13,-1
6463444,7962948,1,7,-6
5357510,6147994,6,7,-1
6623192,6905268,2,9,-7
6462944,7660109,1,3,-2
6462944,7660109,9,10,-1
5331592,5428578,4,4,0
5331592,5428578,5,13,-8
5331592,5428578,10,2,8
5331592,5428578,11,6,5
5576497,6993445,1,13,-12
5576497,6993445,3,10,-7
5576497,6993445,5,3,2
6357225,7721534,4,3,1
6357225,7721534,8,8,0
7413564,8585663,6,11,-5
5491933,6454336,1,11,-10
5491933,6454336,5,4,1
5491933,6454336,9,8,1
6303659,7235657,2,12,-10
6303659,7235657,4,6,-2
6303659,7235657,10,8,2
5037397,7284729,7,2,5
5037397,7284729,11,6,5
4074040,8653207,1,1,0
4074040,8653207,2,6,-4
4074040,8653207,3,3,0
4074040,8653207,5,2,3
4074040,8653207,9,10,-1
7042741,7751214,8,4,4
7042741,7751214,9,1,8
7042741,7751214,13,8,5
4638357,7239707,6,13,-7
4146172,6228017,1,2,-1
4146172,6228017,2,1,1
4146172,6228017,4,3,1
4146172,6228017,7,5,2
4146172,6228017,11,7,4
6856769,7073960,1,6,-5
6856769,7073960,2,5,-3
6856769,7073960,3,1,2
6308644,7489128,11,6,5
6066151,8546999,2,1,1
6066151,8546999,4,8,-4
6066151,8546999,8,3,5
4442827,7077124,1,6,-5
4442827,7077124,3,3,0
4442827,7077124,4,1,3
4551094,5088923,3,10,-7
4551094,5088923,5,2,3
6168713,6453870,1,2,-1
6168713,6453870,2,5,-3
6168713,6453870,4,7,-3
5070917,8065884,3,1,2
5070917,8065884,4,3,1
4215897,4725090,1,2,-1
4215897,4725090,4,1,3
6165880,7736956,10,1,9
6165880,7736956,11,3,8
4263583,4672647,5,9,-4
4263583,4672647,7,11,-4
6562038,8162985,3,12,-9
6562038,8162985,8,1,7
4870820,5090949,2,10,-8
4870820,5090949,3,6,-3
4870820,5090949,9,11,-2
5414640,7130719,2,2,0
6488695,7600405,1,2,-1
6488695,7600405,9,5,4
4685056,7290284,2,6,-4
4685056,7290284,7,2,5
4930300,6490851,2,6,-4
4930300,6490851,3,7,-4
4444179,5490832,1,1,0
4444179,5490832,5,7,-2
4444179,5490832,12,12,0
4386509,8555675,1,1,0
4386509,8555675,4,9,-5
4386509,8555675,5,7,-2
3933173,4706706,2,2,0
3933173,4706706,13,5,8
4191253,8550164,6,2,4
4191253,8550164,10,5,5
5574304,6118802,2,9,-7
5574304,6118802,12,8,4
4185935,8746703,11,12,-1
4821142,5293067,7,3,4
4821142,5293067,8,10,-2
5555397,7669005,1,1,0
5555397,7669005,10,4,6
5555397,7669005,11,9,2
5555397,7669005,13,3,10
6437696,8013736,7,7,0
6437696,8013736,11,2,9
6546175,7785015,7,7,0
6546175,7785015,11,2,9
3949584,6457344,1,1,0
3949584,6457344,3,3,0
3949584,6457344,4,4,0
3949584,6457344,6,6,0
7339445,7777592,1,10,-9
7339445,7777592,7,12,-5
3953281,4045181,5,12,-7
3953281,4045181,10,1,9
3953281,4045181,11,7,4
6468864,7750389,1,8,-7
6468864,7750389,4,5,-1
7564473,8019238,2,6,-4
7564473,8019238,5,5,0
7564473,8019238,12,7,5
4216744,7905469,4,1,3
6098638,7101259,1,1,0
6098638,7101259,8,10,-2
6098638,7101259,9,5,4
6485944,8137906,6,9,-3
6867415,8305582,2,1,1
7849266,8510516,1,2,-1
7849266,8510516,8,9,-1
7089709,8297018,10,2,8
4044702,4936236,1,1,0
4044702,4936236,5,4,1
6641471,7678245,4,10,-6
5387886,5486797,2,1,1
5387886,5486797,11,9,2
5387886,5486797,13,8,5
4818583,6497787,1,2,-1
4818583,6497787,3,11,-8
4818583,6497787,6,5,1
4818583,6497787,10,13,-3
6307837,6977929,5,3,2
6279072,7944748,3,11,-8
6279072,7944748,13,4,9
7346244,8428410,9,6,3
7346244,8428410,12,4,8
5316592,6928775,1,9,-8
5316592,6928775,6,12,-6
6338007,7426425,4,2,2
5648451,7323275,7,1,6
5648451,7323275,12,10,2
5571087,8361096,1,1,0
5571087,8361096,5,2,3
7436976,8051169,1,8,-7
7436976,8051169,2,2,0
7948451,8488246,2,3,-1
6168598,8251998,6,11,-5
6168598,8251998,8,13,-5
6168598,8251998,9,4,5
6354097,7841383,4,11,-7
6354097,7841383,9,2,7
5193994,7413435,1,10,-9
5193994,7413435,2,1,1
5387531,6555432,1,10,-9
5387531,6555432,2,7,-5
5387531,6555432,10,6,4
5387531,6555432,11,3,8
4391797,6322847,6,4,2
7370256,7593271,2,12,-10
6276139,8069651,4,8,-4
6276139,8069651,5,6,-1
4119333,5273322,1,5,-4
4119333,5273322,2,1,1
4119333,5273322,5,3,2
5520923,7300772,7,2,5
7053823,8686841,5,2,3
5132080,7108828,2,6,-4
5132080,7108828,8,12,-4
4103434,4449921,8,12,-4
5383881,8360297,1,9,-8
5383881,8360297,2,7,-5
5383881,8360297,7,3,4
6349591,7055378,2,1,1
6349591,7055378,7,8,-1
5021318,5449200,2,5,-3
5021318,5449200,5,1,4
5290361,6551484,2,3,-1
4697076,5243400,2,2,0
4697076,5243400,5,9,-4
5543032,7112270,10,8,2
5220788,5337557,7,7,0
5220788,5337557,8,9,-1
5220788,5337557,10,3,7
4748064,6083583,2,7,-5
4748064,6083583,9,10,-1
5504677,7899753,5,4,1
4586996,6960312,2,8,-6
4586996,6960312,4,1,3
5166588,7079022,7,8,-1
4532121,6251150,3,3,0
4910582,5583373,7,8,-1
6290382,7461949,5,4,1
7315227,7492558,1,3,-2
7315227,7492558,6,8,-2
7315227,7492558,10,7,3
4961295,6578498,1,1,0
4961295,6578498,13,7,6
6913277,8348314,2,7,-5
6913277,8348314,3,11,-8
6913277,8348314,4,4,0
6913277,8348314,6,1,5
6913277,8348314,9,10,-1
6913277,8348314,12,13,-1
4863330,5092727,3,12,-9
4863330,5092727,5,10,-5
4863330,5092727,8,3,5
4863330,5092727,9,2,7
4026648,7013104,3,12,-9
4026648,7013104,11,6,5
5202828,7974714,4,4,0
5202828,7974714,6,6,0
5656466,7671185,8,4,4
7335294,8153063,1,5,-4
7335294,8153063,4,1,3
7335294,8153063,13,4,9
4641296,4911534,1,4,-3
4641296,4911534,6,3,3
6906768,7499134,3,1,2
6906768,7499134,5,2,3
6906768,7499134,6,5,1
6906768,7499134,11,3,8
6906768,7499134,12,6,6
5235432,8176500,1,5,-4
4059484,5094805,1,1,0
4059484,5094805,2,5,-3
4059484,5094805,6,7,-1
4259774,4896412,6,7,-1
6898064,8313612,9,12,-3
4257590,5580341,2,1,1
4257590,5580341,13,4,9
8006857,8686676,2,1,1
8006857,8686676,7,3,4
8006857,8686676,10,12,-2
3941610,4098762,3,2,1
3941610,4098762,4,1,3
5153417,5291007,2,1,1
5153417,5291007,3,3,0
5153417,5291007,4,2,2
5153417,5291007,5,7,-2
5153417,5291007,6,11,-5
5153417,5291007,7,12,-5
5153417,5291007,8,8,0
4899205,5641703,9,7,2
4295689,5230787,2,6,-4
4295689,5230787,9,8,1
4295689,5230787,10,3,7
4533933,4857973,1,11,-10
4533933,4857973,2,1,1
4533933,4857973,3,3,0
4533933,4857973,5,5,0
5397324,7770775,7,1,6
5397324,7770775,8,10,-2
6084922,7376410,2,2,0
6084922,7376410,8,11,-3
6084922,7376410,12,5,7
4998092,7259684,1,1,0
4998092,7259684,4,5,-1
4998092,7259684,8,11,-3
4998092,7259684,11,7,4
4998092,7259684,12,2,10
7035850,7734600,1,6,-5
7035850,7734600,2,8,-6
6322625,7687328,1,3,-2
4209463,5331099,12,4,8
6316403,7691416,4,4,0
6316403,7691416,10,10,0
6128121,7876492,4,1,3
6128121,7876492,11,4,7
5076857,5261970,1,2,-1
5076857,5261970,5,11,-6
5076857,5261970,7,6,1
5076857,5261970,8,4,4
6671492,7657205,1,1,0
6671492,7657205,2,4,-2
6671492,7657205,10,9,1
4498147,7516399,1,2,-1
6669723,7622070,1,1,0
6168693,8475644,3,13,-10
6168693,8475644,4,6,-2
6168693,8475644,8,4,4
6168693,8475644,11,5,6
5574982,6243591,4,5,-1
5574982,6243591,5,4,1
4559947,8244371,1,6,-5
5202257,6376660,2,7,-5
5202257,6376660,6,3,3
5202257,6376660,7,4,3
5202257,6376660,13,9,4
5619103,6459066,1,2,-1
5619103,6459066,4,10,-6
5619103,6459066,11,4,7
7879125,8377163,4,1,3
4600267,4750795,2,7,-5
4600267,4750795,4,1,3
4600267,4750795,8,12,-4
4064917,4941248,1,8,-7
4064917,4941248,5,10,-5
6604065,7444276,2,2,0
6604065,7444276,3,5,-2
6505213,8069204,7,8,-1
6505213,8069204,8,2,6
5320520,6371753,1,2,-1
5320520,6371753,12,11,1
5320520,6371753,13,9,4
6253316,7346737,1,3,-2
6253316,7346737,4,4,0
6253316,7346737,7,7,0
6501306,7705631,2,11,-9
6501306,7705631,4,3,1
6501306,7705631,6,5,1
6501306,7705631,7,6,1
6501306,7705631,8,4,4
6501306,7705631,9,2,7
6501306,7705631,11,9,2
6096608,8148233,3,8,-5
6096608,8148233,4,2,2
6096608,8148233,6,12,-6
4930793,7588399,4,1,3
6626178,7490608,1,6,-5
5423808,6613047,11,5,6
6078964,8102843,9,4,5
6400956,8024073,1,4,-3
6400956,8024073,2,12,-10
6400956,8024073,3,13,-10
4235287,4724826,9,2,7
4235287,4724826,12,3,9
4947533,7958635,2,11,-9
4947533,7958635,8,10,-2
6263204,7646756,8,7,1
6263204,7646756,13,11,2
4638032,4695393,3,2,1
4638032,4695393,7,1,6
4600056,5615739,3,1,2
4600056,5615739,4,3,1
4087155,4490007,2,1,1
4087155,4490007,6,3,3
4087155,4490007,8,9,-1
7174375,7383461,2,5,-3
7174375,7383461,11,1,10
7174375,7383461,12,2,10
4867565,5200796,3,5,-2
4867565,5200796,4,3,1
4867565,5200796,5,7,-2
4867565,5200796,10,10,0
4867565,5200796,12,6,6
4157632,6599163,2,2,0
4157632,6599163,13,10,3
7253745,8704677,1,7,-6
7253745,8704677,3,1,2
7587276,8285696,3,9,-6
6414635,7593712,6,2,4
6414635,7593712,11,11,0
6156745,6906054,1,2,-1
6156745,6906054,4,6,-2
6156745,6906054,6,1,5
6156745,6906054,7,7,0
6156745,6906054,9,5,4
7072508,8165394,3,8,-5
7072508,8165394,7,2,5
5410350,8325799,3,12,-9
5410350,8325799,5,4,1
5616912,7723662,8,4,4
6168521,8753188,2,1,1
6168521,8753188,3,5,-2
6168521,8753188,9,4,5
6173263,7761299,2,3,-1
6173263,7761299,4,1,3
6173263,7761299,8,5,3
5323390,7177328,4,2,2
5323390,7177328,7,4,3
4581147,5038863,6,2,4
4994365,5316889,8,3,5
4994365,5316889,10,6,4
4994365,5316889,11,7,4
5138219,6476556,3,13,-10
5138219,6476556,4,1,3
5138219,6476556,10,9,1
6558421,8122582,3,6,-3
5344395,8690819,4,10,-6
5344395,8690819,5,1,4
5344395,8690819,10,9,1
7543034,7818379,5,2,3
7543034,7818379,9,4,5
7543034,7818379,11,1,10
7543034,7818379,12,9,3
4986239,5241931,2,7,-5
4986239,5241931,6,5,1
4986239,5241931,10,8,2
5585585,6518492,5,8,-3
5585585,6518492,6,3,3
5231717,8353501,1,7,-6
5231717,8353501,5,5,0
5126807,8592920,2,9,-7
5126807,8592920,4,2,2
5126807,8592920,7,8,-1
5217175,5603463,1,1,0
5217175,5603463,5,6,-1
6618934,8617071,1,1,0
6618934,8617071,5,2,3
7196928,8331143,1,3,-2
7196928,8331143,7,8,-1
7196928,8331143,10,7,3
7196928,8331143,12,13,-1
7196928,8331143,13,1,12
7225765,8424498,1,6,-5
7225765,8424498,2,11,-9
7225765,8424498,3,5,-2
6283860,8448094,2,8,-6
6283860,8448094,5,1,4
6283860,8448094,9,12,-3
5172084,6580342,1,1,0
5172084,6580342,4,4,0
5172084,6580342,7,3,4
4185874,5642612,2,12,-10
6488040,8277675,10,5,5
5579479,7146340,5,2,3
5579479,7146340,7,10,-3
5579479,7146340,11,8,3
5579479,7146340,12,1,11
6982788,7944557,2,5,-3
6982788,7944557,3,10,-7
6982788,7944557,4,3,1
6982788,7944557,5,1,4
6982788,7944557,6,7,-1
4716366,7001246,1,9,-8
4716366,7001246,3,7,-4
4716366,7001246,8,2,6
5342774,7763586,1,2,-1
8103515,8600765,1,9,-8
8103515,8600765,2,5,-3
8103515,8600765,3,1,2
8103515,8600765,4,4,0
8103515,8600765,8,7,1
8103515,8600765,9,11,-2
8103515,8600765,10,12,-2
4699725,5132035,1,4,-3
4699725,5132035,2,5,-3
4699725,5132035,3,6,-3
7032953,8038205,9,5,4
7797588,8146094,1,3,-2
7797588,8146094,3,5,-2
7797588,8146094,5,2,3
7797588,8146094,6,11,-5
7797588,8146094,7,1,6
4766298,7841524,13,8,5
5001892,6148592,2,1,1
5001892,6148592,9,5,4
5494329,6575342,1,1,0
5494329,6575342,6,7,-1
5645800,6576476,9,11,-2
6258626,7078818,1,3,-2
4402270,5352429,1,5,-4
4402270,5352429,10,8,2
6641581,8251992,8,8,0
6210406,8449539,1,2,-1
6210406,8449539,2,3,-1
6856447,7969395,9,2,7
5291797,5445047,7,2,5
6488178,8276755,2,2,0
6488178,8276755,6,4,2
4443140,6270295,1,8,-7
4443140,6270295,13,4,9
6898505,7258185,2,1,1
6898505,7258185,10,4,6
6518680,7211905,2,7,-5
6518680,7211905,6,2,4
6552428,8022538,7,3,4
6861856,7436170,3,2,1
6861856,7436170,4,4,0
6861856,7436170,5,7,-2
6898015,7587109,4,2,2
4694434,6179780,8,9,-1
4694434,6179780,9,4,5
6234968,7998074,6,5,1
6234968,7998074,9,11,-2
4521184,4841613,2,1,1
4521184,4841613,4,2,2
5136310,6513736,7,11,-4
4181477,4671432,4,10,-6
6529659,8120782,7,4,3
4423408,4695955,5,1,4
7106133,7957707,1,8,-7
7106133,7957707,3,4,-1
7106133,7957707,6,2,4
4383313,6160792,5,9,-4
4383313,6160792,10,5,5
4951575,6470808,2,1,1
4951575,6470808,3,7,-4
4951575,6470808,12,11,1
6231558,8721610,2,6,-4
6231558,8721610,6,1,5
6231558,8721610,12,3,9
6231558,8721610,13,8,5
5635449,8283453,11,10,1
8009573,8751876,4,1,3
8009573,8751876,5,7,-2
6068760,6486220,2,1,1
6068760,6486220,3,2,1
6068760,6486220,7,4,3
4529856,4792348,1,3,-2
4529856,4792348,3,9,-6
4529856,4792348,10,8,2
6080259,7260921,6,2,4
4156426,8261745,2,4,-2
8113069,8646340,13,2,11
5262460,8273451,6,4,2
7385995,7676602,6,4,2
7327276,8360373,10,8,2
7327276,8360373,13,2,11
5266006,8562833,4,9,-5
5123388,6631708,6,1,5
5123388,6631708,8,3,5
5375393,6901718,1,3,-2
7452949,7858717,5,2,3
7452949,7858717,9,4,5
6185623,8194651,5,13,-8
4042056,4335429,9,4,5
4042056,4335429,13,7,6
4263273,7108866,13,7,6
6330586,7152109,3,6,-3
6330586,7152109,12,2,10
7299868,8733459,4,2,2
4907260,7860131,1,3,-2
6258210,6544912,1,1,0
6258210,6544912,2,4,-2
6258210,6544912,3,2,1
6258210,6544912,4,3,1
6258210,6544912,7,10,-3
6258210,6544912,10,9,1
5422968,7075712,1,2,-1
5422968,7075712,3,8,-5
5422968,7075712,5,7,-2
4026548,5234392,2,13,-11
8192328,8597159,3,2,1
8192328,8597159,9,5,4
8192328,8597159,11,13,-2
6503870,7488705,5,12,-7
5090119,6079610,2,2,0
5090119,6079610,11,3,8
4414693,4972521,1,11,-10
6556437,7445430,1,2,-1
6556437,7445430,11,8,3
5263951,6302877,4,10,-6
5263951,6302877,5,11,-6
5263951,6302877,6,1,5
5263951,6302877,8,6,2
6341860,6880991,1,9,-8
6341860,6880991,2,1,1
6341860,6880991,3,3,0
6341860,6880991,4,2,2
6341860,6880991,7,5,2
4144449,6631006,5,5,0
4144449,6631006,11,2,9
5352294,6215897,3,1,2
5352294,6215897,9,5,4
6885668,7120135,7,4,3
5056985,6481749,5,6,-1
6507506,7492057,1,7,-6
6507506,7492057,5,13,-8
4356980,4830286,1,2,-1
4356980,4830286,2,1,1
4356980,4830286,3,4,-1
4356980,4830286,4,13,-9
4356980,4830286,7,8,-1
5042900,8526096,5,13,-8
4712982,7771821,7,2,5
5134337,5412579,11,9,2
6938051,8352860,1,8,-7
6938051,8352860,10,1,9
6495251,8197941,3,7,-4
6495251,8197941,7,1,6
6144342,7092315,2,6,-4
6144342,7092315,4,1,3
5640847,7601670,8,7,1
5147900,5628952,10,4,6
4669272,4780060,2,1,1
4669272,4780060,3,2,1
4669272,4780060,7,13,-6
4669272,4780060,8,12,-4
4669272,4780060,12,7,5
3981568,5029990,1,6,-5
3981568,5029990,6,7,-1
3981568,5029990,9,3,6
6150311,7001971,2,6,-4
6150311,7001971,11,4,7
6085650,6945169,1,1,0
6085650,6945169,2,4,-2
6085650,6945169,12,3,9
7292835,7697916,1,3,-2
7292835,7697916,2,1,1
7292835,7697916,4,2,2
7292835,7697916,5,4,1
7292835,7697916,9,5,4
7292835,7697916,10,6,4
7292835,7697916,12,7,5
6390362,7904388,7,1,6
6560198,6965573,4,11,-7
6438599,7729479,4,6,-2
6438599,7729479,8,13,-5
5305392,8269958,5,7,-2
4904549,7662507,1,3,-2
6560578,7660763,6,5,1
6936347,7858150,3,13,-10
6936347,7858150,9,7,2
6936347,7858150,10,5,5
6936347,7858150,12,10,2
4830497,6072897,2,4,-2
4830497,6072897,10,6,4
8001866,8549945,1,2,-1
8001866,8549945,3,9,-6
8001866,8549945,4,1,3
8001866,8549945,6,5,1
8001866,8549945,8,12,-4
5248479,7718133,2,1,1
5248479,7718133,3,8,-5
6101400,8041350,9,3,6
5103222,7123151,4,10,-6
4088154,7108015,3,1,2
4088154,7108015,4,4,0
4088154,7108015,6,5,1
6658196,7535495,7,4,3
6153495,8237228,8,3,5
6153495,8237228,10,7,3
6153495,8237228,12,2,10
4459309,5330752,9,13,-4
4705027,8287538,3,1,2
7283120,8587541,7,9,-2
5582609,6889694,2,8,-6
5582609,6889694,3,3,0
4795936,5223759,1,2,-1
4795936,5223759,3,4,-1
4795936,5223759,11,8,3
4945668,7185456,1,3,-2
4945668,7185456,2,1,1
4945668,7185456,4,10,-6
4945668,7185456,8,6,2
4945668,7185456,9,2,7
5600353,6431677,2,1,1
4828302,4969674,9,5,4
4720026,5129558,1,2,-1
4720026,5129558,3,4,-1
4720026,5129558,7,3,4
5429132,7558616,9,8,1
5032406,7632521,1,1,0
7037051,7976250,1,3,-2
7037051,7976250,5,2,3
7037051,7976250,6,6,0
7037051,7976250,8,1,7
7037051,7976250,13,8,5
6385643,8620989,10,2,8
3932294,5205951,3,9,-6
3932294,5205951,4,2,2
3932294,5205951,10,3,7
3932294,5205951,13,12,1
7781820,8551856,4,6,-2
4107077,4276050,12,1,11
5192946,6215579,1,12,-11
5192946,6215579,5,8,-3
5192946,6215579,6,4,2
7124366,7669128,1,1,0
7124366,7669128,5,3,2
5585007,6444228,1,3,-2
5585007,6444228,4,8,-4
5585007,6444228,6,1,5
5501076,7752852,1,2,-1
5501076,7752852,4,8,-4
5222512,6443613,8,1,7
5222512,6443613,11,2,9
5044030,7086179,8,11,-3
5044030,7086179,13,12,1
7051087,8387132,6,13,-7
6415612,7048038,5,6,-1
6415612,7048038,13,1,12
5627963,6321359,4,1,3
5627963,6321359,7,9,-2
5627963,6321359,12,12,0
4393076,6086911,2,6,-4
4393076,6086911,4,1,3
5200672,6664742,6,3,3
7199673,7646223,4,13,-9
7199673,7646223,11,9,2
6892479,8573981,5,3,2
6892479,8573981,12,5,7
7045738,8021138,1,8,-7
6120206,7086707,5,7,-2
6019165,6973801,2,6,-4
5191278,7728565,1,7,-6
5191278,7728565,3,6,-3
5191278,7728565,4,8,-4
5191278,7728565,8,2,6
5191278,7728565,13,10,3
5216636,5493536,2,2,0
5216636,5493536,6,3,3
5216636,5493536,13,1,12
7231079,7676078,1,1,0
7231079,7676078,5,7,-2
4333817,4568451,4,7,-3
4333817,4568451,5,3,2
4333817,4568451,9,6,3
5265119,7437172,10,9,1
6565944,7467763,2,2,0
6565944,7467763,8,3,5
6565944,7467763,9,1,8
6565944,7467763,12,6,6
6457416,7197981,2,1,1
6283917,6547732,2,2,0
6283917,6547732,5,12,-7
6283917,6547732,7,3,4
5388909,8734536,7,2,5
4405402,4632856,2,10,-8
6226082,6979571,7,12,-5
6304918,7100153,2,3,-1
6606101,7657449,2,10,-8
5010718,5343677,2,4,-2
5010718,5343677,6,11,-5
5010718,5343677,7,2,5
4762420,7375890,8,3,5
5466806,6180639,1,1,0
5466806,6180639,4,6,-2
5466806,6180639,6,7,-1
5466806,6180639,8,8,0
5466806,6180639,12,11,1
5466806,6180639,13,2,11
4228715,5549027,1,2,-1
4228715,5549027,5,3,2
4228715,5549027,8,1,7
4228715,5549027,13,4,9
4202740,5135623,1,1,0
5421299,8635985,1,2,-1
5421299,8635985,2,12,-10
5421299,8635985,3,4,-1
5351296,8676639,1,13,-12
5351296,8676639,2,10,-8
7050501,7269220,1,2,-1
7050501,7269220,4,1,3
7050501,7269220,5,7,-2
7050501,7269220,6,4,2
7050501,7269220,8,13,-5
7050501,7269220,12,8,4
7050501,7269220,13,3,10
4451072,8678451,1,2,-1
4451072,8678451,2,1,1
4451072,8678451,12,4,8
4451072,8678451,13,8,5
4980898,8076920,6,8,-2
4980898,8076920,13,1,12
4438217,7429678,2,1,1
4438217,7429678,3,11,-8
4438217,7429678,4,12,-8
4688561,7377936,11,7,4
4290404,6510746,2,4,-2
4290404,6510746,6,10,-4
4290404,6510746,9,1,8
4231568,7014599,1,3,-2
4231568,7014599,2,1,1
4231568,7014599,8,4,4
6859438,8448162,1,12,-11
4131915,4446516,7,2,5
6242804,7825510,2,9,-7
6242804,7825510,8,2,6
6242804,7825510,11,5,6
4679792,7717801,2,1,1
4679792,7717801,3,2,1
4679792,7717801,4,4,0
4679792,7717801,9,3,6
4679792,7717801,13,7,6
5250931,7119784,11,7,4
6136281,7429365,1,1,0
6136281,7429365,4,9,-5
6136281,7429365,6,4,2
6841501,7985799,2,1,1
6266755,6446187,4,12,-8
6266755,6446187,7,4,3
6266755,6446187,8,7,1
5332587,6187357,7,12,-5
7700819,8735644,6,10,-4
7700819,8735644,9,13,-4
7700819,8735644,13,3,10
6119335,7749899,2,6,-4
6119335,7749899,9,10,-1
5605730,7121992,1,3,-2
5327524,5493410,1,3,-2
6275463,7227819,2,6,-4
6275463,7227819,3,2,1
6275463,7227819,6,11,-5
6275463,7227819,9,5,4
6865255,7141806,3,1,2
4836176,4949697,1,3,-2
4836176,4949697,7,5,2
4836176,4949697,11,1,10
4836176,4949697,13,9,4
6084634,6661929,1,1,0
6084634,6661929,5,3,2
6084634,6661929,9,4,5
4284659,4674176,2,3,-1
6993047,7746903,1,1,0
6993047,7746903,11,9,2
7135030,8749116,1,1,0
7135030,8749116,2,4,-2
7135030,8749116,10,5,5
6477047,7123037,4,2,2
6477047,7123037,5,1,4
5037427,7632307,9,4,5
7654050,8733043,2,1,1
7654050,8733043,3,2,1
4070345,4153775,3,1,2
4890257,7864151,5,9,-4
4672213,8415521,3,3,0
4672213,8415521,5,5,0
6349290,8607138,3,11,-8
6349290,8607138,7,13,-6
5350410,6226551,1,12,-11
5350410,6226551,4,9,-5
5350410,6226551,11,13,-2
5350410,6226551,12,7,5
4612383,4992523,6,3,3
5562777,8669393,9,8,1
6928761,7966758,2,4,-2
6928761,7966758,6,2,4
6928761,7966758,11,6,5
5173429,8691553,4,11,-7
4449202,5305441,6,3,3
4897533,7721956,2,3,-1
4739762,6652572,1,4,-3
4739762,6652572,2,9,-7
4163867,6254206,4,6,-2
4230822,8262867,3,4,-1
4230822,8262867,5,5,0
4230822,8262867,6,12,-6
4328803,5336767,1,1,0
6520983,8092509,1,1,0
6520983,8092509,3,2,1
6520983,8092509,10,8,2
7221261,7793137,3,11,-8
7221261,7793137,7,4,3
5087989,8608648,1,1,0
6177016,7799230,3,2,1
6341485,8015817,1,7,-6
6341485,8015817,6,3,3
6341485,8015817,8,4,4
4424691,7793527,5,2,3
4424691,7793527,10,6,4
5203474,6915925,4,4,0
5203474,6915925,6,11,-5
5203474,6915925,10,7,3
5294578,7060644,1,7,-6
5294578,7060644,2,2,0
5294578,7060644,3,3,0
6138310,7640614,1,2,-1
6138310,7640614,8,1,7
6138310,7640614,12,4,8
6138310,7640614,13,12,1
5113499,7917631,4,2,2
5113499,7917631,12,7,5
5626571,8541642,3,13,-10
5225445,7776895,1,4,-3
6172082,6500832,1,1,0
6172082,6500832,2,2,0
6172082,6500832,3,3,0
6172082,6500832,4,4,0
6172082,6500832,5,5,0
6172082,6500832,6,6,0
6172082,6500832,7,7,0
6172082,6500832,8,8,0
6172082,6500832,9,9,0
6172082,6500832,10,10,0
6172082,6500832,11,11,0
6172082,6500832,12,12,0
6172082,6500832,13,13,0
7650699,7874077,1,13,-12
7650699,7874077,2,12,-10
4995759,5450703,1,5,-4
6232802,7157924,4,1,3
6232802,7157924,6,8,-2
6232802,7157924,8,2,6
7113036,8639192,6,4,2
7113036,8639192,7,1,6
4894240,5470584,1,1,0
4894240,5470584,2,6,-4
4894240,5470584,11,2,9
5395401,7297161,13,10,3
6092036,7721271,1,1,0
6092036,7721271,3,2,1
6092036,7721271,4,3,1
6092036,7721271,7,8,-1
6092036,7721271,8,10,-2
5389715,7776177,5,9,-4
4849796,5012298,1,3,-2
4849796,5012298,3,1,2
4849796,5012298,7,11,-4
5606354,6530642,4,4,0
5606354,6530642,5,13,-8
5606354,6530642,11,6,5
5494483,7170677,6,2,4
5584025,7107286,5,5,0
5584025,7107286,7,3,4
5584025,7107286,12,12,0
6529824,7499946,2,8,-6
5641405,8235931,7,4,3
5641405,8235931,11,3,8
6214183,7718080,8,3,5
6214183,7718080,11,5,6
4063991,7727407,13,6,7
6221592,7897345,8,2,6
6221592,7897345,10,6,4
6442666,7594024,10,6,4
5034769,8008892,8,8,0
5132972,6314557,1,2,-1
5132972,6314557,3,6,-3
5132972,6314557,10,12,-2
5132972,6314557,13,1,12
5020534,5318017,8,2,6
5189403,8576177,12,11,1
5074322,6968982,1,1,0
4389895,7201057,7,11,-4
4389895,7201057,8,7,1
5416859,7079714,7,6,1
5416859,7079714,12,1,11
5451165,6296171,1,3,-2
5451165,6296171,3,9,-6
5451165,6296171,7,6,1
5336598,8748103,5,10,-5
7000797,8567158,5,6,-1
4816904,7487525,6,6,0
7268293,7872390,1,4,-3
7268293,7872390,4,3,1
4894054,5643222,8,1,7
4894054,5643222,11,9,2
6400584,7760521,2,5,-3
6400584,7760521,6,3,3
4043559,7749058,1,4,-3
4043559,7749058,2,1,1
4043559,7749058,5,12,-7
6578656,7270200,2,5,-3
6578656,7270200,9,10,-1
6314624,6918810,2,6,-4
6314624,6918810,3,12,-9
6314624,6918810,7,4,3
6314624,6918810,9,5,4
6314624,6918810,12,10,2
5061273,6387060,3,10,-7
5609151,8287526,1,4,-3
5609151,8287526,2,2,0
5623413,7222083,1,1,0
5623413,7222083,2,6,-4
5623413,7222083,3,7,-4
5623413,7222083,4,8,-4
5623413,7222083,5,9,-4
5623413,7222083,6,10,-4
5623413,7222083,7,11,-4
5623413,7222083,8,3,5
6633504,7224631,1,1,0
6633504,7224631,2,10,-8
6633504,7224631,3,6,-3
6633504,7224631,6,12,-6
4523211,7019332,4,3,1
4523211,7019332,5,11,-6
6063089,8388660,12,1,11
6063089,8388660,13,11,2
4932533,6877415,4,11,-7
4858605,5127397,13,4,9
7699350,8739711,1,6,-5
7013361,8726064,11,10,1
4383567,5046541,1,1,0
4383567,5046541,2,5,-3
4383567,5046541,3,7,-4
4383567,5046541,5,6,-1
6155736,8337109,9,12,-3
6084542,7284420,6,12,-6
6442543,7933910,13,5,8
5336298,7811359,2,4,-2
5336298,7811359,5,1,4
5336298,7811359,6,5,1
7062661,7770038,2,8,-6
7062661,7770038,3,3,0
7062661,7770038,5,6,-1
7062661,7770038,6,4,2
5299717,7497358,1,1,0
5299717,7497358,2,3,-1
5299717,7497358,4,9,-5
5299717,7497358,10,8,2
5299717,7497358,11,10,1
7031831,8606514,1,1,0
4162531,8515284,3,4,-1
4027136,4669742,2,1,1
6073596,6196172,1,10,-9
6073596,6196172,4,3,1
6073596,6196172,12,5,7
6876958,8340812,9,13,-4
7550119,8302384,3,1,2
7550119,8302384,5,4,1
5027818,6167145,7,9,-2
4575025,4778127,1,1,0
4575025,4778127,2,3,-1
4575025,4778127,6,2,4
4575025,4778127,12,8,4
5243639,6065165,1,4,-3
5243639,6065165,4,3,1
6134518,7660358,8,3,5
4666430,5024664,2,4,-2
4363121,6078877,5,5,0
6928223,7106773,1,13,-12
6928223,7106773,2,7,-5
6928223,7106773,3,1,2
6744046,7391020,12,1,11
7720183,8208588,2,7,-5
7720183,8208588,3,9,-6
7720183,8208588,4,3,1
7720183,8208588,8,5,3
6367013,6950934,6,2,4
5125675,6205929,1,1,0
5125675,6205929,7,7,0
5359346,7030412,2,8,-6
5359346,7030412,6,5,1
4366301,5300535,1,4,-3
4366301,5300535,8,9,-1
4703597,7677008,1,1,0
4570586,7363902,3,2,1
4570586,7363902,4,4,0
4570586,7363902,6,7,-1
4999837,6519718,1,7,-6
4999837,6519718,2,9,-7
6410924,7679054,4,8,-4
6410924,7679054,5,2,3
6410924,7679054,7,10,-3
6410924,7679054,8,4,4
6410924,7679054,11,1,10
4562938,4993590,1,2,-1
4562938,4993590,2,3,-1
4562938,4993590,7,1,6
5336232,8414577,2,1,1
6561014,7124021,3,3,0
6561014,7124021,5,6,-1
6561014,7124021,10,1,9
6561014,7124021,11,7,4
6561014,7124021,12,4,8
4270725,6129330,1,4,-3
4270725,6129330,2,6,-4
4270725,6129330,6,7,-1
4270725,6129330,7,1,6
6096070,7803406,3,4,-1
6096070,7803406,9,5,4
6196344,6301529,1,2,-1
6196344,6301529,13,8,5
5270547,7855370,2,2,0
3938089,5262626,1,3,-2
6488584,7979612,11,2,9
4273351,6669269,1,1,0
4273351,6669269,2,6,-4
4273351,6669269,5,2,3
4273351,6669269,11,11,0
4549182,6486768,2,3,-1
6521849,7462791,1,3,-2
6521849,7462791,2,1,1
6521849,7462791,8,2,6
5028515,5273867,1,6,-5
6337065,6531500,4,12,-8
5395094,6503292,1,1,0
5395094,6503292,3,3,0
5026748,7183003,3,8,-5
4146247,4722613,1,1,0
4146247,4722613,3,2,1
4146247,4722613,4,3,1
4146247,4722613,12,6,6
5210666,7116521,3,1,2
5210666,7116521,6,9,-3
5210666,7116521,7,10,-3
4461312,7171969,1,3,-2
4461312,7171969,2,1,1
5467405,7762380,3,4,-1
5467405,7762380,7,7,0
5327887,7618383,1,1,0
5327887,7618383,7,5,2
4928087,5327122,3,3,0
4928087,5327122,11,10,1
5001646,7440825,1,7,-6
4639655,5523671,1,2,-1
4639655,5523671,2,1,1
4639655,5523671,7,11,-4
4639655,5523671,9,8,1
7090234,8544587,4,2,2
7090234,8544587,7,10,-3
7090234,8544587,9,6,3
7090234,8544587,10,7,3
4501668,4724142,6,5,1
4501668,4724142,12,8,4
4501668,4724142,13,10,3
3946130,7140741,1,2,-1
3946130,7140741,3,1,2
4702486,6203041,4,8,-4
6193635,8002680,11,11,0
4723952,8070737,1,6,-5
4723952,8070737,2,1,1
4723952,8070737,5,3,2
4981679,8486375,4,2,2
4981679,8486375,5,4,1
4981679,8486375,11,10,1
7406499,8209294,3,2,1
7406499,8209294,5,1,4
4449783,5019301,2,11,-9
4449783,5019301,3,1,2
4449783,5019301,7,3,4
4014655,4491489,2,6,-4
4014655,4491489,4,5,-1
4097228,6558526,8,1,7
4097228,6558526,9,13,-4
4921574,6126785,3,4,-1
7200837,7735061,2,7,-5
4752738,4899108,1,1,0
4752738,4899108,5,5,0
5141316,6577402,8,6,2
6591051,8340490,2,7,-5
6591051,8340490,7,3,4
4754736,5144931,1,1,0
4754736,5144931,2,2,0
4754736,5144931,3,5,-2
4754736,5144931,8,13,-5
4754736,5144931,9,8,1
4754736,5144931,11,11,0
4447356,5264371,1,2,-1
4597080,6898544,1,4,-3
4597080,6898544,2,8,-6
4597080,6898544,11,13,-2
4159443,4882517,3,1,2
6182139,8667175,1,1,0
6182139,8667175,2,2,0
4694042,7612134,2,1,1
4694042,7612134,6,5,1
7840681,8538458,5,13,-8
7840681,8538458,13,5,8
4417814,4544844,4,4,0
4417814,4544844,6,5,1
4417814,4544844,11,2,9
5499280,6445760,4,12,-8
5499280,6445760,12,2,10
4167040,6474552,1,1,0
4929410,5429789,2,6,-4
4522211,5012810,4,2,2
4522211,5012810,9,13,-4
6892013,7477383,3,4,-1
6892013,7477383,6,7,-1
5492117,7945462,5,2,3
5323047,6284584,7,13,-6
5406495,7058482,4,4,0
5406495,7058482,6,5,1
5406495,7058482,8,11,-3
5280476,6539019,2,6,-4
5280476,6539019,11,8,3
6331987,7924813,1,3,-2
6850148,7142816,3,9,-6
6125390,8468372,4,3,1
6125390,8468372,11,2,9
4998933,6120499,2,1,1
4998933,6120499,5,2,3
4998933,6120499,6,5,1
5505709,6656158,4,3,1
7169076,7857080,1,8,-7
6928348,7908051,10,2,8
4187404,5323257,2,2,0
4187404,5323257,11,9,2
6519485,7189226,4,3,1
6519485,7189226,12,1,11
6668828,8381729,5,6,-1
4821662,5343401,1,3,-2
4821662,5343401,2,1,1
4821662,5343401,4,2,2
4846610,6948896,4,4,0
4067237,8336611,1,3,-2
4067237,8336611,2,4,-2
6284656,7670469,1,1,0
6284656,7670469,6,7,-1
6284656,7670469,7,9,-2
6284656,7670469,9,10,-1
6284656,7670469,10,11,-1
6284656,7670469,11,13,-2
8140975,8341543,7,4,3
8140975,8341543,11,9,2
6189586,8079391,3,1,2
6189586,8079391,6,8,-2
6189586,8079391,13,9,4
5400228,7572028,10,2,8
6452990,7688538,1,1,0
6452990,7688538,7,3,4
6452990,7688538,11,2,9
6551270,8414487,5,2,3
6551270,8414487,13,4,9
4145456,4405655,1,4,-3
4145456,4405655,2,1,1
4145456,4405655,4,3,1
4145456,4405655,7,5,2
4145456,4405655,8,7,1
6336371,6554318,9,5,4
6336371,6554318,10,10,0
5520700,6328744,1,5,-4
5520700,6328744,4,1,3
5520700,6328744,10,12,-2
6329731,7579725,5,9,-4
6329731,7579725,8,1,7
6250773,7816864,9,4,5
6250773,7816864,10,10,0
6274528,6806219,1,12,-11
6274528,6806219,4,9,-5
6274528,6806219,6,13,-7
7225297,7412564,1,3,-2
7225297,7412564,5,12,-7
7225297,7412564,7,1,6
6477614,7539800,1,1,0
6477614,7539800,2,4,-2
6240797,7347115,2,3,-1
6240797,7347115,4,7,-3
6240797,7347115,9,2,7
6468882,7905957,5,3,2
6468882,7905957,8,2,6
6468882,7905957,12,5,7
4873426,5412196,1,4,-3
4873426,5412196,2,1,1
5402527,6476927,1,1,0
5402527,6476927,2,2,0
5144068,8704013,3,6,-3
5144068,8704013,5,10,-5
5144068,8704013,6,8,-2
5144068,8704013,9,12,-3
5144068,8704013,10,3,7
4406347,7757443,3,1,2
4406347,7757443,8,3,5
4406347,7757443,12,4,8
6132460,6558415,4,1,3
6132460,6558415,8,4,4
7773624,8422463,1,3,-2
7773624,8422463,10,6,4
4106952,4224082,1,2,-1
4106952,4224082,6,6,0
6125633,7966741,8,12,-4
4546476,7412135,1,2,-1
4546476,7412135,7,10,-3
4546476,7412135,9,7,2
4546476,7412135,10,4,6
4495917,6662035,1,6,-5
4495917,6662035,2,12,-10
4495917,6662035,5,2,3
5276312,8105149,2,2,0
5276312,8105149,11,10,1
4796005,5287285,1,3,-2
5168451,7113110,13,4,9
4419005,4841334,2,7,-5
4419005,4841334,6,6,0
5059169,6929663,1,4,-3
5059169,6929663,2,3,-1
5059169,6929663,3,2,1
7043530,8458285,9,1,8
4060445,4229246,2,2,0
4060445,4229246,4,3,1
4060445,4229246,6,6,0
4060445,4229246,8,12,-4
5564615,7631794,1,1,0
5564615,7631794,12,11,1
4128104,6457282,1,1,0
4128104,6457282,3,13,-10
6542794,8135804,3,4,-1
6309884,8195265,2,2,0
5288077,8545321,10,7,3
5288077,8545321,11,10,1
6284274,8753611,10,10,0
4396460,5362669,7,8,-1
4396460,5362669,9,7,2
7762840,8337249,1,3,-2
7762840,8337249,5,5,0
5068714,6906114,4,10,-6
4265372,7086110,6,3,3
7689440,8223021,3,9,-6
4764269,7223714,2,2,0
4764269,7223714,3,4,-1
4764269,7223714,4,3,1
4764269,7223714,7,13,-6
3942273,7096614,4,2,2
3942273,7096614,6,8,-2
3942273,7096614,9,1,8
6778755,7283720,10,5,5
4336173,7989614,1,12,-11
7555300,8391882,2,7,-5
6492216,8748292,1,6,-5
6492216,8748292,2,1,1
6492216,8748292,12,3,9
4917858,6852273,2,1,1
4917858,6852273,8,13,-5
4917858,6852273,13,12,1
4943613,6281261,7,6,1
4943613,6281261,11,1,10
4782312,5321374,1,1,0
4782312,5321374,4,11,-7
6243214,6424469,1,1,0
6243214,6424469,3,3,0
6243214,6424469,5,4,1
6243214,6424469,10,6,4
6243214,6424469,13,2,11
5560734,8133540,13,3,10
4383634,4665916,1,4,-3
4383634,4665916,2,3,-1
4383634,4665916,12,6,6
5489639,7728048,1,12,-11
5489639,7728048,4,3,1
5330897,6511807,7,4,3
5330897,6511807,11,7,4
7501251,8476415,2,3,-1
7501251,8476415,4,1,3
7501251,8476415,6,10,-4
7501251,8476415,11,6,5
4687885,7050045,1,10,-9
6640244,7500133,1,13,-12
6640244,7500133,4,2,2
4394700,4644521,1,1,0
4394700,4644521,8,11,-3
5131371,6516782,2,6,-4
5131371,6516782,11,1,10
6384270,7067703,1,12,-11
4757332,5581291,1,6,-5
4757332,5581291,5,13,-8
4757332,5581291,9,11,-2
6980578,7675950,5,10,-5
6980578,7675950,9,1,8
6052695,7065541,1,4,-3
6052695,7065541,2,3,-1
6052695,7065541,6,7,-1
4393291,6664494,11,12,-1
6172085,7125676,2,6,-4
6172085,7125676,7,10,-3
7730172,8522248,6,1,5
6964662,8303582,9,7,2
4503027,4554149,2,2,0
4503027,4554149,3,6,-3
4503027,4554149,4,5,-1
4503027,4554149,5,11,-6
4503027,4554149,6,12,-6
4503027,4554149,12,10,2
3957112,6632112,2,10,-8
3957112,6632112,6,3,3
6132450,6626938,3,2,1
6431902,7118281,4,6,-2
6431902,7118281,6,10,-4
4952019,6903379,2,2,0
4952019,6903379,4,5,-1
4952019,6903379,7,3,4
6652486,7618395,2,1,1
6652486,7618395,9,5,4
5174979,6503299,9,2,7
3972902,5262516,5,7,-2
5034809,6538624,1,13,-12
4886646,7700363,6,1,5
4886646,7700363,8,2,6
6121572,7547861,2,11,-9
4732152,8425591,2,5,-3
4732152,8425591,5,6,-1
6295449,7599995,1,8,-7
5281849,7064009,2,4,-2
5281849,7064009,5,10,-5
4487885,7064163,1,11,-10
4487885,7064163,10,2,8
6259785,7471786,1,10,-9
6259785,7471786,3,9,-6
6259785,7471786,4,2,2
5647953,6246473,2,1,1
4396087,5581129,1,10,-9
4396087,5581129,2,5,-3
4022019,5595062,1,3,-2
4022019,5595062,2,4,-2
4022019,5595062,6,6,0
4022019,5595062,12,5,7
4987693,5140766,1,1,0
4987693,5140766,2,2,0
4987693,5140766,4,6,-2
4987693,5140766,11,9,2
4054145,4799501,1,7,-6
4917058,5216987,4,2,2
4917058,5216987,5,10,-5
4917058,5216987,6,1,5
6075543,7681112,4,8,-4
6415762,7093579,2,2,0
6149644,8109924,3,1,2
4909025,7877976,11,7,4
4923312,8066435,2,7,-5
4923312,8066435,3,9,-6
4923312,8066435,4,3,1
4923312,8066435,5,8,-3
4923312,8066435,7,5,2
4038987,4887612,1,2,-1
4038987,4887612,3,3,0
4168665,8544878,2,4,-2
7407659,7846433,1,1,0
7407659,7846433,2,2,0
7407659,7846433,3,3,0
7407659,7846433,4,4,0
7407659,7846433,5,5,0
7407659,7846433,6,6,0
7407659,7846433,7,7,0
7407659,7846433,8,12,-4
7407659,7846433,9,8,1
7407659,7846433,10,10,0
7407659,7846433,11,11,0
7407659,7846433,12,13,-1
5243339,8494691,1,5,-4
5243339,8494691,8,11,-3
3940740,4778771,2,9,-7
3940740,4778771,9,12,-3
6891355,8659184,1,6,-5
6891355,8659184,5,3,2
6891355,8659184,8,2,6
5226130,6604190,1,1,0
5226130,6604190,4,2,2
5226130,6604190,7,3,4
4862373,5119006,2,1,1
7505016,8330704,6,8,-2
3930310,7131205,7,1,6
7401805,7980590,13,1,12
4783812,7554027,7,4,3
4450378,5334900,1,1,0
4450378,5334900,2,3,-1
6609813,8070325,1,7,-6
6609813,8070325,2,1,1
5218356,6446761,4,3,1
5599749,6577058,1,4,-3
5639486,7252796,1,1,0
5639486,7252796,6,2,4
4702566,6597489,1,2,-1
4702566,6597489,4,1,3
4702566,6597489,5,6,-1
5063095,8647745,1,10,-9
6265765,7161370,9,5,4
6154548,7142679,2,1,1
6154548,7142679,4,2,2
4610027,5049880,1,6,-5
4610027,5049880,5,1,4
4610027,5049880,10,13,-3
7174975,8281875,6,11,-5
7174975,8281875,7,7,0
4852668,7909116,6,5,1
4852668,7909116,8,10,-2
5373544,6069934,1,4,-3
5373544,6069934,5,1,4
4788756,6084681,7,2,5
4932368,8707931,1,10,-9
4932368,8707931,3,7,-4
4932368,8707931,11,3,8
7165297,8732919,1,4,-3
7165297,8732919,5,3,2
7165297,8732919,10,12,-2
6516227,7702385,2,1,1
6516227,7702385,12,2,10
4634300,5228786,7,4,3
4634300,5228786,8,5,3
4634300,5228786,9,10,-1
4634300,5228786,10,11,-1
4634300,5228786,13,9,4
5631798,7747356,2,4,-2
5631798,7747356,3,12,-9
7587749,8656068,8,5,3
4609397,5008393,3,1,2
4078334,8112939,2,1,1
5003196,5420798,1,1,0
5003196,5420798,9,3,6
6876887,7077862,2,2,0
5359313,5479146,7,2,5
7716157,8285008,8,12,-4
4563661,6277436,2,2,0
4006793,5220137,2,3,-1
4006793,5220137,3,1,2
6316222,8026072,11,3,8
7335742,8674083,1,1,0
7335742,8674083,2,2,0
7335742,8674083,3,3,0
7335742,8674083,4,4,0
7335742,8674083,5,5,0
7335742,8674083,6,6,0
7335742,8674083,7,7,0
7335742,8674083,8,8,0
7335742,8674083,9,9,0
7335742,8674083,10,10,0
7335742,8674083,11,11,0
7335742,8674083,12,12,0
7335742,8674083,13,13,0
6168884,8211496,2,5,-3
4946039,6547204,1,2,-1
4946039,6547204,2,1,1
6219771,7260636,8,4,4
6219771,7260636,9,6,3
6457126,8255620,1,7,-6
6457126,8255620,4,5,-1
6457126,8255620,5,3,2
6457126,8255620,10,12,-2
6130185,8670009,12,1,11
6276456,7789588,5,1,4
6276456,7789588,7,2,5
6494523,7730669,8,8,0
4759466,6375283,12,9,3
4068521,5176631,2,7,-5
4068521,5176631,8,2,6
4115923,6470584,3,9,-6
4115923,6470584,7,1,6
4555775,4829294,6,1,5
4555775,4829294,7,2,5
5617401,7778120,1,9,-8
5617401,7778120,10,5,5
4489164,4816414,4,7,-3
5522073,8473922,2,3,-1
6897733,7868669,1,3,-2
6897733,7868669,2,5,-3
6897733,7868669,9,2,7
5562241,8113408,2,2,0
5562241,8113408,10,11,-1
5486073,7070363,1,1,0
5486073,7070363,2,5,-3
5486073,7070363,9,11,-2
7911089,8497610,1,11,-10
7911089,8497610,6,10,-4
7911089,8497610,8,4,4
7911089,8497610,10,1,9
7911089,8497610,13,8,5
5059568,5409597,4,1,3
5059568,5409597,5,2,3
5129183,7681356,6,5,1
4277056,7194344,10,7,3
4896149,5408226,9,10,-1
4211401,8357054,6,2,4
4211401,8357054,11,5,6
4449975,7722571,2,1,1
4449975,7722571,7,7,0
4175555,6632224,2,1,1
5398562,8561502,4,10,-6
5398562,8561502,5,6,-1
5398562,8561502,7,3,4
5398562,8561502,9,1,8
6625650,7411965,9,5,4
4747921,5385658,3,5,-2
5293310,8069054,6,2,4
6423010,7846106,5,8,-3
6423010,7846106,10,10,0
5051598,7498591,1,2,-1
5051598,7498591,2,7,-5
5051598,7498591,3,1,2
5051598,7498591,5,3,2
7233830,8190274,3,7,-4
7233830,8190274,6,4,2
4393184,5403901,1,10,-9
4393184,5403901,2,1,1
4393184,5403901,3,3,0
4393184,5403901,5,2,3
6878286,7754070,1,1,0
6878286,7754070,2,2,0
6878286,7754070,3,3,0
6878286,7754070,4,4,0
6878286,7754070,5,5,0
6878286,7754070,6,6,0
6878286,7754070,7,7,0
6878286,7754070,8,10,-2
6878286,7754070,9,11,-2
6878286,7754070,10,12,-2
6878286,7754070,11,13,-2
5122795,6134453,7,8,-1
4977991,7487954,1,5,-4
4977991,7487954,5,2,3
5388640,8281861,8,7,1
4368348,7574878,1,3,-2
4368348,7574878,4,5,-1
6877748,7530572,1,7,-6
6877748,7530572,2,3,-1
6877748,7530572,5,2,3
6877748,7530572,6,11,-5
6877748,7530572,8,4,4
6877748,7530572,9,5,4
5081990,6094598,2,13,-11
5081990,6094598,5,4,1
5556397,7951141,1,5,-4
5556397,7951141,2,4,-2
5556397,7951141,6,10,-4
6261433,6875322,1,3,-2
5335664,7197357,4,3,1
5335664,7197357,5,7,-2
5153842,7529563,1,10,-9
6439326,7198119,3,9,-6
6439326,7198119,4,12,-8
4622139,6436285,4,1,3
6397316,8686838,1,3,-2
6963417,7990970,2,1,1
6963417,7990970,13,2,11
3984252,6284686,1,1,0
4207188,5308493,8,2,6
4941471,7856269,3,2,1
4941471,7856269,9,1,8
4941471,7856269,13,10,3
5390666,6076523,2,5,-3
5390666,6076523,9,6,3
6434622,8572278,10,3,7
5315586,6282197,1,1,0
5315586,6282197,11,11,0
5484446,7147642,7,13,-6
4377011,6886195,1,2,-1
4377011,6886195,2,5,-3
3947757,6294896,3,6,-3
5499288,6535582,4,6,-2
5499288,6535582,6,1,5
5231047,8193028,13,11,2
5105539,7721527,6,12,-6
5355283,7397001,1,8,-7
5355283,7397001,3,5,-2
5355283,7397001,4,7,-3
6444712,7102048,1,1,0
6444712,7102048,5,7,-2
6473858,7457414,9,11,-2
6473858,7457414,11,3,8
6473858,7457414,13,1,12
4390931,4670822,1,1,0
4390931,4670822,2,13,-11
5637561,6517840,3,1,2
5637561,6517840,4,11,-7
5411647,7276029,3,3,0
6461607,8192733,1,1,0
4674499,6923805,5,1,4
7321015,7754834,11,13,-2
7158736,8417152,1,6,-5
7158736,8417152,6,8,-2
7158736,8417152,9,4,5
4902538,6127000,6,5,1
4902538,6127000,7,11,-4
5188739,5264009,1,1,0
5188739,5264009,2,2,0
5188739,5264009,3,3,0
5188739,5264009,4,5,-1
5188739,5264009,5,8,-3
5188739,5264009,6,4,2
5188739,5264009,7,6,1
5188739,5264009,8,9,-1
5188739,5264009,9,11,-2
5349713,7344101,1,1,0
5349713,7344101,4,3,1
5349713,7344101,13,2,11
4109308,7339414,1,8,-7
4109308,7339414,2,13,-11
4109308,7339414,7,1,6
4109308,7339414,11,7,4
6278981,7792722,2,12,-10
5202957,6237025,11,5,6
6438973,8226475,4,5,-1
5270358,8679523,7,9,-2
5270358,8679523,10,3,7
7170901,8340136,1,1,0
4282366,8257780,3,3,0
4554036,4824631,1,13,-12
4457411,5226513,1,2,-1
4457411,5226513,11,4,7
6994726,8118926,2,2,0
6994726,8118926,10,8,2
6994726,8118926,11,1,10
6994726,8118926,12,10,2
6581047,7209595,9,8,1
5626587,8113410,4,2,2
5626587,8113410,12,4,8
5626587,8113410,13,7,6
5522601,6065755,1,5,-4
5522601,6065755,5,1,4
4302565,6436869,1,8,-7
4225457,8523962,3,10,-7
4225457,8523962,7,4,3
6920892,7721761,2,1,1
4151666,4545838,5,10,-5
4151666,4545838,6,2,4
4068987,7228935,4,3,1
4068987,7228935,5,2,3
5047935,5638271,12,9,3
4127235,8273330,2,10,-8
5160341,6391051,1,1,0
5160341,6391051,4,8,-4
6236918,7546407,5,10,-5
6471637,7956887,2,1,1
6471637,7956887,3,5,-2
6471637,7956887,4,2,2
6471637,7956887,6,3,3
6471637,7956887,11,8,3
6304770,7699783,1,1,0
6304770,7699783,9,4,5
4394649,4952927,1,2,-1
4394649,4952927,5,4,1
5046324,6427772,1,2,-1
5046324,6427772,2,8,-6
5046324,6427772,9,6,3
6989167,8110240,1,1,0
6989167,8110240,2,2,0
6989167,8110240,3,12,-9
6989167,8110240,9,10,-1
6989167,8110240,10,5,5
8046110,8332077,2,13,-11
8046110,8332077,4,1,3
8046110,8332077,9,2,7
5110573,7344631,3,8,-5
6268438,7063879,5,3,2
6268438,7063879,11,11,0
7703748,7950627,1,1,0
7703748,7950627,2,5,-3
7703748,7950627,3,3,0
7703748,7950627,4,6,-2
7703748,7950627,5,2,3
7703748,7950627,6,4,2
7703748,7950627,7,8,-1
7703748,7950627,8,9,-1
7703748,7950627,9,10,-1
7703748,7950627,10,11,-1
7703748,7950627,11,12,-1
7703748,7950627,12,13,-1
7703748,7950627,13,7,6
4640861,5068142,4,12,-8
4640861,5068142,5,4,1
4640861,5068142,6,1,5
4047775,4989506,1,1,0
4047775,4989506,3,5,-2
4047775,4989506,4,6,-2
4047775,4989506,13,9,4
6345895,7813039,1,12,-11
6345895,7813039,5,3,2
6226830,8239992,10,5,5
6566235,8551866,2,6,-4
6566235,8551866,10,1,9
5124769,6600534,2,11,-9
6342928,7209188,3,3,0
6342928,7209188,7,9,-2
6342928,7209188,13,4,9
6833365,7935687,3,2,1
6833365,7935687,4,5,-1
6833365,7935687,8,7,1
6833365,7935687,13,11,2
6366744,8749817,1,1,0
5295012,6348985,4,10,-6
5295012,6348985,9,9,0
5295012,6348985,10,7,3
5295012,6348985,13,13,0
4996527,5313530,3,11,-8
4996527,5313530,11,8,3
5107831,6332463,3,3,0
5182570,7777630,6,3,3
5182570,7777630,9,12,-3
6936845,7566901,2,3,-1
6936845,7566901,3,2,1
6936845,7566901,4,4,0
6936845,7566901,5,9,-4
6936845,7566901,6,12,-6
6936845,7566901,7,13,-6
6936845,7566901,8,1,7
6936845,7566901,9,6,3
6936845,7566901,10,7,3
6936845,7566901,13,10,3
4259093,7662348,9,6,3
4259093,7662348,10,9,1
4259093,7662348,11,10,1
7980317,8660134,13,8,5
7298264,7952480,1,1,0
7298264,7952480,2,2,0
7298264,7952480,3,3,0
7298264,7952480,4,4,0
7298264,7952480,5,5,0
7298264,7952480,6,6,0
7298264,7952480,7,7,0
7298264,7952480,8,8,0
7298264,7952480,9,9,0
7298264,7952480,10,10,0
7298264,7952480,11,11,0
7298264,7952480,12,12,0
7298264,7952480,13,13,0
6038348,7119813,7,7,0
6038348,7119813,10,13,-3
6122250,7623445,5,2,3
6122250,7623445,8,5,3
4207601,4366515,10,2,8
5110493,5459157,3,2,1
5110493,5459157,8,3,5
7189090,7690923,4,7,-3
7189090,7690923,8,4,4
7189090,7690923,11,5,6
5517353,8451534,1,9,-8
5517353,8451534,3,10,-7
5517353,8451534,6,4,2
5517353,8451534,11,11,0
4074591,4779699,1,3,-2
7486931,8654815,2,3,-1
7486931,8654815,5,13,-8
7486931,8654815,7,7,0
5483453,7728721,3,4,-1
4556353,8739730,2,11,-9
4556353,8739730,4,1,3
6535215,7064762,2,7,-5
5305613,8560124,4,5,-1
7945281,8385216,4,6,-2
7945281,8385216,6,5,1
4108296,5131518,1,1,0
4108296,5131518,4,7,-3
6222932,8745403,1,6,-5
6067502,8200418,2,13,-11
6067502,8200418,10,11,-1
6067502,8200418,12,1,11
6971036,7148745,3,3,0
6971036,7148745,8,5,3
6971036,7148745,11,9,2
4359490,6171943,6,2,4
4359490,6171943,7,7,0
4359490,6171943,9,12,-3
6870399,7787830,2,1,1
6870399,7787830,4,12,-8
6870399,7787830,11,3,8
6870399,7787830,13,8,5
6534085,8362297,2,3,-1
6534085,8362297,4,2,2
6429135,8080453,2,10,-8
6429135,8080453,3,3,0
6429135,8080453,4,1,3
6429135,8080453,6,2,4
6429135,8080453,8,7,1
4803617,8327114,1,2,-1
4245914,4661845,1,1,0
4245914,4661845,4,4,0
4245914,4661845,5,11,-6
4245914,4661845,7,2,5
4245914,4661845,11,13,-2
5061253,5280876,12,13,-1
5635976,7098468,3,11,-8
5635976,7098468,7,2,5
5635976,7098468,12,8,4
7662172,8444681,4,11,-7
6943624,8577313,2,5,-3
6943624,8577313,12,9,3
7666205,8231678,7,11,-4
6326699,7102221,6,5,1
4936844,8454612,6,13,-7
6188795,7408488,7,12,-5
6188795,7408488,8,6,2
6188795,7408488,9,11,-2
6188795,7408488,11,7,4
5157634,7567477,2,9,-7
5157634,7567477,7,5,2
5157634,7567477,8,12,-4
6415877,7490672,1,5,-4
6415877,7490672,2,4,-2
6415877,7490672,3,1,2
5357122,6121158,7,9,-2
4623237,4684995,2,1,1
6424743,7137076,1,6,-5
6424743,7137076,3,7,-4
6424743,7137076,8,1,7
6424743,7137076,13,9,4
6201047,6486238,5,13,-8
6201047,6486238,9,8,1
4744674,7950851,1,1,0
5268319,6908817,1,11,-10
5268319,6908817,5,4,1
6068910,6551688,1,2,-1
6068910,6551688,2,1,1
6068910,6551688,3,11,-8
6068910,6551688,11,5,6
6068910,6551688,12,6,6
4682518,6855085,1,1,0
4682518,6855085,3,8,-5
4682518,6855085,4,5,-1
4447166,4669898,3,5,-2
4447166,4669898,4,9,-5
4447166,4669898,5,8,-3
4447166,4669898,6,1,5
4447166,4669898,7,6,1
5053044,7771444,3,4,-1
4007599,7073457,7,8,-1
6522573,8223532,2,2,0
6522573,8223532,3,5,-2
6522573,8223532,9,1,8
4677061,5607675,6,3,3
5238736,6667378,13,3,10
5346621,6503451,1,5,-4
5346621,6503451,2,10,-8
5346621,6503451,3,3,0
5346621,6503451,4,13,-9
5346621,6503451,5,2,3
5346621,6503451,11,6,5
5006010,6315491,4,2,2
5006010,6315491,5,1,4
5006010,6315491,7,4,3
4722056,6146390,3,3,0
5192909,7705595,3,7,-4
5192909,7705595,5,11,-6
4003417,4616411,1,3,-2
4003417,4616411,4,6,-2
6498941,8287454,7,2,5
6498941,8287454,8,11,-3
4346381,4949086,3,4,-1
4346381,4949086,13,5,8
4864568,8095247,7,3,4
6669573,8747248,1,1,0
6669573,8747248,2,4,-2
6669573,8747248,12,2,10
6669573,8747248,13,5,8
7111736,8205366,3,3,0
6439199,7261087,1,9,-8
6439199,7261087,3,6,-3
6439199,7261087,4,1,3
6425634,8458864,10,2,8
7727969,8709483,6,1,5
7727969,8709483,11,5,6
5373860,5651283,1,3,-2
5373860,5651283,2,6,-4
5373860,5651283,4,9,-5
4376594,8061926,1,3,-2
4376594,8061926,2,4,-2
4376594,8061926,7,7,0
5415618,6653605,1,2,-1
5415618,6653605,3,1,2
5415618,6653605,4,4,0
5415618,6653605,12,6,6
6188183,6316887,1,3,-2
6188183,6316887,2,1,1
6188183,6316887,4,7,-3
6188183,6316887,6,4,2
6188183,6316887,9,6,3
7620193,8446798,5,10,-5
7620193,8446798,9,6,3
4461125,4924842,1,1,0
4461125,4924842,2,5,-3
4461125,4924842,6,4,2
4627489,7410002,2,5,-3
4627489,7410002,12,3,9
7099841,7747507,2,11,-9
7099841,7747507,9,1,8
6254162,8002331,1,2,-1
6254162,8002331,6,11,-5
6254162,8002331,8,1,7
4160816,8721866,1,1,0
4160816,8721866,4,2,2
4160816,8721866,6,5,1
4160816,8721866,9,7,2
6063407,7086397,4,11,-7
6063407,7086397,7,8,-1
4934410,5423345,1,1,0
4934410,5423345,11,8,3
4934410,5423345,12,4,8
5051816,7359548,3,9,-6
5404062,8258663,1,3,-2
5404062,8258663,2,1,1
6338408,7419056,1,1,0
6338408,7419056,2,4,-2
5337236,8538789,1,1,0
6620163,8016863,3,6,-3
6620163,8016863,4,2,2
6620163,8016863,5,11,-6
4303616,7807107,1,1,0
4705316,5415255,6,5,1
4705316,5415255,7,7,0
3949286,7668674,4,2,2
3949286,7668674,9,1,8
4458489,6161389,3,5,-2
5096219,5434782,6,1,5
5281254,8702851,10,2,8
7135100,8255031,4,1,3
5060052,6483043,6,7,-1
5060052,6483043,7,5,2
4669731,7607978,6,3,3
5525663,7834102,1,3,-2
5525663,7834102,2,1,1
6411951,7840552,1,1,0
6411951,7840552,5,4,1
4877433,6149702,2,1,1
4877433,6149702,8,11,-3
4877433,6149702,12,7,5
5249846,7883434,8,7,1
5249846,7883434,9,8,1
6271768,6469660,8,9,-1
4829583,6317217,1,1,0
4169545,5270013,1,5,-4
4169545,5270013,3,1,2
4169545,5270013,4,10,-6
4169545,5270013,5,11,-6
4169545,5270013,13,3,10
5527322,8465518,4,10,-6
5527322,8465518,8,6,2
6646297,7224632,1,5,-4
6646297,7224632,6,4,2
6168617,6468299,2,4,-2
6168617,6468299,3,1,2
3944270,4257581,1,1,0
3944270,4257581,3,2,1
3944270,4257581,10,12,-2
6536923,8430538,1,9,-8
6536923,8430538,5,8,-3
4044777,4881556,1,2,-1
4044777,4881556,2,4,-2
4044777,4881556,7,12,-5
5484561,7478854,2,1,1
5484561,7478854,4,7,-3
7339599,8073188,2,2,0
4977718,6295776,1,4,-3
4977718,6295776,2,1,1
4977718,6295776,5,3,2
6433394,7324317,1,4,-3
6433394,7324317,11,8,3
5304182,6554839,2,12,-10
5304182,6554839,10,3,7
5304182,6554839,13,5,8
7444795,8572937,4,12,-8
4889017,5186268,1,2,-1
4889017,5186268,3,5,-2
4889017,5186268,4,1,3
4889017,5186268,12,9,3
4889017,5186268,13,11,2
5590615,8336474,1,1,0
5590615,8336474,3,2,1
5590615,8336474,4,6,-2
5590615,8336474,5,5,0
5590615,8336474,7,4,3
5590615,8336474,8,3,5
6139031,6997465,4,7,-3
7434717,8746529,8,4,4
7434717,8746529,10,1,9
4890726,7473093,3,4,-1
4890726,7473093,11,6,5
6562035,8652150,3,5,-2
5501142,6467474,2,2,0
5141061,5248857,1,6,-5
5462560,8608777,3,10,-7
5462560,8608777,11,1,10
6182297,7089601,3,3,0
6182297,7089601,6,7,-1
6182297,7089601,9,6,3
6182297,7089601,11,4,7
6182297,7089601,13,9,4
7219682,8281820,2,2,0
7219682,8281820,5,4,1
5081220,7105627,4,4,0
5081220,7105627,7,13,-6
6424178,8381143,3,6,-3
6424178,8381143,4,10,-6
6424178,8381143,9,8,1
6937901,8521278,1,1,0
6937901,8521278,4,4,0
6937901,8521278,5,13,-8
6937901,8521278,11,2,9
7635034,8714240,1,12,-11
7635034,8714240,8,7,1
6122457,8020844,1,4,-3
6398271,7059639,5,1,4
4255164,4711053,6,9,-3
4558333,5552192,4,3,1
4558333,5552192,8,9,-1
4532930,7451000,1,7,-6
4532930,7451000,4,9,-5
4532930,7451000,7,5,2
6385772,8713132,2,6,-4
6385772,8713132,5,3,2
6385772,8713132,6,10,-4
6292092,8190901,7,11,-4
6292092,8190901,9,5,4
6292092,8190901,11,9,2
6300905,8457657,6,1,5
6300905,8457657,7,2,5
6300905,8457657,11,4,7
6249389,8102606,1,1,0
6249389,8102606,13,9,4
3947332,5488176,1,4,-3
3947332,5488176,4,13,-9
4772204,8277219,12,9,3
8005680,8457971,2,7,-5
5161855,5383707,1,1,0
5161855,5383707,2,2,0
5161855,5383707,12,5,7
5653730,6468660,7,3,4
3971852,5078888,2,13,-11
5067152,5172228,1,3,-2
5067152,5172228,9,7,2
5067152,5172228,10,9,1
5335654,6550478,1,4,-3
5335654,6550478,6,12,-6
5335654,6550478,7,13,-6
5335654,6550478,10,2,8
4410595,8173262,1,1,0
4410595,8173262,2,2,0
4410595,8173262,8,4,4
6603734,7099267,1,10,-9
6603734,7099267,6,1,5
6603734,7099267,12,2,10
6251466,7097869,1,6,-5
6251466,7097869,3,11,-8
7921003,8676552,1,2,-1
7921003,8676552,3,3,0
7921003,8676552,7,5,2
5378373,8535567,1,3,-2
5378373,8535567,3,9,-6
5378373,8535567,8,5,3
5273537,5599301,2,1,1
5273537,5599301,3,5,-2
5273537,5599301,4,2,2
5273537,5599301,5,8,-3
5273537,5599301,6,11,-5
5273537,5599301,12,3,9
4688031,5254981,6,8,-2
4688031,5254981,7,9,-2
4688031,5254981,11,7,4
4688031,5254981,12,4,8
7062376,8473198,9,8,1
6445766,8569720,5,4,1
6445766,8569720,7,2,5
6445766,8569720,9,1,8
7375279,7648043,3,1,2
7375279,7648043,4,5,-1
7375279,7648043,6,13,-7
7375279,7648043,7,12,-5
7375279,7648043,13,4,9
5364729,8221951,2,2,0
4813453,5259412,1,1,0
4813453,5259412,2,2,0
4813453,5259412,5,7,-2
4813453,5259412,10,3,7
6232899,7148830,13,13,0
6135886,6563415,1,1,0
6135886,6563415,2,6,-4
6135886,6563415,5,2,3
6135886,6563415,7,9,-2
6135886,6563415,8,3,5
7035764,7331039,5,11,-6
4204936,7146703,2,2,0
4204936,7146703,5,3,2
4876737,6625130,6,8,-2
5193540,7658119,4,11,-7
5193540,7658119,8,9,-1
5261403,5477146,1,12,-11
5261403,5477146,4,4,0
5261403,5477146,6,8,-2
5261403,5477146,11,9,2
5134085,7476580,5,3,2
4236922,5569433,2,3,-1
6949079,8721879,7,4,3
6949079,8721879,8,13,-5
6949079,8721879,13,12,1
5305924,7461587,6,2,4
5305924,7461587,10,12,-2
4707309,5017122,2,2,0
5412416,7546621,1,11,-10
5412416,7546621,3,2,1
4750505,6352082,1,2,-1
4799663,5265731,1,2,-1
4799663,5265731,6,4,2
4799663,5265731,9,10,-1
5338286,7465566,7,6,1
5338286,7465566,12,10,2
7694582,7958789,1,9,-8
7694582,7958789,2,13,-11
7694582,7958789,3,3,0
4867658,5356277,1,2,-1
4867658,5356277,5,4,1
4867658,5356277,10,1,9
7505633,8000559,1,2,-1
7505633,8000559,8,3,5
6286375,7178414,1,4,-3
6286375,7178414,6,8,-2
6286375,7178414,7,1,6
5270163,7314615,1,11,-10
6324268,7680255,7,13,-6
7005985,8588130,3,3,0
6625723,7702880,3,3,0
6625723,7702880,4,4,0
6625723,7702880,5,2,3
6625723,7702880,12,13,-1
5447779,6072394,1,1,0
5447779,6072394,5,5,0
5447779,6072394,10,2,8
4849572,7498396,12,11,1
7024199,8635444,1,12,-11
7024199,8635444,2,8,-6
4616713,8469113,4,4,0
6284850,7339004,2,9,-7
6317684,8095152,3,1,2
5494749,6893581,1,1,0
5494749,6893581,12,4,8
4318187,5258714,4,1,3
4318187,5258714,12,2,10
4662438,8240774,3,9,-6
4662438,8240774,7,6,1
7509369,8756130,13,9,4
4906089,7585082,1,1,0
4231073,6381506,8,7,1
5405766,6582969,3,10,-7
4637575,5490703,3,4,-1
7185063,8521851,5,12,-7
7185063,8521851,12,6,6
6301959,8042387,6,5,1
4309777,6423095,2,12,-10
6162708,6599816,1,4,-3
6162708,6599816,3,1,2
6162708,6599816,4,3,1
6162708,6599816,9,7,2
6162708,6599816,10,8,2
7379913,8364588,2,10,-8
7379913,8364588,6,1,5
7379913,8364588,7,5,2
7379913,8364588,11,9,2
4922753,4984463,1,1,0
4922753,4984463,5,3,2
4922753,4984463,9,12,-3
5485316,7597662,4,2,2
6462032,7091234,4,2,2
6462032,7091234,5,6,-1
6462032,7091234,9,5,4
6462032,7091234,12,7,5
4695118,6203383,2,4,-2
4695118,6203383,3,2,1
4695118,6203383,4,3,1
6538470,8364738,2,1,1
6538470,8364738,3,4,-1
6538470,8364738,4,2,2
6847729,7885447,3,2,1
6245084,8430825,1,1,0
6245084,8430825,2,6,-4
6245084,8430825,6,4,2
4698756,8251579,6,9,-3
6335778,8159432,2,13,-11
3982444,4890504,6,4,2
3982444,4890504,11,5,6
6418973,6920836,4,9,-5
6418973,6920836,11,10,1
4140395,5012118,1,12,-11
4140395,5012118,8,3,5
6611804,7133696,1,11,-10
5424245,7701039,1,7,-6
5424245,7701039,2,4,-2
5424245,7701039,11,8,3
5371241,7150967,4,8,-4
5371241,7150967,5,13,-8
5103692,5628706,1,1,0
5103692,5628706,2,5,-3
5125412,8755901,7,1,6
6516504,7098413,6,3,3
5526747,6431069,1,1,0
5526747,6431069,2,2,0
5526747,6431069,3,5,-2
6332446,7140355,2,5,-3
6332446,7140355,4,2,2
6332446,7140355,7,12,-5
5204768,7512671,1,1,0
5204768,7512671,2,13,-11
5204768,7512671,5,7,-2
5204768,7512671,13,6,7
7134662,7731196,2,3,-1
7134662,7731196,5,4,1
7120334,8285102,1,6,-5
7120334,8285102,4,11,-7
4714347,8189194,2,5,-3
5385808,8349537,1,8,-7
4298159,6290636,2,2,0
4298159,6290636,4,6,-2
6943241,7186564,9,3,6
6240307,8167876,3,3,0
6240307,8167876,13,2,11
6407882,7692343,7,1,6
6293850,8268154,13,13,0
4622252,5403977,1,1,0
4622252,5403977,6,7,-1
4937823,5361250,8,7,1
4937823,5361250,10,3,7
7035910,8055998,1,2,-1
4607322,4697230,2,6,-4
4607322,4697230,4,2,2
4607322,4697230,5,1,4
4607322,4697230,11,10,1
5396360,6271945,1,11,-10
5396360,6271945,2,2,0
5396360,6271945,6,8,-2
5396360,6271945,10,12,-2
7048762,8343219,2,8,-6
7048762,8343219,6,13,-7
7048762,8343219,7,6,1
4847149,6521399,10,7,3
4841132,7257614,9,13,-4
6383062,8628029,6,8,-2
6409401,8619287,7,11,-4
5517341,6914260,2,5,-3
5517341,6914260,4,11,-7
5517341,6914260,8,2,6
5517341,6914260,12,3,9
7098803,8273022,2,7,-5
7098803,8273022,3,1,2
7098803,8273022,9,10,-1
7098803,8273022,10,5,5
6627292,8021505,3,2,1
4274583,7822511,5,1,4
6486992,8296843,3,1,2
5632771,7875233,1,3,-2
6331244,6996478,1,4,-3
6331244,6996478,3,1,2
6280846,7410636,6,3,3
4335507,6927440,3,2,1
5340787,5567801,1,3,-2
5340787,5567801,5,6,-1
5340787,5567801,6,8,-2
5340787,5567801,8,2,6
7798214,8358220,1,3,-2
7798214,8358220,10,4,6
7798214,8358220,11,8,3
4198550,6215881,3,2,1
6175860,7113134,2,10,-8
6175860,7113134,11,7,4
6077523,6159490,1,1,0
6077523,6159490,2,2,0
6077523,6159490,3,3,0
6077523,6159490,4,4,0
6077523,6159490,5,5,0
6077523,6159490,6,6,0
6077523,6159490,7,7,0
6077523,6159490,8,8,0
6077523,6159490,9,9,0
6077523,6159490,10,10,0
6077523,6159490,11,11,0
6077523,6159490,12,12,0
6077523,6159490,13,13,0
6647535,7861169,6,5,1
6647535,7861169,11,6,5
4628703,4791789,1,2,-1
4628703,4791789,3,4,-1
4628703,4791789,13,13,0
6463279,6628953,4,6,-2
6463279,6628953,12,8,4
5653510,8186766,1,11,-10
5653510,8186766,7,4,3
5653510,8186766,9,1,8
5548306,8548541,1,6,-5
5548306,8548541,2,10,-8
6529742,7747278,11,2,9
5399065,6468032,1,4,-3
5399065,6468032,4,2,2
5399065,6468032,6,3,3
4424074,4705569,2,1,1
4424074,4705569,10,12,-2
5157605,6188222,10,1,9
5398289,8342496,2,6,-4
5398289,8342496,9,4,5
5347574,7978833,1,3,-2
5347574,7978833,4,9,-5
5347574,7978833,6,8,-2
5401361,6843885,1,6,-5
5401361,6843885,2,4,-2
5401361,6843885,8,1,7
5235654,7302438,2,3,-1
6165890,8064124,2,5,-3
4675529,7144154,1,2,-1
4675529,7144154,6,4,2
4675529,7144154,9,1,8
5128752,8595335,13,7,6
4984083,5287189,1,1,0
4984083,5287189,2,2,0
4984083,5287189,3,3,0
4119739,4624856,13,7,6
7446706,8547785,10,7,3
5076791,6322360,3,7,-4
5279294,8641643,10,3,7
6555801,7291817,1,2,-1
6555801,7291817,3,3,0
6555801,7291817,7,1,6
6555801,7291817,12,10,2
5554182,7704275,5,7,-2
7003341,8211016,2,1,1
7003341,8211016,5,2,3
4436788,6132827,3,10,-7
4436788,6132827,7,4,3
3939350,8183002,7,2,5
6389187,8065085,1,11,-10
6389187,8065085,3,4,-1
6432122,6878291,1,4,-3
6432122,6878291,2,1,1
6432122,6878291,4,3,1
3990425,8020544,1,2,-1
4935346,8343332,1,5,-4
7167974,8271769,4,5,-1
4236490,5307792,4,12,-8
7861775,8678350,3,1,2
6645199,8535303,1,7,-6
5287346,6396809,4,3,1
5602668,7583901,4,1,3
5602668,7583901,9,10,-1
5430356,7649327,2,3,-1
5430356,7649327,5,6,-1
4323690,4778910,6,13,-7
4323690,4778910,9,4,5
4323690,4778910,13,7,6
7378286,8542520,11,11,0
7551232,7639309,3,10,-7
7551232,7639309,4,5,-1
4771913,5285041,1,1,0
4771913,5285041,4,2,2
4554676,7503692,10,13,-3
6669250,7017956,6,6,0
6669250,7017956,8,9,-1
6607220,7121337,4,10,-6
6607220,7121337,5,1,4
6607220,7121337,9,5,4
6607220,7121337,11,3,8
6838868,8700218,1,12,-11
6838868,8700218,2,13,-11
4662882,5344449,6,4,2
5652621,7697045,1,1,0
5652621,7697045,11,3,8
6417312,8147965,3,2,1
6417312,8147965,4,4,0
4710174,5180365,2,1,1
4710174,5180365,4,3,1
4710174,5180365,7,7,0
6466063,7710160,7,3,4
6466063,7710160,10,11,-1
6959476,7080436,13,4,9
6074366,7875016,7,8,-1
6074366,7875016,8,3,5
6369176,6875816,9,2,7
4818288,7140439,11,7,4
6130984,6501875,4,10,-6
4429957,6987623,1,1,0
4429957,6987623,13,11,2
5287819,5572939,3,3,0
5287819,5572939,5,1,4
5287819,5572939,8,5,3
5520466,7101086,1,1,0
5520466,7101086,3,2,1
5520466,7101086,5,5,0
6981436,7469619,2,4,-2
6981436,7469619,3,1,2
6981436,7469619,10,10,0
5626604,7473266,2,1,1
6080682,8313987,7,1,6
6080682,8313987,8,7,1
6484213,7167704,7,3,4
6484213,7167704,12,6,6
5119072,6512457,4,10,-6
5119072,6512457,11,11,0
5318935,6623968,3,1,2
5218281,8478439,3,13,-10
5218281,8478439,12,9,3
3961311,4247945,1,2,-1
3961311,4247945,3,11,-8
5195978,8236040,2,2,0
4572601,5282756,4,1,3
4572601,5282756,6,2,4
5473607,7131001,3,8,-5
6638239,7563241,4,11,-7
6638239,7563241,5,1,4
6638239,7563241,13,4,9
4177862,8485270,2,3,-1
4177862,8485270,13,13,0
5569610,6501094,3,5,-2
5356754,6265467,4,11,-7
4235333,5311986,2,1,1
4235333,5311986,4,2,2
4235333,5311986,10,7,3
4077920,4189544,6,1,5
4077920,4189544,7,9,-2
6473634,7106892,4,7,-3
6473634,7106892,6,10,-4
6473634,7106892,7,9,-2
5329554,7957370,4,5,-1
5329554,7957370,5,9,-4
7376931,7870514,2,3,-1
7376931,7870514,3,2,1
7376931,7870514,5,4,1
7376931,7870514,6,6,0
7376931,7870514,8,5,3
5619648,6067569,6,9,-3
6189789,7195157,5,1,4
5577507,6500133,3,1,2
5179485,5559600,2,1,1
5179485,5559600,3,12,-9
5179485,5559600,5,6,-1
6405354,6971082,3,1,2
7537844,7915808,9,1,8
6118335,8390375,3,3,0
6118335,8390375,6,12,-6
6118335,8390375,9,2,7
6118335,8390375,12,13,-1
4541224,7503158,8,12,-4
4541224,7503158,11,1,10
4716791,4904229,1,1,0
4716791,4904229,2,5,-3
4716791,4904229,4,4,0
6336699,7722153,2,1,1
6336699,7722153,3,4,-1
6336699,7722153,6,2,4
4384380,8015636,1,1,0
4384380,8015636,2,3,-1
4384380,8015636,9,6,3
7533926,7708334,1,6,-5
7533926,7708334,2,3,-1
7533926,7708334,3,1,2
7533926,7708334,6,12,-6
4371716,7674941,6,2,4
4371716,7674941,10,6,4
4371716,7674941,13,13,0
8491925,8673332,1,3,-2
8491925,8673332,2,9,-7
8491925,8673332,3,4,-1
8491925,8673332,4,8,-4
8491925,8673332,5,11,-6
8491925,8673332,6,10,-4
8491925,8673332,7,7,0
8491925,8673332,10,5,5
8491925,8673332,11,12,-1
8491925,8673332,13,13,0
7373193,8723677,10,9,1
8073774,8699994,2,2,0
4795095,6152382,2,1,1
7180679,7292380,1,1,0
7180679,7292380,2,2,0
7180679,7292380,6,12,-6
5394556,7194564,13,2,11
4376940,6075969,2,2,0
6207260,7652736,1,3,-2
6207260,7652736,8,4,4
6447806,8128916,10,4,6
4862152,6456567,6,9,-3
6368274,8103456,1,1,0
6368274,8103456,7,4,3
5526266,7802427,1,4,-3
5526266,7802427,3,2,1
5526266,7802427,7,12,-5
4415076,4942959,1,1,0
4415076,4942959,4,7,-3
5109097,7728049,5,7,-2
4708312,7823849,12,4,8
5330396,8123653,2,5,-3
5330396,8123653,6,8,-2
3936796,6122570,1,4,-3
3936796,6122570,3,7,-4
6237006,8677234,1,1,0
6237006,8677234,2,2,0
4424668,5649416,1,6,-5
4424668,5649416,2,1,1
4424668,5649416,3,11,-8
4424668,5649416,10,4,6
6494882,8721668,7,8,-1
6494882,8721668,8,9,-1
5160034,7743881,1,3,-2
5160034,7743881,3,1,2
5160034,7743881,8,8,0
6179455,7059750,1,1,0
6288668,7215721,7,11,-4
5035514,5199789,6,11,-5
5035514,5199789,9,13,-4
5035514,5199789,12,1,11
6464004,7128154,6,3,3
6464004,7128154,13,5,8
5082738,7749577,10,2,8
4029614,4393146,1,1,0
4029614,4393146,2,7,-5
4029614,4393146,3,3,0
4029614,4393146,4,6,-2
5192804,7608289,1,3,-2
5192804,7608289,13,12,1
4836674,7069186,1,7,-6
4836674,7069186,4,9,-5
4836674,7069186,12,8,4
4310346,5108487,6,1,5
4310346,5108487,9,5,4
4310346,5108487,11,6,5
4310346,5108487,13,7,6
5621892,6269412,2,1,1
5621892,6269412,8,5,3
6140154,7001799,1,4,-3
6140154,7001799,5,2,3
6140154,7001799,8,1,7
4949127,5310617,2,2,0
4949127,5310617,5,3,2
5597064,7709759,1,1,0
5597064,7709759,2,9,-7
7106309,8504906,10,2,8
4698855,6240569,2,7,-5
4698855,6240569,3,1,2
4698855,6240569,8,10,-2
6325810,8453910,1,1,0
6325810,8453910,2,2,0
6325810,8453910,10,7,3
7826160,8675309,1,7,-6
7826160,8675309,3,12,-9
7412541,7796592,4,2,2
7412541,7796592,6,5,1
5490182,7952410,5,1,4
5490182,7952410,6,5,1
5490182,7952410,8,8,0
5490182,7952410,9,7,2
6463530,7231434,1,2,-1
6463530,7231434,9,5,4
6463530,7231434,10,7,3
5547823,6387844,1,9,-8
5547823,6387844,8,2,6
6380099,8455978,4,4,0
5597818,8163938,3,4,-1
5597818,8163938,9,13,-4
5037917,6853790,1,2,-1
4552114,8646435,1,1,0
4552114,8646435,2,4,-2
4552114,8646435,4,6,-2
4552114,8646435,6,3,3
6279231,6652150,3,1,2
5310700,6509210,11,6,5
6165008,7625232,4,3,1
6165008,7625232,6,4,2
6258629,8487420,2,8,-6
6258629,8487420,4,2,2
3947563,4104478,3,3,0
3947563,4104478,4,6,-2
3947563,4104478,9,2,7
3947563,4104478,10,8,2
4050453,4365634,6,11,-5
4050453,4365634,7,1,6
4050453,4365634,13,3,10
6668097,7145336,3,4,-1
7066019,7660670,2,7,-5
7066019,7660670,11,9,2
5217860,7156845,1,5,-4
4111906,5091505,5,2,3
4464650,5351046,7,5,2
4464650,5351046,10,12,-2
5414451,7933185,1,4,-3
5414451,7933185,9,7,2
5116365,6858037,1,1,0
5116365,6858037,9,6,3
5050018,7106535,5,5,0
5491517,6266100,3,2,1
5491517,6266100,6,11,-5
4894591,5306987,1,4,-3
4894591,5306987,8,11,-3
4548785,5377237,1,1,0
4548785,5377237,2,8,-6
4548785,5377237,3,2,1
4548785,5377237,7,9,-2
5230344,6081743,1,9,-8
5230344,6081743,3,6,-3
6179890,8277531,2,4,-2
6179890,8277531,6,2,4
6179890,8277531,8,1,7
6179890,8277531,11,9,2
4953213,7907736,11,11,0
7698222,8358826,1,1,0
7698222,8358826,2,3,-1
7698222,8358826,5,7,-2
6282011,7643152,1,13,-12
6282011,7643152,9,7,2
6282011,7643152,12,8,4
4391672,6914364,3,3,0
5595756,7488490,13,13,0
6463931,7100610,2,2,0
3951630,7465391,10,2,8
4620640,7673763,2,4,-2
4620640,7673763,5,9,-4
4672299,7039142,1,5,-4
4672299,7039142,5,9,-4
4672299,7039142,11,4,7
4701163,5234454,1,11,-10
4701163,5234454,3,10,-7
4701163,5234454,4,9,-5
6081827,8447064,9,9,0
4531522,8500761,2,1,1
4901327,7920612,6,1,5
6614950,7155128,9,3,6
7128647,8057292,1,2,-1
7128647,8057292,5,11,-6
5309568,5630171,1,7,-6
5309568,5630171,2,5,-3
5309568,5630171,7,6,1
4041651,4805350,1,2,-1
4041651,4805350,2,3,-1
4041651,4805350,3,1,2
4041651,4805350,4,7,-3
4041651,4805350,5,8,-3
4041651,4805350,6,6,0
4041651,4805350,9,4,5
4041651,4805350,12,5,7
5406693,6329961,3,4,-1
5406693,6329961,11,1,10
6160526,7397672,4,2,2
6160526,7397672,5,5,0
5486406,6501973,10,1,9
7090835,8258262,1,1,0
7090835,8258262,2,2,0
7090835,8258262,3,3,0
7090835,8258262,4,4,0
7090835,8258262,5,5,0
7090835,8258262,6,6,0
7090835,8258262,7,7,0
7090835,8258262,8,8,0
7090835,8258262,9,9,0
7090835,8258262,10,10,0
7090835,8258262,11,11,0
7090835,8258262,12,12,0
7090835,8258262,13,13,0
6215952,7912348,1,1,0
6215952,7912348,2,6,-4
6215952,7912348,4,8,-4
6215952,7912348,8,5,3
6636516,8503463,6,2,4
6222699,7158781,1,1,0
6222699,7158781,4,4,0
6222699,7158781,6,8,-2
6222699,7158781,8,5,3
5118299,5499924,3,4,-1
7811177,8210954,1,4,-3
7811177,8210954,2,10,-8
7811177,8210954,5,6,-1
7811177,8210954,6,8,-2
7811177,8210954,7,5,2
7811177,8210954,8,2,6
7213279,8413274,1,5,-4
7213279,8413274,2,1,1
7213279,8413274,4,2,2
7213279,8413274,5,11,-6
7213279,8413274,7,3,4
7213279,8413274,12,10,2
4402000,4788564,1,5,-4
4402000,4788564,2,6,-4
4558376,5179451,1,2,-1
4558376,5179451,3,3,0
4558376,5179451,10,5,5
5450829,6073592,1,5,-4
5450829,6073592,8,6,2
5450829,6073592,9,1,8
5450829,6073592,11,3,8
5450829,6073592,13,8,5
7716271,7925163,3,4,-1
7716271,7925163,4,11,-7
7716271,7925163,12,2,10
4780617,5635722,2,13,-11
4780617,5635722,7,7,0
6262801,8437011,1,9,-8
6285316,8391338,4,1,3
6285316,8391338,7,12,-5
4201363,7475733,1,4,-3
4201363,7475733,4,1,3
4201363,7475733,5,3,2
4201363,7475733,7,5,2
4014353,7735494,1,1,0
4014353,7735494,9,5,4
5636378,6315009,4,9,-5
6325089,8671984,3,1,2
4865676,5028460,1,1,0
4865676,5028460,2,2,0
4865676,5028460,3,3,0
4865676,5028460,4,6,-2
4865676,5028460,5,4,1
4865676,5028460,6,5,1
4865676,5028460,8,7,1
4865676,5028460,9,8,1
4865676,5028460,10,9,1
4865676,5028460,13,10,3
4680830,5271670,1,11,-10
4680830,5271670,2,7,-5
4680830,5271670,10,2,8
6298718,6945047,7,3,4
6298718,6945047,10,4,6
5403327,7753246,13,3,10
4330623,4443431,3,8,-5
6972354,7622642,2,2,0
6972354,7622642,4,4,0
6972354,7622642,5,8,-3
6972354,7622642,6,10,-4
6972354,7622642,10,11,-1
6972354,7622642,11,3,8
6972354,7622642,13,5,8
7260711,8595414,7,4,3
5076685,6932807,3,12,-9
5076685,6932807,9,3,6
4002235,4597917,7,7,0
4269809,6375923,1,4,-3
4269809,6375923,6,6,0
4816947,5085935,2,1,1
4816947,5085935,5,2,3
6321782,7647944,1,4,-3
6321782,7647944,2,7,-5
4839835,5245137,2,11,-9
4839835,5245137,3,9,-6
4839835,5245137,11,3,8
4839835,5245137,12,13,-1
6132464,8568451,5,4,1
6907510,8635430,6,1,5
6907510,8635430,12,4,8
5358313,6152537,1,11,-10
5358313,6152537,3,6,-3
5358313,6152537,7,1,6
4375145,6094892,6,6,0
4092548,4833343,1,2,-1
4092548,4833343,3,11,-8
4092548,4833343,7,10,-3
4092548,4833343,8,13,-5
4092548,4833343,9,8,1
6666543,6840600,1,1,0
6666543,6840600,3,4,-1
6666543,6840600,4,3,1
6666543,6840600,6,5,1
6666543,6840600,7,6,1
6666543,6840600,8,8,0
6666543,6840600,9,9,0
6666543,6840600,10,10,0
6666543,6840600,11,11,0
6666543,6840600,12,12,0
6666543,6840600,13,13,0
4792139,7862452,3,5,-2
4792139,7862452,5,1,4
4792139,7862452,7,8,-1
4792139,7862452,10,6,4
6555942,7554241,2,6,-4
6555942,7554241,5,1,4
6438217,7385992,8,8,0
4060089,4744365,10,9,1
4641828,5178063,3,1,2
3968998,4280787,3,12,-9
4691068,5003119,3,3,0
4691068,5003119,12,12,0
5148271,6334212,3,5,-2
5148271,6334212,8,9,-1
5148271,6334212,9,3,6
4192978,6519339,6,9,-3
4192978,6519339,8,7,1
4192978,6519339,12,10,2
4765845,7851700,6,12,-6
5487100,6212265,13,12,1
4068483,6997260,3,1,2
4068483,6997260,13,8,5
5047239,5549890,5,1,4
5047239,5549890,10,3,7
6251112,8556941,4,1,3
4599487,6213101,9,8,1
4087369,4321157,2,13,-11
4087369,4321157,5,4,1
6281547,8710584,3,4,-1
6281547,8710584,6,1,5
6281547,8710584,11,10,1
6281547,8710584,13,5,8
4722372,7984825,1,4,-3
6578190,7459100,10,4,6
5630466,6427755,5,2,3
5630466,6427755,6,1,5
5630466,6427755,7,12,-5
5630466,6427755,10,9,1
4831197,8558036,3,4,-1
4831197,8558036,5,8,-3
4831197,8558036,10,3,7
3959145,4115262,1,1,0
3959145,4115262,2,2,0
3959145,4115262,3,13,-10
3959145,4115262,4,3,1
3959145,4115262,11,10,1
3959145,4115262,12,6,6
3959145,4115262,13,11,2
6177931,8677416,9,4,5
5286364,8273022,5,2,3
5113749,6503324,5,10,-5
5113749,6503324,7,12,-5
4937733,5630140,3,4,-1
7162704,7689955,1,1,0
7162704,7689955,12,4,8
6620046,8613655,2,1,1
6620046,8613655,11,4,7
6251517,8110612,5,6,-1
7058363,7522890,1,8,-7
7058363,7522890,13,9,4
5276950,6516850,1,1,0
7788027,7925433,3,13,-10
7788027,7925433,7,1,6
7788027,7925433,12,2,10
6170017,8392527,2,1,1
7140353,8683988,6,9,-3
5128717,5249023,1,6,-5
5128717,5249023,9,4,5
5128717,5249023,11,9,2
5128717,5249023,13,12,1
4392693,5359490,4,5,-1
7034952,7692806,2,5,-3
7034952,7692806,3,7,-4
7034952,7692806,11,9,2
7212133,7930031,3,2,1
7212133,7930031,11,11,0
5499824,7654535,4,4,0
5499824,7654535,6,13,-7
7432493,7589304,1,1,0
7432493,7589304,2,2,0
7432493,7589304,3,3,0
7432493,7589304,4,4,0
7432493,7589304,5,5,0
7432493,7589304,6,6,0
7432493,7589304,7,7,0
7432493,7589304,8,8,0
7432493,7589304,9,9,0
7432493,7589304,10,10,0
7432493,7589304,11,11,0
7432493,7589304,12,12,0
7432493,7589304,13,13,0
4294484,7404590,2,3,-1
4294484,7404590,4,5,-1
4291392,4901280,2,2,0
4291392,4901280,6,9,-3
4291392,4901280,7,11,-4
4291392,4901280,12,4,8
3940304,6099763,2,4,-2
6484168,8655877,6,10,-4
6484168,8655877,13,4,9
4782946,5578332,1,8,-7
4782946,5578332,2,3,-1
4782946,5578332,7,7,0
6496569,7623849,4,7,-3
6496569,7623849,9,5,4
5649927,6391030,2,1,1
5649927,6391030,3,8,-5
4133588,5312191,4,4,0
6093089,7491117,1,12,-11
4631416,4870289,1,3,-2
4631416,4870289,3,5,-2
4631416,4870289,6,2,4
6214804,8128938,2,10,-8
6214804,8128938,5,11,-6
6214804,8128938,12,1,11
4385366,6292271,8,6,2
4385366,6292271,12,4,8
5192855,8636133,5,12,-7
5049779,6452324,4,1,3
5049779,6452324,9,3,6
5049779,6452324,13,8,5
5343878,8485190,9,6,3
5343878,8485190,10,3,7
4897532,5340973,4,8,-4
6510503,8504863,11,11,0
6559013,7088619,13,7,6
5509433,7635357,3,6,-3
4677979,8123700,1,5,-4
4677979,8123700,2,4,-2
4677979,8123700,10,7,3
5240478,6511531,2,4,-2
5240478,6511531,3,6,-3
5240478,6511531,13,8,5
5510821,6860930,2,4,-2
6893848,7785840,5,1,4
6893848,7785840,7,2,5
6893848,7785840,8,11,-3
6893848,7785840,9,4,5
6298064,7680262,1,3,-2
6298064,7680262,5,4,1
4003340,5105771,3,12,-9
4003340,5105771,5,7,-2
4003340,5105771,9,4,5
5232765,8326223,4,6,-2
5232765,8326223,6,12,-6
5232765,8326223,7,3,4
5232765,8326223,10,4,6
4430149,4989540,7,3,4
6311075,7652623,2,1,1
6518307,7563758,1,2,-1
5341945,7971735,1,4,-3
5341945,7971735,4,2,2
5341945,7971735,5,13,-8
6850037,7705602,1,8,-7
6850037,7705602,3,2,1
6850037,7705602,4,1,3
6507595,7944957,4,1,3
6507595,7944957,5,3,2
6507595,7944957,6,7,-1
6507595,7944957,8,2,6
6507595,7944957,13,4,9
5636917,6517228,1,10,-9
5566055,6521828,4,3,1
5566055,6521828,8,2,6
7789758,8529353,1,2,-1
7789758,8529353,2,1,1
6951250,7546873,6,9,-3
5113936,7322407,2,3,-1
4622856,4773269,1,9,-8
4622856,4773269,5,10,-5
7313462,7457686,1,1,0
5558077,8453632,2,6,-4
5558077,8453632,5,7,-2
5020091,7035646,2,10,-8
5020091,7035646,3,8,-5
5020091,7035646,8,12,-4
7502113,7997415,1,1,0
7502113,7997415,2,4,-2
7502113,7997415,8,7,1
5587066,6066254,1,1,0
4946223,5123703,2,7,-5
6611812,7702906,4,6,-2
6611812,7702906,5,4,1
6611812,7702906,6,8,-2
6611812,7702906,10,7,3
4337636,5054307,2,9,-7
4337636,5054307,4,10,-6
4337636,5054307,11,13,-2
5082403,7000604,3,3,0
5378211,5616100,1,5,-4
5378211,5616100,10,6,4
5378211,5616100,11,7,4
5378211,5616100,12,1,11
5056496,7404396,2,3,-1
5056496,7404396,4,4,0
5056496,7404396,7,2,5
5056496,7404396,10,6,4
4289242,8240486,4,10,-6
5559048,7109547,2,3,-1
5559048,7109547,5,10,-5
6134707,7155711,4,12,-8
6134707,7155711,7,7,0
6134707,7155711,8,2,6
6134707,7155711,11,11,0
6206881,8579946,1,12,-11
6206881,8579946,2,5,-3
6206881,8579946,5,2,3
6206881,8579946,7,4,3
4748732,7249546,1,6,-5
4748732,7249546,5,7,-2
4598772,7066254,9,4,5
6988675,7370813,1,1,0
6988675,7370813,2,2,0
6988675,7370813,3,3,0
6988675,7370813,4,4,0
6988675,7370813,5,5,0
6988675,7370813,6,6,0
6988675,7370813,7,7,0
6988675,7370813,8,8,0
6988675,7370813,9,9,0
6988675,7370813,10,10,0
6988675,7370813,11,11,0
6988675,7370813,12,12,0
6988675,7370813,13,13,0
5479278,5571448,2,1,1
5479278,5571448,3,3,0
5479278,5571448,5,6,-1
6463464,8028096,10,9,1
7275006,7415362,1,9,-8
7275006,7415362,5,8,-3
7275006,7415362,12,1,11
6217585,7208008,1,4,-3
6217585,7208008,4,8,-4
6217585,7208008,7,1,6
6217585,7208008,13,9,4
4672296,6543240,12,5,7
4672296,6543240,13,6,7
5012447,5287322,1,5,-4
5012447,5287322,2,10,-8
5012447,5287322,13,8,5
5423919,5616183,1,1,0
5423919,5616183,2,2,0
5423919,5616183,3,7,-4
5423919,5616183,4,3,1
5423919,5616183,5,4,1
5423919,5616183,6,5,1
5423919,5616183,7,6,1
5423919,5616183,8,8,0
5423919,5616183,9,9,0
5423919,5616183,10,10,0
5423919,5616183,11,11,0
5423919,5616183,12,12,0
5423919,5616183,13,13,0
6266564,8620425,2,7,-5
6266564,8620425,9,1,8
4697137,5347212,6,11,-5
4817149,5208860,3,6,-3
5121735,5566934,1,2,-1
5121735,5566934,3,3,0
4300695,6520364,1,10,-9
4300695,6520364,5,12,-7
4300695,6520364,10,1,9
4300695,6520364,12,8,4
7194761,7562138,3,3,0
6187598,7749775,11,1,10
6187598,7749775,12,11,1
6187598,7749775,13,3,10
4392073,6462456,3,1,2
4392073,6462456,10,6,4
4074429,6996908,2,2,0
4074429,6996908,3,1,2
4074429,6996908,12,6,6
4948720,7981946,2,5,-3
4948720,7981946,6,3,3
6031896,8270582,2,1,1
6031896,8270582,6,11,-5
4667766,6072750,2,4,-2
4667766,6072750,6,10,-4
4667766,6072750,10,6,4
4667766,6072750,12,3,9
4462120,5326361,3,6,-3
4462120,5326361,4,4,0
4462120,5326361,12,2,10
4083535,4380327,1,2,-1
4083535,4380327,2,7,-5
4083535,4380327,4,5,-1
4842587,7438703,3,1,2
4842587,7438703,10,3,7
5563398,7110158,4,7,-3
5181042,6567051,1,12,-11
5181042,6567051,2,13,-11
5181042,6567051,4,1,3
5181042,6567051,9,2,7
5656861,6930901,5,3,2
4154688,4826518,3,1,2
4154688,4826518,9,3,6
4886062,6663662,1,7,-6
4886062,6663662,2,6,-4
6074380,7524285,5,5,0
6097087,6548376,1,1,0
4127050,4336738,4,11,-7
4127050,4336738,10,6,4
4127050,4336738,12,10,2
4127050,4336738,13,1,12
4485382,4897624,13,9,4
4379403,4616502,2,1,1
4379403,4616502,6,13,-7
4379403,4616502,8,2,6
4379403,4616502,9,4,5
4379403,4616502,10,5,5
4379403,4616502,11,6,5
4717386,4915698,13,9,4
7029456,8016789,5,4,1
4208305,4994254,1,2,-1
4208305,4994254,6,8,-2
4208305,4994254,8,11,-3
4687033,6532999,2,1,1
4687033,6532999,6,5,1
6608625,8203562,8,10,-2
6608625,8203562,10,1,9
4102633,5348467,1,2,-1
4102633,5348467,2,3,-1
4102633,5348467,10,5,5
6247091,6499049,12,8,4
6500101,7534199,1,5,-4
6500101,7534199,3,2,1
4259829,7976369,2,6,-4
7543215,7689894,6,4,2
7543215,7689894,13,1,12
5261906,7828794,12,10,2
4683601,8205283,1,1,0
6849396,7910323,1,2,-1
6849396,7910323,8,11,-3
4631918,8668475,4,2,2
4631918,8668475,6,6,0
4631918,8668475,10,3,7
7619004,7964647,1,1,0
7357496,8100493,8,7,1
6631184,7792937,9,5,4
7313269,8370869,1,2,-1
7313269,8370869,5,8,-3
5398683,8034051,2,1,1
5398683,8034051,4,4,0
5398683,8034051,8,2,6
4428441,6158529,2,3,-1
6381161,7751207,6,2,4
6381161,7751207,8,9,-1
6381161,7751207,9,5,4
5054272,6564531,2,8,-6
5054272,6564531,4,5,-1
6975537,7295478,2,1,1
6975537,7295478,3,9,-6
6975537,7295478,4,4,0
6975537,7295478,7,6,1
6975537,7295478,11,3,8
5457376,7659696,2,2,0
5457376,7659696,5,8,-3
4704000,7313246,4,2,2
4969205,6359880,4,9,-5
4969205,6359880,11,3,8
5317710,7281115,5,6,-1
5317710,7281115,8,3,5
5317710,7281115,10,2,8
5317710,7281115,11,10,1
4828141,6631823,1,9,-8
4828141,6631823,2,2,0
5657241,6421251,2,3,-1
5657241,6421251,4,9,-5
5191522,7844477,1,3,-2
5191522,7844477,7,1,6
4565682,8257674,2,1,1
5338456,6537456,2,7,-5
5338456,6537456,7,1,6
5338456,6537456,11,10,1
4614375,4986592,6,12,-6
5523520,7034210,4,4,0
5523520,7034210,7,11,-4
5523520,7034210,9,9,0
5523520,7034210,12,12,0
7679479,7782163,1,2,-1
7679479,7782163,4,10,-6
7679479,7782163,5,6,-1
6880929,7954940,1,2,-1
6880929,7954940,2,3,-1
6880929,7954940,4,4,0
6880929,7954940,5,12,-7
6880929,7954940,7,9,-2
6880929,7954940,8,5,3
6880929,7954940,10,7,3
6880929,7954940,11,8,3
6880929,7954940,12,13,-1
4672256,5583390,1,7,-6
4672256,5583390,3,2,1
5351691,6283920,1,2,-1
3959827,4661107,4,4,0
3959827,4661107,5,5,0
5077005,8058731,13,2,11
5227839,6462807,3,10,-7
5227839,6462807,9,4,5
6508121,7530269,2,1,1
6508121,7530269,5,5,0
6508121,7530269,10,2,8
6508121,7530269,12,8,4
4749343,5630401,6,12,-6
4610319,4753304,1,1,0
4610319,4753304,2,11,-9
6916318,7250048,1,2,-1
6916318,7250048,5,9,-4
5192307,6432133,4,2,2
5192307,6432133,8,1,7
7870062,8688568,13,5,8
4154360,4605136,4,5,-1
6132417,8100883,8,7,1
6132417,8100883,9,3,6
6168191,6527296,3,1,2
5569243,7255697,4,13,-9
5569243,7255697,10,12,-2
3958008,4207333,8,4,4
3958008,4207333,10,5,5
6532527,6948039,3,8,-5
6913365,7553058,9,2,7
6913365,7553058,11,4,7
6913365,7553058,12,1,11
6398834,7479172,1,4,-3
6398834,7479172,3,10,-7
6398834,7479172,4,3,1
6398834,7479172,5,8,-3
6398834,7479172,9,1,8
6398834,7479172,11,2,9
4104070,5240811,1,9,-8
7792624,8265847,4,5,-1
7792624,8265847,7,3,4
4955950,5601114,1,6,-5
4955950,5601114,3,2,1
4955950,5601114,6,4,2
4949253,6473896,9,8,1
6546461,7158440,4,11,-7
6546461,7158440,6,12,-6
6546461,7158440,13,5,8
4902502,7238368,1,1,0
4695078,8047579,1,4,-3
4695078,8047579,3,5,-2
4695078,8047579,5,3,2
4695078,8047579,11,9,2
4819234,6202174,2,1,1
4819234,6202174,7,8,-1
6455158,8329849,8,9,-1
7121943,8002620,2,3,-1
7121943,8002620,3,9,-6
7121943,8002620,5,10,-5
7121943,8002620,6,4,2
6145492,7318417,1,3,-2
6145492,7318417,4,1,3
6145492,7318417,8,2,6
6145492,7318417,11,10,1
7290512,7412950,1,1,0
7290512,7412950,3,2,1
7290512,7412950,4,12,-8
7290512,7412950,6,7,-1
7290512,7412950,7,9,-2
6330186,6850446,1,1,0
7257771,7721204,1,11,-10
7257771,7721204,10,9,1
6424439,7079721,7,1,6
5109453,5329604,5,6,-1
5109453,5329604,13,2,11
5147259,5573485,3,10,-7
5147259,5573485,4,2,2
5147259,5573485,12,7,5
6321212,7328184,3,12,-9
6321212,7328184,4,6,-2
6321212,7328184,6,13,-7
6081088,6955079,2,1,1
6081088,6955079,3,2,1
6081088,6955079,4,13,-9
6081088,6955079,9,3,6
6647092,7831296,3,8,-5
6647092,7831296,10,5,5
4021705,7066393,3,10,-7
4752658,8591395,1,1,0
4752658,8591395,11,13,-2
4721832,5357057,6,6,0
5384265,7141436,2,2,0
5384265,7141436,9,1,8
5384265,7141436,11,6,5
6317363,8694814,1,4,-3
4938860,6284478,6,4,2
4938860,6284478,11,2,9
5490246,6999101,2,3,-1
5257974,7147655,1,2,-1
5257974,7147655,3,3,0
4841220,8358116,2,3,-1
4841220,8358116,5,4,1
4841220,8358116,6,6,0
4841220,8358116,12,10,2
7280810,7551988,7,10,-3
7280810,7551988,8,6,2
4120264,8166919,4,1,3
7136973,8700834,1,10,-9
4127272,5273292,1,1,0
4127272,5273292,2,2,0
4127272,5273292,4,3,1
4611219,7083266,1,10,-9
6180433,7593708,8,3,5
6180433,7593708,10,11,-1
6159767,6475830,1,3,-2
5547181,6352256,1,2,-1
5547181,6352256,2,5,-3
5547181,6352256,3,1,2
5547181,6352256,7,4,3
4798443,6954674,8,13,-5
4337081,4543357,3,2,1
5514245,7589023,4,3,1
5514245,7589023,8,1,7
5514245,7589023,13,6,7
4687166,5220871,4,10,-6
5395327,6322536,4,4,0
4906843,7944435,11,13,-2
4906843,7944435,13,6,7
7818245,8351678,3,7,-4
7818245,8351678,4,1,3
6166318,8093488,1,2,-1
6166318,8093488,2,3,-1
4528311,6441119,2,6,-4
4528311,6441119,5,7,-2
4528311,6441119,10,1,9
4442162,8413655,7,11,-4
5382961,7042619,7,11,-4
6648328,7891800,2,2,0
5415169,8636758,2,5,-3
6120379,7422523,2,3,-1
5388658,8280591,2,5,-3
5388658,8280591,7,3,4
5388658,8280591,9,13,-4
5520879,8597442,1,2,-1
5520879,8597442,5,5,0
6558781,7875331,1,1,0
6558781,7875331,6,3,3
6558781,7875331,8,2,6
6558781,7875331,12,4,8
6558781,7875331,13,5,8
5352623,6232637,4,1,3
4454039,5571407,1,5,-4
4985722,6074901,4,3,1
4985722,6074901,13,10,3
4237253,5278269,10,12,-2
4237253,5278269,11,13,-2
4418828,5100009,2,9,-7
4418828,5100009,6,3,3
7748620,8636133,6,3,3
6539050,8005035,3,7,-4
5386326,6064538,1,1,0
5386326,6064538,2,6,-4
5386326,6064538,3,4,-1
5386326,6064538,4,8,-4
5386326,6064538,6,5,1
5386326,6064538,13,7,6
7149417,8353426,5,12,-7
7149417,8353426,10,4,6
4695386,4851128,3,9,-6
4695386,4851128,6,1,5
4695386,4851128,7,5,2
4695386,4851128,13,6,7
7306944,8507277,1,5,-4
7306944,8507277,2,13,-11
7306944,8507277,4,7,-3
4100567,4985781,1,1,0
4100567,4985781,5,5,0
4100567,4985781,6,10,-4
4100567,4985781,7,2,5
4100567,4985781,8,3,5
4100567,4985781,11,6,5
3976416,4222730,8,9,-1
3976416,4222730,9,1,8
3976416,4222730,13,4,9
5333173,6463127,8,1,7
5333173,6463127,9,5,4
5646058,7101762,2,1,1
5646058,7101762,4,11,-7
5549705,6123730,1,2,-1
5549705,6123730,3,5,-2
5549705,6123730,8,7,1
5549705,6123730,9,3,6
4387578,8020403,5,6,-1
7098803,8467972,5,6,-1
7098803,8467972,9,13,-4
5257855,7753454,7,7,0
6464185,7699377,3,1,2
4041950,6955667,6,8,-2
4041950,6955667,8,12,-4
4041950,6955667,9,1,8
7355575,8059117,3,5,-2
7355575,8059117,5,1,4
7355575,8059117,7,2,5
7355575,8059117,13,6,7
4152667,4568840,7,1,6
4152667,4568840,8,2,6
5100388,7099717,5,10,-5
5100388,7099717,8,1,7
6130689,6481821,2,1,1
6130689,6481821,3,2,1
6130689,6481821,8,4,4
6130689,6481821,10,6,4
4637398,6156065,3,3,0
4637398,6156065,4,2,2
4637398,6156065,5,4,1
4637398,6156065,11,10,1
4039845,8362432,1,9,-8
4039845,8362432,2,5,-3
5289570,8351713,2,8,-6
5289570,8351713,3,4,-1
5289570,8351713,4,6,-2
5289570,8351713,9,3,6
5486655,6066889,9,9,0
5486655,6066889,13,11,2
3932492,4097525,1,6,-5
4392242,5109529,1,4,-3
4392242,5109529,3,1,2
3988138,5283803,1,9,-8
3988138,5283803,7,8,-1
3988138,5283803,8,1,7
4674819,5501605,1,1,0
4674819,5501605,3,5,-2
4674819,5501605,4,2,2
4032945,6252221,1,10,-9
4032945,6252221,3,4,-1
5313585,6098114,2,2,0
5313585,6098114,12,8,4
5313585,6098114,13,7,6
6956590,7213214,4,1,3
6956590,7213214,13,11,2
5027338,5274615,1,3,-2
5027338,5274615,2,4,-2
5027338,5274615,4,7,-3
5027338,5274615,6,6,0
5181105,7710600,1,1,0
5181105,7710600,7,2,5
4885523,6064179,1,2,-1
7090698,7708778,2,6,-4
7090698,7708778,6,1,5
7268066,7883950,2,6,-4
7268066,7883950,10,12,-2
6962417,7609228,2,1,1
6962417,7609228,3,8,-5
6962417,7609228,7,11,-4
6962417,7609228,8,4,4
6962417,7609228,10,2,8
6962417,7609228,12,10,2
5038221,7231587,7,3,4
6438423,7778704,1,3,-2
6438423,7778704,3,1,2
5249576,7657295,2,1,1
6485537,7702484,1,2,-1
6485537,7702484,10,6,4
6416164,7332127,6,1,5
5181181,8267786,10,10,0
4997480,6051633,7,8,-1
4997480,6051633,9,13,-4
4876399,5631278,1,2,-1
5320150,7766125,2,8,-6
5320150,7766125,9,1,8
6416907,8564071,10,10,0
4401856,4629831,2,2,0
4401856,4629831,3,5,-2
4401856,4629831,8,1,7
4401856,4629831,10,8,2
4401856,4629831,12,13,-1
7414583,8217840,1,1,0
7414583,8217840,3,6,-3
5108716,5599509,1,1,0
5108716,5599509,3,3,0
5108716,5599509,4,6,-2
5108716,5599509,7,9,-2
5108716,5599509,11,7,4
5108716,5599509,13,5,8
5410016,7820158,4,4,0
4485134,5547631,2,5,-3
4485134,5547631,3,3,0
6187590,7659122,3,9,-6
6187590,7659122,6,8,-2
6187590,7659122,11,6,5
7904511,8386519,2,10,-8
7904511,8386519,13,7,6
6271333,7345130,6,4,2
3944185,7156585,3,2,1
7052483,8306598,5,8,-3
6343342,7904679,9,2,7
6343342,7904679,12,4,8
8081463,8693186,1,9,-8
8081463,8693186,4,1,3
8081463,8693186,6,2,4
6957839,7055882,4,4,0
6957839,7055882,6,11,-5
6957839,7055882,13,8,5
6146776,7298596,1,7,-6
6146776,7298596,5,1,4
6146776,7298596,11,6,5
6146776,7298596,12,3,9
5570172,7672634,2,2,0
4154167,4878429,2,2,0
4154167,4878429,10,6,4
6176602,6481878,2,3,-1
6176602,6481878,4,10,-6
6176602,6481878,8,9,-1
4854949,5249510,3,3,0
4854949,5249510,5,2,3
4854949,5249510,7,12,-5
4854949,5249510,12,8,4
4348298,5026505,4,2,2
4348298,5026505,5,4,1
5009053,5351814,1,2,-1
4917104,8123702,5,2,3
6242855,6489712,2,8,-6
6242855,6489712,3,13,-10
5280398,6012146,10,3,7
5280398,6012146,13,13,0
4494950,8583227,4,13,-9
6522594,7092277,1,1,0
6522594,7092277,2,2,0
6522594,7092277,3,4,-1
6522594,7092277,7,10,-3
6522594,7092277,10,5,5
6522594,7092277,11,12,-1
6389432,8234318,1,11,-10
6389432,8234318,8,3,5
6237644,7445032,4,1,3
6237644,7445032,7,7,0
5038345,5305305,4,1,3
5038345,5305305,11,6,5
5038345,5305305,12,4,8
7390806,8461135,11,7,4
5349570,7012856,1,12,-11
5349570,7012856,3,11,-8
5349570,7012856,6,3,3
5349570,7012856,9,4,5
5524093,8045358,8,2,6
3999978,4420333,3,3,0
3999978,4420333,6,6,0
5304515,6924086,7,4,3
5584525,8376074,1,1,0
5584525,8376074,3,6,-3
5584525,8376074,6,9,-3
4904013,5186512,2,1,1
4904013,5186512,5,4,1
4994041,5385550,1,1,0
5288304,8328906,1,5,-4
8118006,8342140,1,1,0
8118006,8342140,2,6,-4
8118006,8342140,3,2,1
8118006,8342140,4,3,1
6353823,7693866,2,12,-10
6353823,7693866,8,8,0
5252456,6248507,1,1,0
5252456,6248507,2,4,-2
5252456,6248507,3,6,-3
5252456,6248507,4,13,-9
5252456,6248507,9,10,-1
5252456,6248507,13,3,10
4429725,5297594,1,2,-1
4429725,5297594,5,1,4
4429725,5297594,8,4,4
4429725,5297594,12,6,6
7673665,8505607,4,2,2
7673665,8505607,11,4,7
6434953,7104075,1,2,-1
6434953,7104075,3,3,0
6434953,7104075,4,4,0
6434953,7104075,13,7,6
6147893,6621758,10,5,5
6147893,6621758,13,8,5
5008776,6325294,2,9,-7
4353363,8613282,4,9,-5
7181016,7620187,1,1,0
7181016,7620187,2,6,-4
7181016,7620187,5,12,-7
4796972,7625108,3,2,1
4796972,7625108,7,8,-1
7856838,8360833,4,1,3
7856838,8360833,6,13,-7
7856838,8360833,8,6,2
6540254,7108282,3,2,1
6540254,7108282,10,11,-1
6540254,7108282,12,8,4
7235763,8492686,8,2,6
7235763,8492686,13,5,8
6291808,7109448,5,4,1
6291808,7109448,7,11,-4
6291808,7109448,8,6,2
6291808,7109448,10,1,9
4814687,5191278,1,3,-2
4814687,5191278,2,7,-5
4814687,5191278,3,1,2
4814687,5191278,4,8,-4
6524469,8747673,4,2,2
6542362,8164900,9,5,4
6542362,8164900,10,6,4
4616659,7415304,12,13,-1
3981762,4759874,1,1,0
3981762,4759874,3,5,-2
4668758,5620789,2,2,0
4668758,5620789,3,3,0
4668758,5620789,4,8,-4
4668758,5620789,5,5,0
4540415,8486041,1,1,0
5176668,5356403,2,12,-10
5176668,5356403,3,2,1
6414843,8550702,4,12,-8
6414843,8550702,5,3,2
5507685,7273409,1,2,-1
4361206,4909347,8,1,7
5200136,8211357,1,1,0
5200136,8211357,2,4,-2
5200136,8211357,13,11,2
4919382,5143334,1,5,-4
4919382,5143334,3,1,2
4919382,5143334,7,4,3
5024946,8715743,3,2,1
5024946,8715743,6,3,3
5024946,8715743,7,5,2
5024946,8715743,8,1,7
6442528,8195714,5,13,-8
6865664,7194605,2,1,1
6865664,7194605,3,5,-2
6865664,7194605,6,7,-1
4264546,4812272,4,13,-9
5203213,6553860,6,4,2
6493656,7085968,1,2,-1
5643240,7855316,1,9,-8
4943792,5093645,1,1,0
4943792,5093645,2,3,-1
4943792,5093645,9,7,2
5611801,6391030,1,8,-7
5611801,6391030,2,6,-4
5611801,6391030,4,1,3
5611801,6391030,6,7,-1
5611801,6391030,8,5,3
6471655,8216136,2,4,-2
6471655,8216136,5,8,-3
6120330,7166000,1,4,-3
6120330,7166000,2,3,-1
6120330,7166000,3,5,-2
6120330,7166000,7,2,5
5077085,5500315,4,13,-9
5077085,5500315,13,3,10
6493360,7079604,1,5,-4
6493360,7079604,13,3,10
4090338,8176698,6,10,-4
4090338,8176698,12,4,8
4264346,4661126,5,3,2
6966090,7367073,1,8,-7
6966090,7367073,2,2,0
6966090,7367073,4,11,-7
6966090,7367073,6,5,1
5559402,6628087,1,6,-5
5559402,6628087,3,2,1
8078641,8670926,2,6,-4
7363727,8276291,3,2,1
7363727,8276291,7,3,4
7363727,8276291,13,9,4
4520317,5084710,10,7,3
5240426,6552262,2,4,-2
5240426,6552262,3,9,-6
6471367,6945666,9,4,5
6289485,7982808,6,6,0
4461403,4896796,2,4,-2
4461403,4896796,3,2,1
4076386,4257684,1,1,0
4076386,4257684,2,3,-1
4076386,4257684,3,5,-2
4076386,4257684,13,11,2
5232162,8448667,2,3,-1
4498882,8127707,3,1,2
6146554,8147725,1,1,0
6146554,8147725,5,2,3
4379525,5110055,2,1,1
4379525,5110055,6,11,-5
6603776,7522533,4,10,-6
6292693,8103334,1,4,-3
6292693,8103334,8,5,3
4896010,5124125,1,5,-4
4229661,8272212,9,13,-4
4931547,7939314,1,5,-4
6954287,7667873,4,3,1
6954287,7667873,5,7,-2
6954287,7667873,12,13,-1
6866401,7745957,3,13,-10
6866401,7745957,10,4,6
4206244,5624700,2,4,-2
4206244,5624700,7,1,6
6142438,8087422,4,1,3
4310558,6086940,11,13,-2
6271481,7638419,1,1,0
7217174,7811156,1,7,-6
7217174,7811156,2,1,1
7217174,7811156,8,9,-1
6358756,6989576,1,2,-1
6358756,6989576,3,1,2
6358756,6989576,5,8,-3
6358756,6989576,8,5,3
6266113,8330709,5,3,2
5223967,6476952,11,2,9
7456415,8598543,4,1,3
5637978,7723993,1,1,0
4780821,6513121,3,7,-4
4780821,6513121,5,5,0
4780821,6513121,7,8,-1
4780821,6513121,13,10,3
4883878,6545185,4,1,3
4883878,6545185,5,2,3
6429061,8183627,7,8,-1
6429061,8183627,9,4,5
6934364,8719019,12,11,1
4284413,5350430,1,4,-3
4284413,5350430,2,1,1
4284413,5350430,3,2,1
4284413,5350430,6,3,3
6188799,7397853,3,5,-2
6188799,7397853,7,7,0
6188799,7397853,9,8,1
6188799,7397853,12,1,11
6654830,7769990,8,11,-3
5240537,6475209,1,1,0
5109022,6897244,2,4,-2
7333094,8094137,1,2,-1
7333094,8094137,5,7,-2
7333094,8094137,7,10,-3
6188869,7003726,8,4,4
5045755,6479941,3,12,-9
5045755,6479941,5,8,-3
5045755,6479941,10,4,6
7618974,8217172,8,11,-3
3994136,4240256,1,9,-8
3994136,4240256,3,5,-2
3994136,4240256,9,3,6
6628745,7103137,11,4,7
5448698,6445711,3,11,-8
5273895,6201151,12,5,7
7634795,8325821,1,3,-2
4674246,4799332,4,4,0
4674246,4799332,7,13,-6
4674246,4799332,8,1,7
4674246,4799332,11,10,1
6132094,6419049,2,2,0
5568395,7925488,9,6,3
5119221,8377558,10,6,4
7732744,8711269,1,10,-9
7732744,8711269,3,12,-9
7732744,8711269,4,1,3
7732744,8711269,5,8,-3
4390164,7159363,1,8,-7
4390164,7159363,4,4,0
6097123,7752933,1,11,-10
6097123,7752933,7,3,4
6097123,7752933,11,5,6
6097123,7752933,13,2,11
4608052,8057475,4,2,2
4608052,8057475,7,5,2
6026474,7337331,3,9,-6
6026474,7337331,4,5,-1
7370732,7665581,3,2,1
7370732,7665581,4,8,-4
7370732,7665581,5,5,0
7370732,7665581,6,7,-1
7370732,7665581,7,6,1
7370732,7665581,8,13,-5
7370732,7665581,9,9,0
7370732,7665581,11,11,0
7370732,7665581,12,12,0
6649964,8217455,2,8,-6
6649964,8217455,4,3,1
6649964,8217455,6,1,5
6649964,8217455,9,6,3
5246161,6082774,3,9,-6
3938758,4036458,8,11,-3
6082455,7216720,4,6,-2
6082455,7216720,11,2,9
7269048,7903446,2,5,-3
7269048,7903446,3,1,2
7269048,7903446,4,8,-4
7269048,7903446,6,2,4
7269048,7903446,7,10,-3
7269048,7903446,8,3,5
7269048,7903446,10,11,-1
7269048,7903446,11,6,5
7269048,7903446,12,13,-1
5442662,5629956,1,9,-8
5442662,5629956,2,6,-4
5442662,5629956,4,4,0
5442662,5629956,9,3,6
4436175,5048858,1,2,-1
4463995,4834561,1,4,-3
6346901,7068978,1,1,0
6346901,7068978,2,6,-4
6346901,7068978,7,2,5
6346901,7068978,8,4,4
4701521,6962686,1,2,-1
4701521,6962686,5,6,-1
5008621,6278272,1,6,-5
5341732,6553706,1,3,-2
5341732,6553706,3,12,-9
4072483,6484350,1,9,-8
5020865,6196646,1,4,-3
5020865,6196646,2,5,-3
5020865,6196646,4,1,3
6374155,8670866,1,2,-1
6374155,8670866,10,3,7
7377127,8640494,1,2,-1
7377127,8640494,11,6,5
7377127,8640494,12,1,11
5096339,7677844,5,2,3
6449317,7110726,3,11,-8
6449317,7110726,4,2,2
6449317,7110726,5,3,2
6449317,7110726,6,12,-6
6936491,8174085,3,3,0
5195657,6426048,7,3,4
5195657,6426048,11,9,2
5147361,7341591,2,1,1
5147361,7341591,5,6,-1
6077075,7047978,1,2,-1
4661099,5635201,10,11,-1
7647992,8714285,3,13,-10
6920478,7639672,2,5,-3
6616333,6939041,1,1,0
6616333,6939041,2,2,0
6616333,6939041,4,4,0
6616333,6939041,5,13,-8
6616333,6939041,9,9,0
6616333,6939041,10,3,7
6616333,6939041,11,10,1
6616333,6939041,12,7,5
4721103,7828802,2,6,-4
4721103,7828802,12,10,2
5085635,8613765,4,1,3
5041245,5405633,2,2,0
5041245,5405633,3,3,0
5041245,5405633,4,5,-1
5041245,5405633,10,12,-2
6260087,6577158,7,12,-5
6260087,6577158,10,9,1
4026744,6539698,1,1,0
4026744,6539698,7,10,-3
4026744,6539698,10,12,-2
4325224,4790143,4,5,-1
4325224,4790143,5,1,4
4325224,4790143,9,2,7
5189409,8170201,1,3,-2
5189409,8170201,4,13,-9
4921483,5571172,2,8,-6
4921483,5571172,12,10,2
4637761,6098260,13,11,2
4622053,5287703,8,2,6
4622053,5287703,12,12,0
4663714,7590485,7,3,4
6504587,6982686,3,4,-1
6504587,6982686,6,1,5
6908391,8221218,2,1,1
4833794,5105562,1,1,0
4833794,5105562,2,5,-3
4833794,5105562,5,2,3
4833794,5105562,6,12,-6
4833794,5105562,9,9,0
6198063,6512192,1,2,-1
6198063,6512192,7,1,6
6364210,7905424,2,1,1
6364210,7905424,5,4,1
6364210,7905424,6,8,-2
6364210,7905424,7,5,2
4126168,7137493,4,2,2
6352536,8162973,1,7,-6
6352536,8162973,6,3,3
5147060,8286819,3,4,-1
5147060,8286819,6,9,-3
5147060,8286819,9,10,-1
4634113,4997180,1,1,0
4634113,4997180,6,7,-1
4634113,4997180,8,3,5
5168062,7563442,4,4,0
5577399,6536242,3,13,-10
5577399,6536242,5,12,-7
5577399,6536242,7,9,-2
5577399,6536242,12,3,9
4263699,5301395,1,1,0
4263699,5301395,3,2,1
4977683,5327658,1,4,-3
4977683,5327658,2,7,-5
4977683,5327658,8,5,3
6069940,7460654,2,3,-1
6069940,7460654,5,6,-1
4676783,4874382,2,1,1
5064265,5253259,1,4,-3
5064265,5253259,4,11,-7
4724887,7121318,7,4,3
4724887,7121318,9,9,0
5251729,7654370,1,7,-6
5251729,7654370,6,2,4
5251729,7654370,8,11,-3
4209879,8678327,6,9,-3
4209879,8678327,12,4,8
4342531,4753590,1,1,0
4342531,4753590,3,3,0
4342531,4753590,6,4,2
4701129,6079980,2,3,-1
4701129,6079980,13,6,7
4960381,8551140,8,8,0
4960381,8551140,10,6,4
7002418,7668279,1,2,-1
7002418,7668279,5,3,2
7002418,7668279,9,11,-2
4771744,5265964,5,3,2
4771744,5265964,6,9,-3
4771744,5265964,9,7,2
5295256,7870146,3,9,-6
5295256,7870146,6,5,1
5295256,7870146,10,3,7
6163259,7999723,2,4,-2
6163259,7999723,3,8,-5
6163259,7999723,4,9,-5
6551276,8696633,1,2,-1
6551276,8696633,6,4,2
4036192,5020500,1,2,-1
4036192,5020500,3,1,2
4036192,5020500,4,3,1
4952554,5384307,1,12,-11
4952554,5384307,2,2,0
4952554,5384307,5,6,-1
5236915,7470677,5,8,-3
6237582,8469013,4,2,2
6237582,8469013,5,7,-2
6237582,8469013,6,3,3
6237582,8469013,8,5,3
6237582,8469013,11,4,7
5073047,5150230,5,4,1
5073047,5150230,6,5,1
6928666,7331066,1,1,0
6928666,7331066,5,8,-3
6928666,7331066,6,4,2
6928666,7331066,11,3,8
5049262,7604127,1,8,-7
5049262,7604127,2,5,-3
5558398,6230501,5,13,-8
6559710,8193724,1,1,0
7191097,7688198,6,5,1
7191097,7688198,10,2,8
5286364,8362904,5,1,4
3971950,7783089,4,1,3
3971950,7783089,7,7,0
5626588,7811296,9,2,7
6234789,7666345,1,3,-2
6234789,7666345,2,2,0
4796781,7722275,2,2,0
4796781,7722275,7,7,0
4803900,5007147,1,3,-2
4803900,5007147,4,13,-9
5063155,6503737,6,12,-6
4923601,6165048,2,4,-2
4923601,6165048,6,1,5
6270528,7351262,5,1,4
6270528,7351262,6,7,-1
6270528,7351262,13,12,1
5487591,6394549,1,2,-1
5487591,6394549,7,6,1
4381069,5626126,2,2,0
4598004,5556375,7,2,5
5494004,7464670,8,1,7
6332661,7944410,1,1,0
6332661,7944410,5,5,0
6332661,7944410,12,13,-1
5371898,8238264,6,12,-6
4137606,5593630,13,2,11
4709991,7375782,7,9,-2
6991053,7680567,1,1,0
6991053,7680567,3,3,0
6991053,7680567,4,10,-6
6991053,7680567,5,4,1
6143209,7719751,7,1,6
7346929,7712138,1,1,0
7346929,7712138,3,9,-6
7346929,7712138,4,2,2
7346929,7712138,8,5,3
7346929,7712138,9,4,5
6271899,7002646,5,3,2
6271899,7002646,6,4,2
6271899,7002646,9,11,-2
4689295,5582975,4,7,-3
4689295,5582975,6,3,3
4964777,5348437,6,9,-3
5191206,8406592,1,3,-2
5191206,8406592,8,6,2
5191206,8406592,9,9,0
5191206,8406592,10,4,6
5188231,5491038,5,10,-5
5188231,5491038,7,2,5
5188231,5491038,10,6,4
5314058,8746459,3,1,2
6954524,8503639,2,10,-8
6954524,8503639,6,5,1
4876534,8067948,5,8,-3
5638613,7441349,3,6,-3
5638613,7441349,4,2,2
7340051,7633966,11,12,-1
4909481,5236177,4,5,-1
4909481,5236177,8,9,-1
4909481,5236177,13,10,3
6338727,6540771,1,2,-1
6338727,6540771,4,6,-2
6338727,6540771,5,9,-4
6338727,6540771,6,3,3
6338727,6540771,10,10,0
5448072,8006942,1,5,-4
5448072,8006942,2,2,0
5448072,8006942,3,6,-3
4321936,5048547,1,5,-4
4321936,5048547,2,1,1
4321936,5048547,3,4,-1
4321936,5048547,5,7,-2
4321936,5048547,6,9,-3
4321936,5048547,7,3,4
5238311,6491436,1,10,-9
5238311,6491436,3,4,-1
5238311,6491436,4,6,-2
6388253,7716009,8,1,7
6388253,7716009,11,9,2
5310440,7422600,4,7,-3
4663214,8409662,1,3,-2
4663214,8409662,3,13,-10
5197426,6478346,2,4,-2
5197426,6478346,10,11,-1
4062306,4569296,2,2,0
4062306,4569296,11,12,-1
6236335,7437212,6,3,3
5593718,7124489,2,1,1
5593718,7124489,5,3,2
4693133,8739930,1,1,0
4693133,8739930,3,9,-6
6070798,7848961,5,1,4
6070798,7848961,10,8,2
6901066,8325017,5,6,-1
6901066,8325017,7,4,3
6901066,8325017,11,2,9
6075779,6256509,7,4,3
6075779,6256509,10,1,9
5285784,8649839,3,4,-1
5285784,8649839,6,6,0
3996396,4668315,1,2,-1
3996396,4668315,13,3,10
7502252,7663134,1,11,-10
7502252,7663134,8,6,2
5155684,8396592,11,2,9
6027960,7645646,10,3,7
4407770,6395207,2,5,-3
4407770,6395207,5,4,1
4407770,6395207,6,6,0
4407770,6395207,8,8,0
6409532,8651889,1,2,-1
6456528,7573747,2,7,-5
6456528,7573747,5,13,-8
6164035,6253523,1,7,-6
6164035,6253523,2,8,-6
6164035,6253523,12,4,8
6265150,7674619,2,11,-9
6265150,7674619,13,12,1
5235630,8531995,3,3,0
5235630,8531995,6,6,0
5104383,6482181,1,1,0
5104383,6482181,4,3,1
5104383,6482181,5,9,-4
6423466,8353245,1,4,-3
6208796,8520997,1,1,0
6208796,8520997,3,3,0
6208796,8520997,4,8,-4
6208796,8520997,6,4,2
6208796,8520997,11,10,1
5245615,8001350,3,4,-1
5268176,7494643,5,4,1
5268176,7494643,7,13,-6
5268176,7494643,11,7,4
5571086,7918881,1,5,-4
5571086,7918881,8,1,7
5366770,7060255,2,6,-4
5366770,7060255,8,11,-3
4403781,4961599,2,4,-2
4403781,4961599,3,6,-3
6159699,7674632,7,5,2
5386724,6547016,1,1,0
5386724,6547016,2,12,-10
5386724,6547016,5,2,3
5386724,6547016,6,3,3
5386724,6547016,8,4,4
5386724,6547016,11,6,5
5386724,6547016,13,10,3
4932861,6969251,1,1,0
4932861,6969251,4,8,-4
4932861,6969251,7,7,0
5387474,7130522,1,8,-7
5387474,7130522,12,6,6
4130638,7879376,11,8,3
7588436,8282388,1,8,-7
7588436,8282388,12,3,9
7588436,8282388,13,5,8
6296604,7603905,3,6,-3
5260988,7668558,3,7,-4
4870652,5412678,2,6,-4
4870652,5412678,8,5,3
4410027,8484926,3,12,-9
5061847,5270538,1,5,-4
6990801,7594390,1,1,0
6990801,7594390,2,8,-6
6990801,7594390,3,11,-8
6990801,7594390,4,4,0
6990801,7594390,5,6,-1
6990801,7594390,8,2,6
6990801,7594390,9,5,4
6990801,7594390,10,3,7
5623933,7001337,1,11,-10
4600065,6519916,3,7,-4
7492254,8330610,1,7,-6
5651470,7076929,4,4,0
5651470,7076929,6,6,0
5651470,7076929,9,2,7
4611091,8673675,4,11,-7
4611091,8673675,5,4,1
4611091,8673675,13,8,5
4405598,5439670,3,1,2
4405598,5439670,7,3,4
6451019,8262698,11,4,7
6488503,7144240,3,7,-4
6843359,8419603,9,9,0
6843359,8419603,10,10,0
6484807,7992633,10,7,3
6484807,7992633,11,6,5
4807077,5390871,1,5,-4
4807077,5390871,2,1,1
6489216,7574791,10,2,8
5126466,5294418,1,1,0
5126466,5294418,2,2,0
5126466,5294418,9,5,4
4750481,7833241,5,1,4
5181925,8449618,6,1,5
5181925,8449618,13,12,1
6218904,6593814,1,2,-1
6218904,6593814,2,1,1
6218904,6593814,5,7,-2
4423339,4725743,1,2,-1
4423339,4725743,5,6,-1
4423339,4725743,10,9,1
3939362,4205291,3,13,-10
3939362,4205291,7,3,4
3939362,4205291,10,1,9
4913808,5399263,3,2,1
4913808,5399263,6,8,-2
4913808,5399263,7,3,4
5295717,8286829,6,7,-1
4760025,5244791,1,3,-2
4760025,5244791,9,11,-2
5571195,7144427,2,12,-10
5571195,7144427,5,9,-4
5571195,7144427,10,3,7
5101501,6556551,4,13,-9
4946458,7608096,1,8,-7
4946458,7608096,6,13,-7
4766902,5318595,13,2,11
6842898,7793299,1,3,-2
6842898,7793299,2,9,-7
6842898,7793299,7,12,-5
4013499,4153497,1,1,0
4013499,4153497,11,6,5
7421174,8406593,2,10,-8
7421174,8406593,4,12,-8
7421174,8406593,7,2,5
5137178,5346108,2,8,-6
4895709,7750173,5,8,-3
5388588,6964658,2,2,0
4059112,4161178,10,10,0
4546690,5265248,7,1,6
4546690,5265248,8,4,4
4255164,6949128,3,1,2
4255164,6949128,5,4,1
4255164,6949128,13,11,2
4570317,5351748,2,8,-6
4570317,5351748,10,4,6
6413288,8328892,2,2,0
6413288,8328892,3,1,2
6414290,7361872,4,2,2
6414290,7361872,11,9,2
5318203,5386928,1,3,-2
5318203,5386928,2,1,1
6157808,8628331,11,5,6
6213119,8375944,10,11,-1
5423582,7111878,5,5,0
5423582,7111878,7,2,5
6573656,8106585,7,1,6
6573656,8106585,9,5,4
4555086,4697784,4,1,3
7098737,7649424,1,2,-1
7098737,7649424,8,3,5
6385460,6970708,1,1,0
6385460,6970708,5,2,3
6385460,6970708,13,10,3
5314406,6312408,1,2,-1
5314406,6312408,3,1,2
4162290,4721604,4,6,-2
4162290,4721604,10,11,-1
4921709,8496977,1,1,0
4921709,8496977,3,10,-7
4921709,8496977,6,8,-2
6149055,8429077,2,6,-4
6149055,8429077,8,8,0
6149055,8429077,10,1,9
5154341,5293006,2,1,1
5154341,5293006,3,2,1
5154341,5293006,9,9,0
5564662,6073284,3,13,-10
5564662,6073284,11,3,8
4383714,7066538,5,1,4
4383714,7066538,8,3,5
4892726,8192748,3,2,1
4892726,8192748,4,3,1
6069890,6614781,4,7,-3
6065255,7748175,2,1,1
4414749,4608112,10,1,9
4543038,4794855,1,5,-4
4543038,4794855,2,8,-6
7206276,7286463,1,3,-2
7206276,7286463,3,1,2
7206276,7286463,6,6,0
7206276,7286463,7,2,5
3960805,6476098,1,5,-4
3960805,6476098,2,2,0
3960805,6476098,3,1,2
3960805,6476098,4,3,1
3960805,6476098,9,11,-2
3960805,6476098,13,9,4
6456899,8331650,1,1,0
6456899,8331650,8,7,1
6456899,8331650,13,9,4
5619274,7663700,2,4,-2
4040289,5646352,9,6,3
4265734,5286380,2,3,-1
4265734,5286380,6,8,-2
4265734,5286380,8,12,-4
6449246,6654431,1,1,0
6449246,6654431,2,2,0
6449246,6654431,3,3,0
6449246,6654431,4,4,0
6449246,6654431,5,5,0
6449246,6654431,6,6,0
6449246,6654431,7,7,0
6449246,6654431,8,8,0
6449246,6654431,9,9,0
6449246,6654431,10,10,0
6449246,6654431,11,11,0
6449246,6654431,12,12,0
6449246,6654431,13,13,0
6331944,6473337,6,1,5
6331944,6473337,12,5,7
6331944,6473337,13,13,0
4116388,4261517,1,13,-12
4116388,4261517,3,1,2
4116388,4261517,6,4,2
4116388,4261517,9,9,0
5231634,6628629,2,3,-1
5231634,6628629,9,13,-4
4979940,8504179,1,1,0
4979940,8504179,8,7,1
6631093,7477551,2,5,-3
6631093,7477551,3,10,-7
6631093,7477551,5,9,-4
3985579,4128732,2,1,1
3985579,4128732,5,4,1
6282515,6640242,3,6,-3
4310188,5343346,1,1,0
4310188,5343346,6,9,-3
3992301,6355173,2,1,1
3992301,6355173,3,2,1
6204143,8274777,5,4,1
6204143,8274777,6,3,3
6204143,8274777,7,8,-1
6204143,8274777,10,6,4
6204143,8274777,11,7,4
6204143,8274777,12,5,7
6204143,8274777,13,1,12
5594959,8069503,1,3,-2
5594959,8069503,4,13,-9
5594959,8069503,5,5,0
5594959,8069503,8,1,7
4278502,8101217,7,7,0
7306325,8007087,2,1,1
7306325,8007087,4,5,-1
7306325,8007087,6,9,-3
4571738,8077797,4,2,2
4571738,8077797,7,5,2
4616639,4989591,5,2,3
6537433,8083917,1,1,0
6537433,8083917,2,2,0
6537433,8083917,3,3,0
6537433,8083917,4,4,0
6537433,8083917,5,5,0
6537433,8083917,6,6,0
6537433,8083917,7,7,0
6537433,8083917,8,8,0
6537433,8083917,9,9,0
6537433,8083917,10,10,0
6537433,8083917,11,11,0
6537433,8083917,12,12,0
6537433,8083917,13,13,0
6414606,7239122,11,1,10
6370119,6643699,1,7,-6
6370119,6643699,9,1,8
6370119,6643699,11,6,5
5601315,8454271,9,1,8
4543286,4953234,2,8,-6
6883201,8749196,2,1,1
6883201,8749196,3,9,-6
5177455,5430415,2,2,0
5177455,5430415,3,3,0
5177455,5430415,8,9,-1
5177455,5430415,10,7,3
4783199,5035721,2,1,1
4783199,5035721,10,9,1
5337396,7118281,6,3,3
5337396,7118281,9,7,2
5286362,7604721,6,4,2
4366819,7033383,8,2,6
5112317,7377913,3,12,-9
4997612,6489404,2,3,-1
4997612,6489404,3,6,-3
4227043,4436950,1,6,-5
4227043,4436950,3,4,-1
4227043,4436950,10,5,5
4851695,7151283,3,5,-2
4851695,7151283,4,10,-6
4851695,7151283,5,4,1
4851695,7151283,11,6,5
7095708,7890138,1,2,-1
7095708,7890138,11,12,-1
4550903,5275393,4,1,3
4550903,5275393,6,3,3
4550903,5275393,7,6,1
4550903,5275393,8,7,1
6400018,7060624,5,1,4
6879985,7373389,1,1,0
6879985,7373389,6,4,2
4140945,6653993,1,6,-5
4140945,6653993,7,4,3
7324210,7446882,13,4,9
6541947,7208928,9,5,4
6541947,7208928,10,11,-1
6995808,7202916,1,3,-2
6995808,7202916,2,1,1
6995808,7202916,4,6,-2
6952015,7965817,4,5,-1
6383190,8038682,4,1,3
6383190,8038682,11,13,-2
7315139,8339058,5,2,3
7315139,8339058,9,5,4
7315139,8339058,13,10,3
5211201,8562584,7,3,4
5640395,6925068,2,8,-6
5640395,6925068,4,5,-1
5640395,6925068,6,7,-1
5640395,6925068,9,9,0
6611289,8124929,1,2,-1
6611289,8124929,10,1,9
5313360,7952854,1,2,-1
5313360,7952854,10,3,7
4285957,5541200,1,3,-2
4285957,5541200,5,12,-7
6569212,7449058,1,1,0
6569212,7449058,2,4,-2
6569212,7449058,3,3,0
6434598,7836428,4,12,-8
6434598,7836428,6,10,-4
4449470,5334062,6,6,0
4449470,5334062,12,5,7
7313712,8478918,9,6,3
6286451,8568529,5,1,4
6286451,8568529,8,4,4
7082171,7218907,4,11,-7
7082171,7218907,8,6,2
7082171,7218907,9,2,7
3950645,4086511,8,6,2
6280444,8282683,4,3,1
6198628,7952869,4,3,1
6198628,7952869,6,12,-6
6198628,7952869,11,4,7
4954958,6269356,4,8,-4
4520762,4869210,1,10,-9
4520762,4869210,3,1,2
4520762,4869210,7,12,-5
4520762,4869210,10,5,5
7066254,7950453,1,8,-7
7066254,7950453,5,10,-5
4353875,4547258,8,3,5
4979935,8529560,5,11,-6
6308168,7287037,9,2,7
7016417,8094814,3,9,-6
7016417,8094814,4,8,-4
7016417,8094814,9,4,5
4553981,7988948,1,12,-11
4553981,7988948,2,7,-5
4553981,7988948,4,5,-1
6461225,7183199,4,1,3
6461225,7183199,5,11,-6
6461225,7183199,7,4,3
6461225,7183199,8,2,6
6082621,7093763,3,5,-2
6082621,7093763,9,6,3
6082621,7093763,11,7,4
5068355,5210217,1,6,-5
5068355,5210217,5,9,-4
5068355,5210217,7,3,4
5068355,5210217,12,11,1
4241401,5249276,1,1,0
4241401,5249276,5,3,2
4241401,5249276,6,6,0
6906678,7696946,6,2,4
5122088,7553210,5,4,1
5122088,7553210,9,5,4
5122088,7553210,12,3,9
4902909,5253279,9,1,8
6363380,8671337,5,3,2
6532311,8217966,3,6,-3
6532311,8217966,13,3,10
4110364,6916856,4,6,-2
4110364,6916856,5,4,1
5645053,8744587,3,6,-3
5645053,8744587,6,11,-5
4131161,4377208,2,1,1
4131161,4377208,12,7,5
5590118,6577653,2,6,-4
5590118,6577653,3,9,-6
5590118,6577653,7,8,-1
8116596,8233711,1,4,-3
6088821,8135557,2,1,1
6088821,8135557,3,3,0
6088821,8135557,10,5,5
6088821,8135557,12,6,6
6999779,8195188,2,3,-1
7372360,7714723,5,9,-4
7372360,7714723,8,7,1
7127895,8667792,4,1,3
7127895,8667792,8,11,-3
7127895,8667792,11,12,-1
5233944,7665452,1,11,-10
5233944,7665452,5,6,-1
4637240,8689595,1,3,-2
4637240,8689595,2,6,-4
4637240,8689595,3,1,2
4637240,8689595,12,4,8
6611867,8261057,1,4,-3
4549951,5004583,12,3,9
5196049,7699905,1,4,-3
5196049,7699905,8,1,7
5029927,6135540,2,7,-5
5029927,6135540,10,13,-3
4866426,6246333,1,1,0
6564351,7089467,9,8,1
7233039,8362534,1,5,-4
7233039,8362534,3,1,2
7233039,8362534,4,6,-2
7233039,8362534,6,8,-2
7233039,8362534,8,3,5
6298290,7386376,6,1,5
6298290,7386376,13,5,8
6150774,8222584,2,1,1
4978879,5631612,1,13,-12
4978879,5631612,10,6,4
6921963,7235468,2,3,-1
5448706,6976158,1,10,-9
5351053,8089404,11,2,9
6160600,7102718,1,4,-3
6160600,7102718,2,8,-6
6160600,7102718,9,1,8
5341807,7794461,3,10,-7
5341807,7794461,4,5,-1
6545500,7132846,2,2,0
6545500,7132846,6,4,2
6545500,7132846,10,9,1
6134441,8010640,7,4,3
4154568,6071113,1,1,0
4154568,6071113,12,2,10
7036180,8584299,1,4,-3
7036180,8584299,2,3,-1
7036180,8584299,3,5,-2
7036180,8584299,5,2,3
4237575,5249330,1,2,-1
4237575,5249330,8,1,7
4251547,4413014,11,1,10
6846515,7179755,1,1,0
6846515,7179755,6,10,-4
6846515,7179755,8,8,0
6846515,7179755,13,2,11
6317449,7068689,1,6,-5
6317449,7068689,7,2,5
6317449,7068689,8,4,4
6317449,7068689,9,12,-3
5261779,7543876,3,1,2
4328036,4966237,9,5,4
6351067,7182663,9,2,7
6351067,7182663,10,3,7
5493070,7295025,1,1,0
5493070,7295025,2,7,-5
5493070,7295025,11,4,7
4197939,6454107,2,8,-6
4197939,6454107,4,3,1
4197939,6454107,5,2,3
6173805,7980356,13,7,6
6958285,8022527,3,13,-10
6958285,8022527,13,10,3
5610683,8259287,11,10,1
5610683,8259287,12,2,10
5647164,6286249,2,1,1
5647164,6286249,13,4,9
4489206,7053191,1,8,-7
4489206,7053191,4,6,-2
4489206,7053191,9,10,-1
4489206,7053191,10,12,-2
6848304,8353212,2,13,-11
6848304,8353212,6,9,-3
6848304,8353212,12,12,0
4347108,7815786,1,13,-12
4347108,7815786,4,7,-3
4347108,7815786,9,11,-2
6606059,8217843,1,3,-2
6606059,8217843,2,1,1
5592768,6449891,4,4,0
5592768,6449891,5,6,-1
5592768,6449891,6,7,-1
6569745,8422278,1,12,-11
4683661,8720075,1,5,-4
6445023,7208427,4,13,-9
4018021,4689925,3,7,-4
5395326,8142414,13,13,0
6414998,7096481,3,8,-5
6414998,7096481,4,3,1
6414998,7096481,6,9,-3
6453290,7552055,1,3,-2
6453290,7552055,2,4,-2
6453290,7552055,5,13,-8
5270640,6043664,7,4,3
5270640,6043664,13,10,3
6100551,8269985,1,2,-1
6100551,8269985,2,9,-7
6100551,8269985,11,10,1
4171109,7360320,2,5,-3
4171109,7360320,3,1,2
4171109,7360320,7,3,4
4823108,5375193,1,11,-10
6289460,7925609,1,1,0
4143219,4430452,1,2,-1
4143219,4430452,4,12,-8
4143219,4430452,5,8,-3
4958391,7152258,8,4,4
7303322,7692733,6,1,5
7303322,7692733,13,10,3
6126166,8342533,3,1,2
6126166,8342533,4,2,2
4452207,5253630,1,2,-1
4452207,5253630,2,1,1
4452207,5253630,4,3,1
4452207,5253630,9,4,5
7167747,8160686,1,2,-1
7167747,8160686,4,6,-2
6998241,8158444,10,5,5
7096665,8708046,5,5,0
7096665,8708046,7,3,4
7096665,8708046,13,12,1
6302358,7607613,7,13,-6
4882084,5447659,5,12,-7
4882084,5447659,6,5,1
4882084,5447659,11,11,0
6286555,7354349,3,7,-4
4185056,4571277,4,1,3
4185056,4571277,7,3,4
4279412,4436300,2,3,-1
4279412,4436300,5,7,-2
4279412,4436300,12,9,3
6141384,6958781,7,7,0
6402401,7139638,6,13,-7
6402401,7139638,7,5,2
6402401,7139638,8,7,1
6402401,7139638,9,12,-3
6402401,7139638,10,6,4
6353492,6849170,5,5,0
4860254,7220985,1,4,-3
4860254,7220985,7,1,6
4383902,6476094,1,1,0
4383902,6476094,3,8,-5
4383902,6476094,8,3,5
6198133,8748898,10,8,2
7381553,7892804,3,3,0
7381553,7892804,4,4,0
7381553,7892804,9,7,2
7381553,7892804,12,9,3
7381553,7892804,13,10,3
6232887,7489935,4,4,0
6232887,7489935,5,12,-7
5202677,5591255,1,1,0
7216292,8095597,11,4,7
6944655,8631119,2,5,-3
6336269,7884479,7,5,2
4763482,5239832,1,6,-5
4763482,5239832,2,10,-8
4763482,5239832,5,7,-2
4692164,7846203,1,2,-1
4692164,7846203,10,4,6
4258386,8484677,5,4,1
4540404,4698056,3,4,-1
4540404,4698056,4,8,-4
4540404,4698056,6,6,0
4609903,4904980,1,11,-10
4609903,4904980,5,5,0
4609903,4904980,13,1,12
6399979,7626219,4,1,3
6399979,7626219,6,6,0
6399979,7626219,13,2,11
6304551,7450514,3,4,-1
6963438,8083386,1,13,-12
6963438,8083386,12,7,5
7118959,8351107,2,2,0
7118959,8351107,4,12,-8
6348131,8647105,1,1,0
6348131,8647105,3,9,-6
6348131,8647105,7,11,-4
6348131,8647105,9,3,6
4295713,5518869,1,1,0
4295713,5518869,4,3,1
4295713,5518869,5,4,1
4295713,5518869,11,2,9
4245972,4385884,1,1,0
4245972,4385884,2,9,-7
6080655,7144816,1,4,-3
6080655,7144816,2,3,-1
6080655,7144816,8,11,-3
6080655,7144816,13,2,11
4238306,7060173,5,7,-2
4023146,6496110,3,2,1
4023146,6496110,10,10,0
5214376,7761245,5,2,3
4782379,4982258,4,9,-5
4782379,4982258,8,13,-5
4383290,7815353,1,9,-8
4383290,7815353,2,11,-9
4383290,7815353,10,4,6
5358693,7731998,8,7,1
4720229,5346206,2,10,-8
4720229,5346206,4,1,3
6431636,7748776,1,7,-6
6431636,7748776,4,5,-1
6431636,7748776,7,4,3
6361671,6911345,1,6,-5
4713271,6530603,9,3,6
4713271,6530603,12,12,0
4432549,5255913,2,5,-3
3943097,4059562,4,3,1
3943097,4059562,9,9,0
3943097,4059562,12,1,11
3943097,4059562,13,6,7
6578014,8290824,1,1,0
6578014,8290824,7,2,5
5403311,6866663,1,2,-1
5403311,6866663,5,8,-3
6865536,8666741,1,1,0
6865536,8666741,2,13,-11
6486783,7671744,2,3,-1
6486783,7671744,6,2,4
6486783,7671744,8,8,0
4220382,5211565,5,1,4
4220382,5211565,6,4,2
5207788,7600626,1,2,-1
5207788,7600626,5,1,4
5207788,7600626,12,4,8
4535869,4667758,2,11,-9
4535869,4667758,8,12,-4
4929239,8506580,3,1,2
4978578,5392272,2,1,1
4978578,5392272,5,5,0
4978578,5392272,12,10,2
6622836,8057358,1,1,0
6622836,8057358,3,2,1
5280064,6174939,1,2,-1
5280064,6174939,2,8,-6
5280064,6174939,6,11,-5
5280064,6174939,11,13,-2
7535825,8295181,5,1,4
7535825,8295181,7,9,-2
7535825,8295181,12,12,0
7596550,7827523,1,1,0
7596550,7827523,10,10,0
4543527,7924103,9,4,5
4543527,7924103,13,2,11
5291886,7113817,2,5,-3
5291886,7113817,7,3,4
5125435,7980274,1,1,0
5125435,7980274,7,10,-3
6100087,7935797,5,3,2
6100087,7935797,7,7,0
5360343,6292768,3,5,-2
5360343,6292768,12,3,9
6504371,8055326,4,3,1
6504371,8055326,6,8,-2
6504371,8055326,8,7,1
6504371,8055326,10,11,-1
7179673,7697107,4,13,-9
7179673,7697107,7,1,6
7179673,7697107,11,3,8
7179673,7697107,12,5,7
7179673,7697107,13,2,11
3953097,8480430,1,6,-5
4783879,7845603,9,11,-2
4783879,7845603,10,12,-2
4152702,4388723,1,3,-2
4152702,4388723,13,2,11
5397758,6984763,9,10,-1
4169431,4433645,8,7,1
4169431,4433645,9,4,5
4204200,7210656,8,4,4
6176781,8568224,1,5,-4
6228073,7914467,3,2,1
8245185,8577937,8,4,4
5185455,6300505,5,2,3
5185455,6300505,6,13,-7
5185455,6300505,9,3,6
5185455,6300505,12,1,11
5185455,6300505,13,4,9
4332694,4699828,9,4,5
4332694,4699828,12,10,2
5291701,7895794,6,9,-3
5291701,7895794,7,13,-6
5291701,7895794,10,2,8
5036837,8123709,2,10,-8
5036837,8123709,3,5,-2
5036837,8123709,8,3,5
5036837,8123709,9,8,1
5036837,8123709,10,6,4
6898386,7657214,1,1,0
6898386,7657214,2,3,-1
6898386,7657214,3,7,-4
6898386,7657214,5,5,0
6898386,7657214,6,9,-3
6898386,7657214,13,12,1
7862089,8205915,1,3,-2
7862089,8205915,2,2,0
7862089,8205915,3,1,2
7862089,8205915,4,4,0
7862089,8205915,6,8,-2
7862089,8205915,7,12,-5
5557332,8457212,2,1,1
5557332,8457212,6,3,3
7337421,8701071,10,2,8
6900723,7088219,3,2,1
6900723,7088219,6,8,-2
6900723,7088219,11,3,8
4182181,4842418,1,1,0
4182181,4842418,2,5,-3
4182181,4842418,5,11,-6
4182181,4842418,6,3,3
7191273,8504992,2,3,-1
7191273,8504992,11,5,6
7191273,8504992,12,2,10
4536647,4757534,9,8,1
6134535,7693768,1,1,0
6134535,7693768,13,4,9
4851609,5563371,3,11,-8
4851609,5563371,6,1,5
5253382,7698771,1,1,0
5253382,7698771,10,4,6
4929699,5187236,4,4,0
4929699,5187236,6,13,-7
6657318,8013684,2,2,0
6093502,7704627,3,3,0
6375569,8376836,2,2,0
6375569,8376836,4,5,-1
6375569,8376836,6,13,-7
6375569,8376836,8,1,7
6432585,8112138,1,8,-7
6432585,8112138,3,1,2
6432585,8112138,5,2,3
6335890,6490217,1,2,-1
6335890,6490217,3,5,-2
6335890,6490217,4,4,0
6335890,6490217,6,13,-7
6335890,6490217,7,3,4
6335890,6490217,8,7,1
6335890,6490217,10,12,-2
6335890,6490217,12,6,6
6335890,6490217,13,8,5
4630306,6516097,2,3,-1
4630306,6516097,3,1,2
4436463,8192116,2,2,0
6957255,8423653,1,2,-1
4901197,6848316,4,1,3
4901197,6848316,7,2,5
6931764,7685743,3,3,0
6931764,7685743,8,5,3
6931764,7685743,13,1,12
6666866,7988695,6,4,2
6666866,7988695,8,2,6
6338245,8332129,1,4,-3
6338245,8332129,2,6,-4
6338245,8332129,5,5,0
5466861,6313163,11,9,2
6888331,8080966,3,1,2
5161422,7178419,5,8,-3
5161422,7178419,6,6,0
5161422,7178419,13,13,0
7212104,7305874,1,11,-10
7212104,7305874,5,1,4
7212104,7305874,10,6,4
4380910,7150160,4,5,-1
4380910,7150160,12,8,4
4380910,7150160,13,9,4
7794475,8136712,1,1,0
7794475,8136712,9,7,2
5040602,7182135,4,5,-1
8078764,8285911,8,12,-4
7223502,8445144,2,8,-6
7223502,8445144,3,3,0
7223502,8445144,4,1,3
7223502,8445144,6,12,-6
7223502,8445144,7,4,3
6123205,6230902,7,2,5
7311398,8665526,2,1,1
7311398,8665526,11,2,9
7311398,8665526,13,10,3
3936536,4304113,1,1,0
4466433,8302602,5,5,0
4466433,8302602,7,3,4
4142107,6461544,1,3,-2
5574845,6144375,9,1,8
4820167,7780452,11,13,-2
4695426,8359732,1,10,-9
6860871,7753877,1,1,0
6860871,7753877,2,13,-11
6860871,7753877,4,3,1
6860871,7753877,7,8,-1
4253377,6314859,4,13,-9
4253377,6314859,7,6,1
4253377,6314859,8,1,7
4253377,6314859,9,10,-1
4850969,7819848,1,3,-2
4850969,7819848,8,1,7
6094980,7730791,2,4,-2
6132451,6926690,4,13,-9
6132451,6926690,6,5,1
6198862,6846116,1,1,0
6198862,6846116,3,9,-6
4714686,5244534,4,2,2
5212188,6603011,5,9,-4
5212188,6603011,11,4,7
6439736,7270441,1,2,-1
6439736,7270441,3,1,2
6439736,7270441,5,11,-6
6439736,7270441,9,3,6
8065193,8326684,1,2,-1
8065193,8326684,7,3,4
8065193,8326684,10,10,0
5593440,8527026,4,3,1
5285792,8265726,7,4,3
5285792,8265726,12,5,7
5568660,7444707,11,2,9
5068151,6872782,1,1,0
5068151,6872782,11,2,9
7307926,7443774,3,4,-1
7307926,7443774,4,9,-5
7307926,7443774,6,2,4
5602730,6168076,2,11,-9
4091473,5319812,2,1,1
4091473,5319812,11,3,8
6147367,8591069,1,1,0
6147367,8591069,5,11,-6
6147367,8591069,12,2,10
5095911,8246640,10,5,5
4948458,6881608,2,3,-1
4884814,8012044,1,1,0
4884814,8012044,2,2,0
4884814,8012044,4,7,-3
6248404,7140711,2,5,-3
4646470,6321486,13,10,3
7092002,8699457,13,13,0
5135128,5320246,1,1,0
5135128,5320246,2,12,-10
5135128,5320246,6,4,2
6985745,8386655,3,6,-3
6985745,8386655,5,11,-6
6416495,7993304,3,13,-10
6416495,7993304,5,2,3
6416495,7993304,13,12,1
7436845,7830793,1,8,-7
6411835,7872748,8,1,7
5570685,6915965,1,1,0
4945257,5278636,3,7,-4
4945257,5278636,5,5,0
4945257,5278636,8,8,0
4945257,5278636,10,13,-3
4945257,5278636,12,11,1
4143486,4680888,5,3,2
4143486,4680888,8,1,7
4143486,4680888,9,10,-1
4143486,4680888,11,6,5
3938800,4815721,2,10,-8
7130682,8538521,2,1,1
7130682,8538521,6,7,-1
7130682,8538521,10,10,0
7130682,8538521,12,13,-1
6174188,6468101,1,1,0
6174188,6468101,3,2,1
6174188,6468101,12,9,3
7355122,8198752,4,10,-6
5489098,7147569,1,4,-3
5489098,7147569,3,10,-7
5489098,7147569,8,7,1
6314793,8720254,1,1,0
6314793,8720254,10,11,-1
6415961,8657159,3,5,-2
6415961,8657159,4,11,-7
6415961,8657159,7,1,6
6415961,8657159,10,13,-3
6415961,8657159,13,10,3
4143055,4259340,1,3,-2
4816767,6366097,8,3,5
6385466,7853297,6,4,2
5450586,6237059,8,7,1
6367579,8605936,1,4,-3
6367579,8605936,4,8,-4
6367579,8605936,6,12,-6
7517053,7784903,1,1,0
7517053,7784903,3,2,1
7517053,7784903,6,9,-3
7517053,7784903,13,3,10
6407406,6902962,4,11,-7
6196846,7760857,11,1,10
6196846,7760857,12,9,3
5559684,7116568,1,5,-4
5559684,7116568,8,2,6
5559684,7116568,9,3,6
7358331,8609820,1,1,0
7358331,8609820,2,5,-3
7358331,8609820,6,7,-1
7358331,8609820,7,10,-3
6233765,6848132,1,6,-5
6233765,6848132,4,4,0
6233765,6848132,8,1,7
4866168,5171749,2,1,1
4866168,5171749,8,6,2
4707839,7079567,4,5,-1
7953808,8630611,13,8,5
6385672,7779164,2,8,-6
6385672,7779164,3,2,1
6385672,7779164,4,7,-3
6385672,7779164,5,10,-5
6385672,7779164,6,5,1
5454240,6134927,2,1,1
5454240,6134927,3,2,1
5454240,6134927,5,7,-2
5454240,6134927,6,5,1
5454240,6134927,8,6,2
5454240,6134927,10,8,2
6167383,7243308,8,8,0
7164110,7976196,2,4,-2
7164110,7976196,3,1,2
6645071,8662982,1,5,-4
6645071,8662982,4,1,3
6645071,8662982,12,2,10
4663811,4902218,1,3,-2
4663811,4902218,7,4,3
4663811,4902218,9,2,7
6444364,7763384,2,11,-9
6444364,7763384,7,10,-3
6444364,7763384,10,1,9
5451500,8057993,1,4,-3
5451500,8057993,4,11,-7
5451500,8057993,9,9,0
5350884,6303858,1,2,-1
5350884,6303858,12,6,6
4677366,7719246,3,3,0
4677366,7719246,4,9,-5
5343031,5479004,1,6,-5
5343031,5479004,7,12,-5
4087471,4180688,8,3,5
4087471,4180688,12,10,2
6223291,7415439,1,7,-6
6223291,7415439,4,4,0
6223291,7415439,10,3,7
4221058,5456025,1,12,-11
4221058,5456025,2,3,-1
4221058,5456025,12,7,5
4757527,5249179,1,2,-1
4757527,5249179,5,3,2
4757527,5249179,9,13,-4
5449368,7374565,1,11,-10
5449368,7374565,6,9,-3
5449368,7374565,10,13,-3
4945429,5429470,3,1,2
4945429,5429470,4,5,-1
5068831,7057944,5,4,1
5068831,7057944,12,2,10
4801135,5123637,2,4,-2
4907232,6332197,9,9,0
6901664,8713802,2,4,-2
6901664,8713802,5,1,4
6901664,8713802,9,9,0
6327470,8200205,5,1,4
5630805,7686823,7,5,2
5630805,7686823,8,1,7
4330046,6305492,10,2,8
6047323,7941309,11,7,4
7596001,8705250,3,6,-3
7596001,8705250,9,8,1
7596001,8705250,11,4,7
7596001,8705250,12,13,-1
5208587,5315297,1,1,0
5208587,5315297,2,2,0
5208587,5315297,3,3,0
5208587,5315297,4,4,0
5208587,5315297,5,5,0
5208587,5315297,6,6,0
5208587,5315297,7,7,0
5208587,5315297,8,8,0
5208587,5315297,9,9,0
5208587,5315297,10,10,0
5208587,5315297,11,11,0
5208587,5315297,12,12,0
5208587,5315297,13,13,0
7196153,8722836,2,2,0
7196153,8722836,13,9,4
4323557,5258421,5,3,2
4546551,5253424,3,9,-6
4546551,5253424,7,1,6
4546551,5253424,13,6,7
7651350,8439702,9,7,2
6187839,7687438,2,13,-11
5314093,6481589,4,8,-4
5314093,6481589,6,1,5
5314093,6481589,13,5,8
7802191,8195711,1,2,-1
4184618,5392802,1,2,-1
4810027,6979051,1,4,-3
4810027,6979051,4,5,-1
4810027,6979051,7,2,5
4810027,6979051,9,3,6
6623527,7668940,6,1,5
4222971,8042535,2,1,1
4222971,8042535,6,7,-1
5601573,7207997,1,1,0
5601573,7207997,7,4,3
5601573,7207997,8,9,-1
5601573,7207997,12,2,10
6097358,7456808,4,7,-3
6097358,7456808,8,11,-3
6097358,7456808,12,4,8
6097358,7456808,13,1,12
6076734,7150398,6,10,-4
6891257,8106406,1,9,-8
6891257,8106406,3,3,0
6891257,8106406,8,8,0
6473291,8224462,3,3,0
6330810,6889521,1,9,-8
6330810,6889521,3,1,2
6330810,6889521,9,5,4
6330810,6889521,10,10,0
6330810,6889521,11,7,4
5017939,7006052,3,11,-8
5017939,7006052,4,12,-8
5017939,7006052,5,1,4
4639321,7101835,10,4,6
6403348,8647338,1,2,-1
6403348,8647338,2,3,-1
7371252,7708755,1,1,0
7371252,7708755,2,4,-2
7371252,7708755,3,2,1
7371252,7708755,4,8,-4
7371252,7708755,5,11,-6
7371252,7708755,7,3,4
7371252,7708755,10,5,5
7371252,7708755,11,10,1
6944071,7696775,2,1,1
6944071,7696775,6,9,-3
6944071,7696775,10,4,6
4429739,5396948,1,9,-8
6077163,8568218,2,6,-4
6077163,8568218,3,1,2
6077163,8568218,4,2,2
6077163,8568218,9,9,0
6488565,7811153,1,8,-7
6488565,7811153,3,10,-7
6488565,7811153,12,9,3
4792269,7757610,4,13,-9
4792269,7757610,6,4,2
4792269,7757610,7,8,-1
4792269,7757610,9,9,0
5366912,7723788,4,3,1
5366912,7723788,5,11,-6
6670206,6852570,7,1,6
6670206,6852570,11,2,9
7447501,8369776,2,3,-1
7447501,8369776,3,1,2
6934696,7565377,3,10,-7
4433931,5210898,1,2,-1
4433931,5210898,6,6,0
4433931,5210898,9,7,2
4066049,7007589,2,1,1
7081377,8531904,1,2,-1
6410360,8007674,9,8,1
6410360,8007674,13,12,1
4253461,7534237,3,13,-10
4253461,7534237,9,2,7
6403312,8093359,12,6,6
6403312,8093359,13,9,4
5355341,6087709,13,8,5
5204800,6873510,2,3,-1
7162192,8670683,1,4,-3
7162192,8670683,2,7,-5
4361319,6065747,1,1,0
4361319,6065747,6,4,2
4361319,6065747,7,5,2
4406530,4544839,1,8,-7
4406530,4544839,5,5,0
6159839,7858513,4,8,-4
4614625,7731767,1,3,-2
4614625,7731767,2,7,-5
6347116,8711925,1,1,0
4218098,5308152,3,2,1
4218098,5308152,4,1,3
5364323,8678984,1,1,0
5364323,8678984,2,3,-1
5364323,8678984,7,8,-1
4109788,5337893,1,1,0
5289530,7454000,1,12,-11
5289530,7454000,4,1,3
4047581,7584794,1,6,-5
4047581,7584794,5,13,-8
5366117,6193111,1,2,-1
5366117,6193111,2,3,-1
5366117,6193111,11,10,1
4630290,5161185,1,1,0
4630290,5161185,2,4,-2
4630290,5161185,10,11,-1
6482880,8110639,2,2,0
4854377,7686069,1,4,-3
4854377,7686069,6,9,-3
4854377,7686069,13,6,7
4389820,5520572,5,3,2
4389820,5520572,9,13,-4
5297549,6353751,3,1,2
5297549,6353751,7,3,4
4686888,7669513,3,1,2
4686888,7669513,7,7,0
5313616,8745579,3,3,0
4227286,6499723,2,1,1
6340480,7128930,10,5,5
5489359,7727607,11,13,-2
4857893,6475443,1,2,-1
7652494,8725488,2,3,-1
7652494,8725488,5,10,-5
5643722,6066460,1,1,0
5643722,6066460,8,8,0
5348832,8592115,3,1,2
7707536,8671379,1,4,-3
7707536,8671379,3,3,0
7707536,8671379,6,1,5
7707536,8671379,10,2,8
4755857,5350940,1,8,-7
4755857,5350940,3,3,0
4755857,5350940,11,11,0
6126574,6629909,2,4,-2
6126574,6629909,3,5,-2
6126574,6629909,4,1,3
6126574,6629909,8,2,6
6126574,6629909,9,8,1
6337161,7298458,1,4,-3
6507080,7598573,4,4,0
6507080,7598573,11,1,10
5569207,8293965,1,11,-10
5569207,8293965,10,8,2
5569207,8293965,12,2,10
6293755,8734109,3,1,2
6293755,8734109,12,4,8
6396907,6529500,2,2,0
6396907,6529500,11,4,7
7401453,7779606,1,1,0
7401453,7779606,2,2,0
7401453,7779606,3,3,0
7401453,7779606,4,4,0
7401453,7779606,5,5,0
7401453,7779606,6,6,0
7401453,7779606,7,7,0
7401453,7779606,8,8,0
7401453,7779606,9,9,0
7401453,7779606,10,10,0
7401453,7779606,11,11,0
7401453,7779606,12,12,0
4393366,6993161,11,8,3
6551946,6902960,1,1,0
6551946,6902960,4,5,-1
4913520,7308171,2,4,-2
4913520,7308171,3,1,2
4796244,5241529,3,9,-6
4796244,5241529,9,5,4
4147619,5062532,5,3,2
4147619,5062532,6,9,-3
5239540,7818773,2,8,-6
5239540,7818773,10,1,9
5144375,6671426,1,7,-6
5144375,6671426,3,1,2
5144375,6671426,8,10,-2
5482373,6471085,1,4,-3
5482373,6471085,2,3,-1
5482373,6471085,4,13,-9
7245871,8672324,3,7,-4
6292528,6429718,4,1,3
6292528,6429718,5,4,1
6292528,6429718,8,10,-2
7219717,8186719,7,2,5
7219717,8186719,8,8,0
7219717,8186719,10,6,4
4805294,4978585,5,8,-3
4805294,4978585,6,9,-3
4805294,4978585,7,1,6
4805294,4978585,8,12,-4
5149025,5331311,1,2,-1
5149025,5331311,3,3,0
5149025,5331311,6,1,5
5149025,5331311,7,8,-1
4221416,5024476,6,8,-2
4350433,4427286,1,10,-9
4350433,4427286,2,12,-10
4350433,4427286,3,4,-1
4350433,4427286,7,6,1
6987433,7388455,1,1,0
6987433,7388455,3,3,0
6987433,7388455,4,4,0
6987433,7388455,7,10,-3
6987433,7388455,13,11,2
5301147,6380592,2,7,-5
5301147,6380592,3,1,2
5301147,6380592,13,3,10
4865231,6499900,1,8,-7
4865231,6499900,4,5,-1
4936511,6942126,1,2,-1
4936511,6942126,2,1,1
4936511,6942126,6,4,2
4936511,6942126,9,11,-2
6477384,7027827,3,7,-4
6477384,7027827,10,2,8
6477384,7027827,12,12,0
6477384,7027827,13,9,4
5003889,5562038,1,6,-5
5003889,5562038,2,8,-6
5003889,5562038,6,10,-4
6164865,6666616,1,1,0
5587097,7361869,8,4,4
6270569,8349077,2,4,-2
6270569,8349077,10,5,5
4161075,6062236,3,1,2
4161075,6062236,4,6,-2
5498421,6414139,11,6,5
4952491,5298387,1,9,-8
4952491,5298387,3,3,0
4952491,5298387,4,2,2
4952491,5298387,5,11,-6
4952491,5298387,6,5,1
4952491,5298387,13,12,1
4851069,7727211,6,1,5
4042131,4906161,2,1,1
4042131,4906161,5,7,-2
6095084,7470626,1,3,-2
6095084,7470626,7,2,5
6095084,7470626,8,10,-2
7748079,8210804,10,13,-3
4339944,5064412,2,6,-4
6349883,7885959,12,3,9
6070380,7603823,4,1,3
6070380,7603823,6,2,4
5577809,7494192,1,3,-2
5577809,7494192,2,4,-2
5577809,7494192,3,2,1
5577809,7494192,4,13,-9
4532489,4926543,1,3,-2
6510959,7287663,6,4,2
4390393,6979876,4,7,-3
7065953,8584464,2,1,1
7065953,8584464,9,4,5
5487160,6948039,1,7,-6
5487160,6948039,4,8,-4
5281834,6423990,6,9,-3
6470252,8751084,5,2,3
8090428,8662684,5,8,-3
4159441,4671586,1,3,-2
4159441,4671586,3,1,2
4159441,4671586,4,4,0
6438202,8154001,1,12,-11
6438202,8154001,2,4,-2
5303085,5642227,1,1,0
5303085,5642227,2,2,0
5303085,5642227,3,3,0
5303085,5642227,4,4,0
5303085,5642227,5,5,0
5303085,5642227,6,6,0
5303085,5642227,7,7,0
5303085,5642227,8,8,0
5303085,5642227,9,9,0
5303085,5642227,10,10,0
5303085,5642227,12,11,1
5303085,5642227,13,12,1
6579153,8506359,2,5,-3
6579153,8506359,8,12,-4
6579153,8506359,9,13,-4
5192326,6533817,1,2,-1
5192326,6533817,3,5,-2
5192326,6533817,4,3,1
5192326,6533817,6,4,2
5192326,6533817,13,11,2
4995928,6547915,2,3,-1
4349392,6206982,5,6,-1
4349392,6206982,10,2,8
4562728,5492006,4,1,3
4661897,6243275,9,10,-1
6535328,7587144,3,11,-8
6535328,7587144,4,5,-1
6535328,7587144,10,3,7
6535328,7587144,11,2,9
6308655,7861669,1,1,0
6308655,7861669,3,4,-1
6308655,7861669,5,6,-1
6308655,7861669,8,2,6
5005102,6459137,1,5,-4
5005102,6459137,3,4,-1
5005102,6459137,9,2,7
5005102,6459137,10,6,4
5005102,6459137,13,10,3
5211570,6091200,2,4,-2
4624575,6554465,5,1,4
6195140,7068335,1,1,0
6195140,7068335,3,2,1
6153688,7659335,2,4,-2
6153688,7659335,3,8,-5
6153688,7659335,4,3,1
6153688,7659335,5,10,-5
6153688,7659335,6,11,-5
6153688,7659335,7,5,2
7209278,7310178,1,1,0
7209278,7310178,2,3,-1
7209278,7310178,5,9,-4
7209278,7310178,6,13,-7
7209278,7310178,10,5,5
7209278,7310178,11,7,4
7209278,7310178,12,8,4
6578073,7127503,5,6,-1
6578073,7127503,8,5,3
5243592,7848240,10,2,8
6450130,7819089,1,8,-7
6450130,7819089,4,4,0
6091846,7826649,4,3,1
5430644,7587363,5,2,3
5279543,8465425,9,12,-3
4761197,5030190,3,3,0
4761197,5030190,9,8,1
6850644,8457416,2,2,0
5481471,8736303,5,2,3
5481471,8736303,9,10,-1
4787805,6202655,4,1,3
4051522,5374965,8,6,2
3994318,5137055,3,1,2
3994318,5137055,12,6,6
3994318,5137055,13,7,6
6126590,7500946,1,2,-1
6126590,7500946,5,3,2
6072227,6218268,9,5,4
4081879,8461726,1,12,-11
4081879,8461726,12,10,2
4920618,7875052,1,3,-2
5028983,8004798,4,5,-1
5028983,8004798,10,4,6
4779917,6082805,1,1,0
4779917,6082805,8,13,-5
7378280,7820427,1,3,-2
7378280,7820427,3,12,-9
5269763,8740785,12,6,6
5269763,8740785,13,11,2
6336137,7720842,10,5,5
7105429,7531886,1,4,-3
7105429,7531886,5,12,-7
5644801,6374428,6,2,4
4705820,5342395,1,12,-11
4705820,5342395,3,3,0
4705820,5342395,4,5,-1
4705820,5342395,7,10,-3
4705820,5342395,9,11,-2
4705820,5342395,13,13,0
5503016,6388887,9,2,7
5503016,6388887,12,6,6
4805575,5191867,2,4,-2
4805575,5191867,6,5,1
4805575,5191867,10,1,9
5269190,6178822,4,11,-7
5269190,6178822,6,5,1
5269190,6178822,13,10,3
5176644,8273022,6,8,-2
5142224,7176705,3,2,1
5142224,7176705,6,7,-1
4215181,5312696,2,1,1
4215181,5312696,3,8,-5
4215181,5312696,7,9,-2
4215181,5312696,8,3,5
4215181,5312696,10,6,4
7009877,8755222,5,3,2
7009877,8755222,7,6,1
7009877,8755222,9,1,8
7009877,8755222,13,4,9
6962039,7337600,1,3,-2
6962039,7337600,2,4,-2
6962039,7337600,6,11,-5
6962039,7337600,7,7,0
5525229,6860996,2,4,-2
5525229,6860996,6,6,0
5525229,6860996,12,12,0
4794412,5200770,2,2,0
4794412,5200770,8,7,1
5448009,6291757,6,9,-3
5448009,6291757,7,4,3
7115919,7600083,7,3,4
7115919,7600083,11,12,-1
4575227,4758865,1,1,0
4575227,4758865,8,2,6
6891838,8010319,6,3,3
5059818,6535024,1,1,0
5059818,6535024,4,3,1
7347812,8388514,3,11,-8
6224018,7556040,7,3,4
4553852,6527437,2,6,-4
4553852,6527437,4,5,-1
4074599,5284304,1,2,-1
4074599,5284304,4,1,3
6959078,8155275,4,3,1
4983886,5347422,1,5,-4
4983886,5347422,5,3,2
4983886,5347422,7,6,1
5347305,6542593,1,1,0
7042688,7455538,10,7,3
4003426,4825939,11,4,7
6154771,7149788,3,11,-8
7318713,7686604,4,1,3
7318713,7686604,13,4,9
4190795,5345167,2,11,-9
4190795,5345167,6,3,3
5364374,6503231,1,1,0
7377081,8112967,5,5,0
4007300,6576323,3,4,-1
4007300,6576323,9,2,7
4007300,6576323,13,5,8
4229676,4465987,2,3,-1
4229676,4465987,3,9,-6
4229676,4465987,5,5,0
7685426,7953270,5,1,4
7685426,7953270,7,2,5
5269758,6595967,1,3,-2
5406317,7665823,5,4,1
5406317,7665823,6,10,-4
6152363,7117066,2,4,-2
5310404,8423131,3,1,2
5310404,8423131,12,3,9
6998826,7906952,1,1,0
6998826,7906952,2,5,-3
6998826,7906952,3,2,1
6998826,7906952,10,11,-1
4930054,6210024,2,1,1
4930054,6210024,3,4,-1
6567654,7471940,3,9,-6
6567654,7471940,8,10,-2
5252369,7556217,1,6,-5
5252369,7556217,7,12,-5
5376593,7067861,6,1,5
5376593,7067861,10,6,4
6153048,6626223,1,2,-1
6153048,6626223,4,3,1
6153048,6626223,5,13,-8
6153048,6626223,12,5,7
5010998,7124876,1,1,0
5430715,6427174,6,3,3
4687107,5044504,1,3,-2
7147481,8154883,7,4,3
5151429,6204273,2,3,-1
5151429,6204273,3,5,-2
5151429,6204273,7,4,3
5151429,6204273,10,8,2
5151429,6204273,12,9,3
5638399,6275518,1,1,0
5638399,6275518,2,2,0
7266207,8280076,1,4,-3
4929624,5446153,2,1,1
4929624,5446153,4,8,-4
4929624,5446153,5,5,0
4929624,5446153,8,12,-4
4929624,5446153,13,13,0
4923935,6153710,2,5,-3
4923935,6153710,3,9,-6
4923935,6153710,4,8,-4
4923935,6153710,6,11,-5
4923935,6153710,11,12,-1
7140861,7920329,12,2,10
6077057,7309220,1,5,-4
6077057,7309220,2,4,-2
6077057,7309220,3,11,-8
6077057,7309220,7,3,4
6295558,7613803,6,1,5
4837565,7520634,1,10,-9
4837565,7520634,2,9,-7
4837565,7520634,6,4,2
5047299,7858256,4,1,3
5047299,7858256,9,10,-1
5339465,6536050,1,5,-4
5339465,6536050,2,3,-1
4809432,7043841,2,2,0
4809432,7043841,3,6,-3
4809432,7043841,7,10,-3
4809432,7043841,9,5,4
7206692,8165802,3,3,0
7206692,8165802,10,10,0
6365485,6960503,1,2,-1
6365485,6960503,2,1,1
6365485,6960503,3,10,-7
6365485,6960503,4,11,-7
6365485,6960503,12,4,8
4264705,5006447,4,6,-2
4264705,5006447,5,3,2
4264705,5006447,9,5,4
4264705,5006447,10,2,8
8197641,8465584,1,2,-1
8197641,8465584,2,1,1
8197641,8465584,3,3,0
8197641,8465584,4,5,-1
8197641,8465584,5,10,-5
8197641,8465584,6,12,-6
8197641,8465584,7,13,-6
8197641,8465584,12,4,8
4547851,7132926,2,3,-1
4547851,7132926,3,7,-4
7359920,8001080,2,2,0
5202471,5399586,10,7,3
7433944,8719319,3,4,-1
7433944,8719319,12,2,10
5292303,8517965,1,2,-1
5292303,8517965,3,4,-1
5292303,8517965,10,8,2
7772224,7994325,1,1,0
7772224,7994325,2,2,0
7772224,7994325,3,3,0
7772224,7994325,4,4,0
7772224,7994325,5,5,0
7772224,7994325,6,6,0
7772224,7994325,7,7,0
7772224,7994325,8,8,0
7772224,7994325,9,9,0
7772224,7994325,11,10,1
7772224,7994325,12,11,1
7772224,7994325,13,12,1
4263057,4353159,12,3,9
4702653,5211518,6,13,-7
4446280,4743498,5,5,0
4366722,4722014,1,1,0
4911742,5059229,8,11,-3
4025675,4121005,3,9,-6
6456306,8285855,1,5,-4
6456306,8285855,4,6,-2
6456306,8285855,9,2,7
7254265,8077393,1,2,-1
6892529,8105542,1,2,-1
6892529,8105542,7,7,0
6892529,8105542,10,5,5
5396290,8485450,9,8,1
4403988,6887216,11,1,10
4827500,8315364,11,1,10
6383975,7749937,9,5,4
4554924,5078138,1,13,-12
4554924,5078138,2,5,-3
6188993,7756896,8,12,-4
6626488,7781704,1,4,-3
6626488,7781704,12,3,9
5356433,7862605,2,12,-10
7255969,8465891,1,5,-4
7255969,8465891,3,7,-4
7255969,8465891,5,6,-1
7255969,8465891,11,2,9
4853804,5062013,1,4,-3
4853804,5062013,4,1,3
4853804,5062013,10,7,3
4177927,5321860,2,6,-4
4880331,5433547,12,1,11
5217224,7892093,2,2,0
5217224,7892093,3,4,-1
4091695,6176155,1,1,0
4091695,6176155,2,8,-6
5650338,6955954,4,4,0
6072964,7206541,3,3,0
6072964,7206541,6,1,5
6072964,7206541,9,8,1
5167041,7976284,7,2,5
6982429,8357913,4,2,2
6982429,8357913,8,4,4
7113913,8024248,1,1,0
7113913,8024248,2,9,-7
3991766,6534081,9,7,2
5193553,8608718,2,2,0
5193553,8608718,5,3,2
4929196,6886538,2,6,-4
4035043,6312235,1,2,-1
4035043,6312235,3,4,-1
5574630,7162795,6,1,5
5574630,7162795,13,3,10
7043526,7257604,1,1,0
7043526,7257604,2,8,-6
7043526,7257604,3,3,0
7043526,7257604,5,13,-8
7043526,7257604,6,2,4
7043526,7257604,8,10,-2
5112890,6306939,3,7,-4
5112890,6306939,8,6,2
4788975,6251121,13,3,10
6901306,7266418,8,2,6
6066149,6391037,3,4,-1
6066149,6391037,6,13,-7
6066149,6391037,12,6,6
6085176,7650307,1,6,-5
6085176,7650307,6,3,3
5318589,7150097,1,1,0
5150116,8517627,1,2,-1
6366308,7763828,3,1,2
6366308,7763828,4,2,2
6366308,7763828,6,4,2
7342641,7659989,12,6,6
7006848,8203978,7,8,-1
5188230,6913149,12,2,10
5188230,6913149,13,12,1
6210277,7684882,4,1,3
6210277,7684882,5,3,2
6210277,7684882,10,5,5
6313913,7388659,1,1,0
6313913,7388659,4,5,-1
6313913,7388659,9,2,7
4491628,6946236,6,6,0
4491628,6946236,12,1,11
7274191,8339135,2,7,-5
7274191,8339135,4,5,-1
7274191,8339135,7,2,5
5307399,7151943,1,2,-1
4464285,7905949,2,1,1
4464285,7905949,4,13,-9
4464285,7905949,9,12,-3
6606695,8386721,1,5,-4
6606695,8386721,11,9,2
5411566,6453102,1,1,0
5411566,6453102,3,2,1
5411566,6453102,8,13,-5
5411566,6453102,11,8,3
5413728,8544283,5,1,4
5448155,7515446,3,10,-7
5448155,7515446,5,2,3
5448155,7515446,7,6,1
4377836,4717985,1,3,-2
4060061,4177772,1,8,-7
4060061,4177772,3,1,2
4060061,4177772,5,6,-1
4060061,4177772,6,7,-1
4060061,4177772,7,3,4
4060061,4177772,10,13,-3
6270498,8123807,2,2,0
6270498,8123807,4,10,-6
6602764,7195993,3,4,-1
6602764,7195993,4,1,3
6602764,7195993,5,2,3
6602764,7195993,6,10,-4
6602764,7195993,8,9,-1
6517795,7347929,1,1,0
6517795,7347929,3,10,-7
6517795,7347929,7,7,0
5567523,6144525,1,3,-2
5567523,6144525,2,5,-3
5567523,6144525,5,11,-6
5567523,6144525,8,9,-1
4524493,7591051,12,10,2
4524493,7591051,13,2,11
7621133,8347598,1,1,0
7621133,8347598,2,6,-4
7621133,8347598,5,8,-3
7621133,8347598,11,11,0
4126591,4520153,2,1,1
4126591,4520153,8,9,-1
4126591,4520153,11,6,5
4001187,6384180,1,11,-10
4001187,6384180,4,6,-2
4001187,6384180,5,10,-5
4001187,6384180,9,5,4
6980516,8370515,1,1,0
4532248,5504209,1,7,-6
6620379,8591472,1,6,-5
6620379,8591472,2,3,-1
6312902,7553619,13,10,3
4223676,4750902,3,2,1
4223676,4750902,5,1,4
4223676,4750902,7,8,-1
6893975,7205244,5,5,0
6893975,7205244,6,1,5
6893975,7205244,11,10,1
6808764,7303791,1,1,0
6808764,7303791,3,2,1
6808764,7303791,4,3,1
6808764,7303791,6,6,0
6808764,7303791,7,9,-2
6192367,7725834,12,13,-1
6278083,7074122,4,3,1
5405746,6255083,4,7,-3
5130592,7061152,2,3,-1
5130592,7061152,13,5,8
5387758,6414223,4,3,1
5387758,6414223,5,2,3
5387758,6414223,7,9,-2
5387758,6414223,9,7,2
5387758,6414223,11,5,6
5161286,6209287,2,2,0
5161286,6209287,10,5,5
5053036,6361538,1,2,-1
5219354,8540711,2,1,1
5219354,8540711,10,2,8
6630011,8268047,4,13,-9
6630011,8268047,5,4,1
4724846,6183424,1,10,-9
4724846,6183424,3,2,1
4724846,6183424,9,11,-2
4724846,6183424,10,3,7
4766918,8657640,5,6,-1
5583926,6920487,9,7,2
4425400,5006406,1,2,-1
4425400,5006406,3,6,-3
4425400,5006406,11,9,2
6296062,7878419,3,2,1
6296062,7878419,6,3,3
6296062,7878419,8,1,7
6296062,7878419,10,4,6
6408066,8175258,1,7,-6
6408066,8175258,4,11,-7
4026948,4092361,1,1,0
4026948,4092361,2,6,-4
4026948,4092361,5,2,3
4026948,4092361,6,4,2
5089055,8354583,1,1,0
5089055,8354583,5,5,0
8452149,8714670,3,7,-4
8452149,8714670,5,2,3
8452149,8714670,6,3,3
8452149,8714670,10,6,4
6148064,7836068,11,10,1
4437372,4771668,1,4,-3
6303327,7083919,1,1,0
6303327,7083919,2,3,-1
6303327,7083919,11,9,2
5015212,7757432,2,2,0
6567055,8502746,11,1,10
6607498,8298163,1,6,-5
6607498,8298163,2,3,-1
6607498,8298163,3,2,1
6607498,8298163,12,1,11
6544285,8109996,4,1,3
6544285,8109996,6,2,4
3964507,4693452,1,1,0
3964507,4693452,5,5,0
3964507,4693452,7,4,3
3964507,4693452,8,7,1
6617639,8168502,1,7,-6
6617639,8168502,3,12,-9
7671414,8173495,1,1,0
7671414,8173495,2,2,0
7671414,8173495,3,3,0
7671414,8173495,4,4,0
7671414,8173495,5,5,0
7671414,8173495,6,6,0
7671414,8173495,7,7,0
7671414,8173495,8,8,0
7671414,8173495,9,9,0
7671414,8173495,10,12,-2
7671414,8173495,11,10,1
7671414,8173495,12,11,1
7671414,8173495,13,13,0
4254956,5390927,4,2,2
4254956,5390927,6,1,5
4254956,5390927,9,4,5
4274087,8289146,1,13,-12
6081229,8532277,7,4,3
4850817,8585657,1,4,-3
4850817,8585657,5,10,-5
4850817,8585657,8,5,3
4850817,8585657,10,1,9
7699575,8657557,2,8,-6
7699575,8657557,4,3,1
6516746,8028657,1,1,0
6516746,8028657,2,2,0
6516746,8028657,3,5,-2
6516746,8028657,4,4,0
6516746,8028657,5,3,2
6516746,8028657,6,6,0
6516746,8028657,9,8,1
6516746,8028657,10,13,-3
6516746,8028657,11,10,1
6516746,8028657,12,7,5
4104043,6451843,3,9,-6
4104043,6451843,8,4,4
4929238,6958053,2,2,0
4929238,6958053,3,3,0
5422766,7099111,2,5,-3
5422766,7099111,3,4,-1
4790555,5267767,1,1,0
4790555,5267767,3,8,-5
4790555,5267767,4,3,1
4790555,5267767,5,13,-8
6437446,7705467,7,3,4
6437446,7705467,11,11,0
6437446,7705467,12,4,8
6437446,7705467,13,6,7
5517347,7667678,9,9,0
5219003,6528125,3,12,-9
5219003,6528125,4,5,-1
5219003,6528125,7,3,4
4762527,5234469,1,2,-1
4762527,5234469,2,1,1
4762527,5234469,6,5,1
4762527,5234469,8,4,4
4762527,5234469,11,6,5
4762527,5234469,13,10,3
7448227,8330412,10,4,6
4567514,7181985,3,2,1
4567514,7181985,13,5,8
6308609,8342071,1,3,-2
6308609,8342071,11,1,10
6921868,8288661,6,6,0
4871093,7175069,1,1,0
4871093,7175069,2,2,0
4708638,6887068,1,6,-5
4708638,6887068,2,1,1
4708638,6887068,5,2,3
4708638,6887068,6,3,3
4126137,6174308,1,2,-1
4126137,6174308,2,5,-3
5561357,7663335,1,12,-11
5561357,7663335,7,2,5
5561357,7663335,10,5,5
5252960,5565857,1,2,-1
6146526,6875360,8,1,7
7210168,8667583,3,2,1
5181904,8083705,1,3,-2
5181904,8083705,2,1,1
5181904,8083705,7,4,3
4424631,7127823,7,1,6
4391440,7128700,2,1,1
6491779,7254933,1,3,-2
6491779,7254933,4,13,-9
6491779,7254933,5,1,4
6491779,7254933,13,2,11
4916964,5321993,8,1,7
6637754,8246253,1,6,-5
6637754,8246253,5,5,0
6637754,8246253,6,4,2
5140985,8571625,1,4,-3
5140985,8571625,4,5,-1
5140985,8571625,6,9,-3
6389454,8364501,1,1,0
6389454,8364501,3,5,-2
4277936,4493180,2,1,1
4277936,4493180,5,10,-5
4277936,4493180,9,5,4
4604995,8142480,2,4,-2
4604995,8142480,4,2,2
4280053,5275802,12,2,10
5226429,5314437,1,3,-2
6453222,7143851,1,3,-2
6453222,7143851,6,4,2
7047218,7613650,2,4,-2
7047218,7613650,4,12,-8
7047218,7613650,10,1,9
3965310,4750204,1,1,0
3965310,4750204,2,10,-8
3965310,4750204,4,2,2
6214416,7052770,3,3,0
6214416,7052770,10,9,1
6610173,7494563,10,4,6
7184879,8347856,1,2,-1
7184879,8347856,11,6,5
6405190,8478780,2,4,-2
6405190,8478780,9,2,7
8234233,8620901,9,2,7
5446980,6640950,5,8,-3
6064591,7286404,1,2,-1
6064591,7286404,3,4,-1
6064591,7286404,5,1,4
6064591,7286404,10,7,3
4892147,8598094,6,7,-1
4961192,5212800,4,1,3
4961192,5212800,8,11,-3
4961192,5212800,10,3,7
5492762,6064451,6,13,-7
6937774,8073246,2,4,-2
6937774,8073246,10,6,4
6937774,8073246,11,8,3
5482036,8028701,4,9,-5
5482036,8028701,13,3,10
5449372,7252679,1,2,-1
5095264,6549604,1,6,-5
4932620,8104933,6,4,2
4932620,8104933,7,1,6
6484435,7415792,1,2,-1
5109380,5239547,6,4,2
5109380,5239547,7,9,-2
7281082,8341324,5,4,1
4759753,7087043,1,3,-2
4759753,7087043,6,6,0
4759753,7087043,9,2,7
5575761,7755602,7,2,5
6367557,7543659,4,1,3
6343077,7376140,2,1,1
4522665,8202377,1,2,-1
4522665,8202377,3,1,2
5539828,7669233,2,5,-3
5539828,7669233,12,9,3
6492935,8614640,2,5,-3
6492935,8614640,4,9,-5
4294055,8006338,1,9,-8
4294055,8006338,6,7,-1
6347163,7219843,4,2,2
6347163,7219843,6,4,2
6347163,7219843,7,5,2
6177678,7033036,11,1,10
6177678,7033036,13,12,1
4434087,4839098,2,1,1
4434087,4839098,3,13,-10
4434087,4839098,5,9,-4
4434087,4839098,7,5,2
5289803,6532910,2,8,-6
5289803,6532910,8,1,7
5289803,6532910,9,2,7
4559723,4670949,1,11,-10
7206025,7710501,2,1,1
7206025,7710501,5,11,-6
7206025,7710501,8,4,4
4284065,8122879,2,10,-8
4284065,8122879,9,1,8
6925299,7590417,2,1,1
6925299,7590417,3,11,-8
5636837,7674172,1,12,-11
5636837,7674172,4,1,3
4717446,6535779,3,1,2
6470436,7636369,2,12,-10
6327754,6863646,2,8,-6
6327754,6863646,6,2,4
6327754,6863646,10,11,-1
6614314,7288973,5,3,2
6614314,7288973,6,7,-1
4906011,7708854,4,2,2
4898698,5120594,2,11,-9
4573114,5592397,6,6,0
5365610,7707659,10,8,2
6445485,7733497,1,7,-6
6445485,7733497,2,13,-11
6127484,7144964,5,11,-6
6127484,7144964,6,1,5
6127484,7144964,7,2,5
6127484,7144964,8,3,5
7554995,8156246,1,1,0
7554995,8156246,7,7,0
7083421,8002586,1,8,-7
7083421,8002586,3,2,1
7083421,8002586,9,3,6
7083421,8002586,13,1,12
4502743,6186828,1,1,0
4502743,6186828,7,12,-5
6427499,7647796,10,6,4
6246642,8172141,10,9,1
4620777,5166833,2,6,-4
4620777,5166833,9,10,-1
5304347,6551558,2,1,1
5304347,6551558,5,3,2
5304347,6551558,6,4,2
5304347,6551558,9,11,-2
4498968,4909072,4,1,3
6227016,8720236,1,1,0
6617192,7879692,1,13,-12
6617192,7879692,2,2,0
6617192,7879692,4,8,-4
6617192,7879692,9,11,-2
6617192,7879692,11,4,7
6914562,8462062,5,13,-8
4903199,6502237,4,4,0
4903199,6502237,6,11,-5
5225492,8552122,6,10,-4
4153178,6099051,3,2,1
8042697,8220647,1,1,0
8042697,8220647,2,2,0
8042697,8220647,3,5,-2
8042697,8220647,4,6,-2
8042697,8220647,5,8,-3
8042697,8220647,6,10,-4
8042697,8220647,7,12,-5
8042697,8220647,8,13,-5
8042697,8220647,13,11,2
7290635,8146704,3,13,-10
7290635,8146704,4,6,-2
7290635,8146704,5,4,1
4631554,4847637,1,1,0
4631554,4847637,5,6,-1
5171688,6881550,1,5,-4
5171688,6881550,9,6,3
4271646,5076032,1,2,-1
4271646,5076032,2,6,-4
3992223,7470478,9,2,7
3992223,7470478,13,4,9
5619791,7129567,1,12,-11
5619791,7129567,5,5,0
5619791,7129567,7,1,6
5316567,8062614,1,1,0
5316567,8062614,6,12,-6
6992895,8358504,3,9,-6
6992895,8358504,5,6,-1
5305675,7838752,2,1,1
5305675,7838752,9,5,4
4661205,8753484,1,1,0
4661205,8753484,4,12,-8
4661205,8753484,7,10,-3
5285794,6955650,4,4,0
5285794,6955650,8,5,3
7285210,7837866,2,2,0
7285210,7837866,5,6,-1
4016725,8151569,2,1,1
4016725,8151569,6,8,-2
7087592,7910756,6,2,4
7087592,7910756,9,6,3
6247946,8405972,1,3,-2
6247946,8405972,2,12,-10
6247946,8405972,10,10,0
4688771,4792431,4,3,1
4688771,4792431,6,1,5
4688771,4792431,7,10,-3
6603744,7898958,6,1,5
6603744,7898958,7,10,-3
4746628,7642584,1,11,-10
4746628,7642584,3,7,-4
4746628,7642584,6,12,-6
7085323,8554018,1,2,-1
7085323,8554018,3,3,0
7085323,8554018,5,1,4
4185211,5227670,1,9,-8
4185211,5227670,2,2,0
4185211,5227670,4,4,0
4185211,5227670,5,3,2
4185211,5227670,10,10,0
5167703,5415686,7,1,6
5055787,6512371,7,13,-6
4795065,4895271,6,5,1
4795065,4895271,8,13,-5
6311165,7555461,7,3,4
5534765,7751994,1,1,0
4722437,8511463,2,5,-3
6880988,7670068,2,12,-10
6880988,7670068,4,2,2
6880988,7670068,6,3,3
6880988,7670068,7,1,6
6880988,7670068,8,11,-3
6880988,7670068,11,4,7
5168701,5433185,1,3,-2
5168701,5433185,3,5,-2
5168701,5433185,4,9,-5
5168701,5433185,6,12,-6
5168701,5433185,7,7,0
5168701,5433185,8,6,2
4409125,4699896,1,2,-1
4409125,4699896,2,5,-3
4409125,4699896,3,3,0
5076668,6483562,1,12,-11
5076668,6483562,4,6,-2
5076668,6483562,5,1,4
5076668,6483562,11,10,1
7174433,7941621,2,5,-3
7174433,7941621,7,9,-2
6345765,8100331,3,5,-2
4329852,6467294,1,4,-3
5271908,7252858,3,9,-6
5271908,7252858,9,7,2
6177888,7686253,2,1,1
4817176,5101441,6,9,-3
4376675,5344561,3,3,0
4376675,5344561,8,12,-4
4986754,7168952,4,1,3
6364192,7287681,1,2,-1
5121029,5458977,1,4,-3
5121029,5458977,6,13,-7
6271487,7012208,2,4,-2
4153090,6439770,4,5,-1
4153090,6439770,10,7,3
4574205,4926283,1,2,-1
4574205,4926283,10,1,9
7850406,8260453,2,2,0
6272170,8340200,4,3,1
6272170,8340200,12,11,1
3993733,4132540,1,12,-11
3993733,4132540,10,13,-3
3993733,4132540,12,9,3
6049418,7724423,10,4,6
6049418,7724423,11,1,10
6274467,6432787,1,4,-3
6274467,6432787,2,6,-4
6274467,6432787,3,1,2
6274467,6432787,4,8,-4
6274467,6432787,5,5,0
6274467,6432787,11,2,9
5072266,8076202,1,2,-1
5072266,8076202,3,7,-4
6128554,7806372,5,10,-5
6128554,7806372,7,8,-1
6652293,7484992,6,4,2
3954769,4089861,1,3,-2
4801962,5382996,1,1,0
4801962,5382996,7,2,5
4753569,5329469,1,6,-5
4753569,5329469,5,1,4
4753569,5329469,8,5,3
4622791,6119429,2,7,-5
5496170,6322351,1,1,0
5496170,6322351,11,8,3
5605263,6557739,1,1,0
5605263,6557739,2,2,0
5605263,6557739,3,12,-9
5605263,6557739,4,4,0
5605263,6557739,5,5,0
5605263,6557739,6,7,-1
5605263,6557739,7,8,-1
5605263,6557739,8,9,-1
5605263,6557739,10,10,0
5605263,6557739,11,11,0
4736451,5020194,1,12,-11
4736451,5020194,5,13,-8
4736451,5020194,12,1,11
4672969,6086367,6,3,3
4699614,5059179,1,2,-1
4699614,5059179,3,3,0
4699614,5059179,5,5,0
4699614,5059179,7,4,3
4699614,5059179,13,11,2
4431538,4778599,2,11,-9
4431538,4778599,4,6,-2
6490702,8261142,4,2,2
6490702,8261142,7,1,6
6067286,7042842,1,8,-7
4670053,4909847,5,7,-2
5386983,6658229,2,2,0
5347559,6864722,5,1,4
5347559,6864722,7,10,-3
5347559,6864722,8,4,4
4119406,8298142,2,2,0
4119406,8298142,7,8,-1
4119406,8298142,8,3,5
5077132,8309162,8,10,-2
6511718,8557040,10,1,9
6549939,8438633,1,9,-8
6549939,8438633,3,6,-3
6549939,8438633,4,13,-9
4417874,5476630,3,1,2
4417874,5476630,4,3,1
4417874,5476630,7,4,3
4417874,5476630,11,2,9
3978629,4625482,3,9,-6
3978629,4625482,5,1,4
3978629,4625482,11,6,5
6462902,8189289,3,5,-2
6462902,8189289,6,1,5
6462902,8189289,7,6,1
6462902,8189289,10,11,-1
7025747,8277418,3,3,0
7025747,8277418,12,9,3
4662637,8720891,1,1,0
4662637,8720891,5,5,0
4662637,8720891,8,10,-2
5493677,8185543,2,5,-3
5493677,8185543,5,2,3
8381094,8498473,8,10,-2
6157623,7463625,3,3,0
6157623,7463625,4,9,-5
6157623,7463625,6,1,5
6157623,7463625,11,6,5
5272794,7967509,8,12,-4
4903149,5237470,1,1,0
4903149,5237470,2,2,0
4903149,5237470,7,9,-2
3985058,4033267,3,5,-2
3985058,4033267,5,4,1
5155617,6278540,1,7,-6
5155617,6278540,3,12,-9
5155617,6278540,5,10,-5
5628783,8361134,2,3,-1
5628783,8361134,4,9,-5
5628783,8361134,5,2,3
5632620,7882588,4,7,-3
6542618,8411898,2,9,-7
6101164,7586828,3,4,-1
6258100,8142455,1,2,-1
3974559,4519439,2,3,-1
3974559,4519439,8,4,4
5103359,7059868,3,7,-4
5103359,7059868,13,9,4
6100575,6355493,1,1,0
6100575,6355493,11,11,0
8324278,8476240,12,2,10
5531838,8430293,1,1,0
5531838,8430293,2,3,-1
5531838,8430293,5,7,-2
5531838,8430293,10,10,0
7249966,8684765,1,2,-1
7249966,8684765,2,11,-9
7249966,8684765,9,3,6
7249966,8684765,13,6,7
4542023,8710042,12,2,10
4531459,7047716,1,2,-1
4531459,7047716,3,4,-1
4610857,8389603,5,11,-6
4915282,7106011,6,6,0
4915282,7106011,7,3,4
7444567,8327205,1,2,-1
7444567,8327205,2,1,1
6600733,7693131,3,3,0
5636371,6081512,3,1,2
5636371,6081512,6,11,-5
5636371,6081512,7,6,1
4209027,7334583,1,1,0
4846171,7442194,7,8,-1
4939049,5576121,4,5,-1
4939049,5576121,9,2,7
4939049,5576121,11,13,-2
4744160,5349767,1,1,0
4744160,5349767,4,4,0
6337969,7675010,3,1,2
6337969,7675010,5,10,-5
6337969,7675010,7,7,0
5551963,7510585,1,1,0
5278932,8094988,1,6,-5
5278932,8094988,3,1,2
5278932,8094988,10,3,7
4909908,6466810,5,5,0
4909908,6466810,9,10,-1
4909908,6466810,12,6,6
5078954,6065344,1,8,-7
6439055,8646519,1,1,0
6439055,8646519,3,4,-1
5166603,8283940,1,1,0
5166603,8283940,2,3,-1
5166603,8283940,4,5,-1
5166603,8283940,5,8,-3
5326281,5628653,1,1,0
6190403,7753950,1,1,0
5484450,7066878,3,1,2
5484450,7066878,4,2,2
5484450,7066878,5,11,-6
5484450,7066878,8,4,4
5484450,7066878,10,13,-3
5484450,7066878,13,6,7
5429543,6659837,1,4,-3
7767361,8354204,1,1,0
7767361,8354204,2,2,0
7767361,8354204,3,6,-3
7767361,8354204,10,5,5
7767361,8354204,11,10,1
7767361,8354204,13,12,1
4445974,6413363,6,1,5
6285996,7369554,8,1,7
6285996,7369554,12,5,7
5357068,6476698,4,1,3
5357068,6476698,10,5,5
6272471,7346525,2,13,-11
6272471,7346525,4,9,-5
6272471,7346525,7,7,0
7533125,7899880,11,13,-2
4695744,5146109,3,1,2
6501803,8233558,9,3,6
7215676,8179897,2,11,-9
7215676,8179897,4,13,-9
7215676,8179897,12,6,6
5108417,6537311,1,1,0
5262407,8076314,4,7,-3
5262407,8076314,13,9,4
6357549,7748193,1,11,-10
5108479,6620454,2,2,0
5108479,6620454,3,12,-9
6070058,7650122,1,3,-2
7265554,7990159,1,3,-2
7265554,7990159,2,2,0
7265554,7990159,5,8,-3
7265554,7990159,10,12,-2
4200159,4804049,2,1,1
4200159,4804049,4,5,-1
4200159,4804049,5,3,2
4200159,4804049,6,10,-4
4200159,4804049,10,2,8
4200159,4804049,11,12,-1
5483943,7527047,6,3,3
5483943,7527047,12,2,10
5445359,8210029,10,1,9
6657386,7315122,3,3,0
6657386,7315122,9,4,5
6657386,7315122,11,8,3
5434951,6882992,1,8,-7
5023404,7165703,4,1,3
4681119,6602467,3,1,2
4681119,6602467,8,11,-3
4681119,6602467,9,9,0
5599335,7794839,1,5,-4
5599335,7794839,7,6,1
6867967,8730665,7,6,1
6867967,8730665,9,4,5
5382913,7072920,3,1,2
5382913,7072920,10,6,4
5382913,7072920,11,3,8
4860337,5210785,7,6,1
4860337,5210785,12,4,8
4885587,7081846,2,4,-2
4885587,7081846,5,13,-8
6337988,7339994,6,2,4
5264510,6562928,1,4,-3
4239336,4671610,5,6,-1
4239336,4671610,6,2,4
4239336,4671610,9,7,2
6316581,7666973,2,2,0
6316581,7666973,4,3,1
6316581,7666973,7,1,6
5587038,6197151,2,2,0
5587038,6197151,3,1,2
5587038,6197151,4,4,0
5587038,6197151,7,9,-2
5587038,6197151,11,13,-2
5656092,6534775,1,3,-2
5656092,6534775,8,1,7
4707407,6413631,5,3,2
4707407,6413631,7,10,-3
4707407,6413631,11,13,-2
4813931,5167621,1,1,0
5118314,7479866,2,2,0
5239992,6223744,7,3,4
5239992,6223744,10,6,4
4773414,6132424,1,13,-12
4773414,6132424,6,6,0
4773414,6132424,8,3,5
6646486,8054111,1,6,-5
6646486,8054111,6,2,4
6646486,8054111,11,11,0
6646486,8054111,12,12,0
6646486,8054111,13,7,6
6304079,6943544,8,5,3
5222367,6519954,2,2,0
6544122,8221237,1,1,0
6544122,8221237,6,6,0
5274552,8544564,1,1,0
5274552,8544564,2,9,-7
4122928,4896755,1,1,0
7099796,8260052,2,3,-1
7099796,8260052,5,11,-6
7099796,8260052,12,5,7
5611611,6101031,2,1,1
5611611,6101031,8,4,4
6144209,7081759,1,5,-4
6144209,7081759,2,3,-1
6144209,7081759,3,1,2
6144209,7081759,5,10,-5
7882142,8458203,11,13,-2
4900282,7954314,3,6,-3
4900282,7954314,4,12,-8
4900282,7954314,6,1,5
6209104,7188314,3,8,-5
6209104,7188314,5,2,3
6209104,7188314,7,7,0
6209104,7188314,9,3,6
6209104,7188314,12,12,0
4674112,4817129,1,6,-5
4674112,4817129,3,1,2
4674112,4817129,6,13,-7
4674112,4817129,7,8,-1
5320742,7927480,1,9,-8
5320742,7927480,3,5,-2
5320742,7927480,4,1,3
5320742,7927480,5,2,3
5320742,7927480,7,8,-1
5320742,7927480,13,3,10
5162882,6232649,2,2,0
5162882,6232649,3,12,-9
5162882,6232649,12,9,3
5572835,7004104,10,13,-3
4201184,6076517,1,2,-1
4201184,6076517,6,1,5
4201184,6076517,8,7,1
4312614,5649783,13,2,11
4255651,4608704,1,1,0
4255651,4608704,2,2,0
4255651,4608704,6,12,-6
4255651,4608704,7,5,2
4104317,4786625,3,3,0
4104317,4786625,4,1,3
4104317,4786625,6,12,-6
4104317,4786625,8,2,6
5380673,7709349,3,2,1
3975693,4413342,1,2,-1
3975693,4413342,4,3,1
3975693,4413342,8,5,3
3975693,4413342,12,1,11
5560933,6951656,8,6,2
4185945,6336565,2,5,-3
4185945,6336565,5,2,3
5603029,6209032,1,1,0
5603029,6209032,4,6,-2
5094995,7084318,5,8,-3
6426196,7850971,7,7,0
6270604,6640040,5,10,-5
6270604,6640040,8,2,6
5494655,6995641,7,12,-5
5178374,7213801,6,7,-1
5178374,7213801,8,2,6
5281213,6464661,4,6,-2
5281213,6464661,8,7,1
6555443,8445314,3,9,-6
6555443,8445314,11,6,5
5656942,7403028,3,3,0
4449588,4787460,2,1,1
4449588,4787460,7,3,4
4449588,4787460,8,13,-5
4500987,7873061,4,6,-2
5159529,6367543,6,5,1
5343511,7463604,7,6,1
5343511,7463604,8,8,0
6464767,7066992,2,1,1
6244588,6994483,5,7,-2
6244588,6994483,7,8,-1
6244588,6994483,11,13,-2
6970030,8102196,1,3,-2
6970030,8102196,3,9,-6
6970030,8102196,7,7,0
6970030,8102196,13,12,1
4465447,5324185,10,7,3
7793837,8434675,1,3,-2
7793837,8434675,2,2,0
7793837,8434675,4,6,-2
7793837,8434675,5,5,0
7793837,8434675,6,8,-2
7793837,8434675,7,9,-2
7793837,8434675,8,13,-5
7793837,8434675,11,10,1
4754792,6604414,1,1,0
4754792,6604414,2,6,-4
4754792,6604414,3,7,-4
4754792,6604414,10,2,8
6653189,7851385,6,9,-3
7080238,8149839,1,10,-9
4256094,4709690,2,4,-2
4256094,4709690,3,8,-5
5230601,8607971,1,3,-2
7152000,7388967,2,9,-7
7152000,7388967,4,11,-7
7152000,7388967,13,2,11
5021059,8333787,1,5,-4
5021059,8333787,2,12,-10
5021059,8333787,6,2,4
5021059,8333787,13,7,6
4535982,5269508,2,1,1
6330858,8555165,5,1,4
5029175,5304507,2,2,0
5029175,5304507,3,3,0
5029175,5304507,4,4,0
5029175,5304507,6,13,-7
5029175,5304507,12,7,5
7842088,7896919,3,1,2
7842088,7896919,5,4,1
6320662,6496260,1,1,0
6320662,6496260,2,2,0
6320662,6496260,3,3,0
6320662,6496260,4,4,0
6320662,6496260,5,5,0
6320662,6496260,6,6,0
6320662,6496260,7,7,0
6320662,6496260,8,8,0
6320662,6496260,9,9,0
6320662,6496260,10,10,0
6320662,6496260,11,11,0
6320662,6496260,12,12,0
6320662,6496260,13,13,0
6141010,7810036,5,9,-4
4531330,7849534,10,8,2
4988547,5360270,9,12,-3
5196421,6147075,5,8,-3
5196421,6147075,11,1,10
5196421,6147075,12,13,-1
5256035,6499945,6,7,-1
5256035,6499945,7,4,3
5256035,6499945,10,13,-3
5618563,8252303,7,8,-1
4097420,8338496,4,1,3
4097420,8338496,5,3,2
6132771,6565882,1,4,-3
6132771,6565882,4,3,1
6630977,6876421,9,1,8
6630977,6876421,13,4,9
4522173,4763624,3,8,-5
4522173,4763624,5,3,2
4522173,4763624,6,11,-5
4522173,4763624,10,10,0
4137923,7104883,9,2,7
6173177,6496694,3,2,1
6173177,6496694,6,6,0
6173177,6496694,11,9,2
6173177,6496694,13,4,9
6688846,7722318,8,3,5
4638781,5417191,1,6,-5
4638781,5417191,3,1,2
4638781,5417191,12,2,10
5652751,7941095,6,4,2
6396293,7459922,6,12,-6
6396293,7459922,9,2,7
6467052,8099719,11,13,-2
4412634,5110017,1,1,0
4412634,5110017,3,4,-1
4050690,5145161,2,2,0
4170416,4624566,9,11,-2
5643280,8052693,7,1,6
4246085,7879331,1,6,-5
5268795,6481862,1,2,-1
6229542,7747965,1,1,0
6229542,7747965,12,8,4
6988130,7684401,1,4,-3
6988130,7684401,12,13,-1
6965614,8015294,4,8,-4
6965614,8015294,8,13,-5
6540490,7108490,5,5,0
6540490,7108490,6,1,5
6540490,7108490,8,7,1
6066897,8205594,1,2,-1
6066897,8205594,10,8,2
4682602,7996054,11,4,7
4377565,4495044,1,11,-10
4377565,4495044,7,3,4
6197014,6508805,1,1,0
6197014,6508805,2,2,0
6197014,6508805,3,5,-2
6197014,6508805,10,8,2
6197014,6508805,12,4,8
4126468,5059449,1,8,-7
6165218,7846199,13,6,7
6328649,7753783,1,2,-1
6328649,7753783,4,9,-5
6328649,7753783,6,6,0
3973324,8033026,9,7,2
5101477,5524217,7,12,-5
6596655,7319068,10,13,-3
6596655,7319068,12,5,7
5104407,7037334,2,3,-1
5104407,7037334,6,6,0
5104407,7037334,7,4,3
6272183,6961894,7,5,2
6272183,6961894,10,2,8
4306725,5310346,8,1,7
4306725,5310346,9,2,7
6243975,6523284,1,1,0
6243975,6523284,8,6,2
6860034,7770306,3,1,2
6860034,7770306,12,3,9
4979298,6996908,1,1,0
4383724,7114964,2,2,0
4383724,7114964,6,1,5
5048090,6937735,1,1,0
4417407,5384977,2,13,-11
4417407,5384977,7,12,-5
4417407,5384977,8,1,7
5558139,7913497,8,12,-4
4345635,6263942,2,4,-2
4345635,6263942,3,9,-6
5336223,8372121,3,2,1
5336223,8372121,7,4,3
5336223,8372121,11,5,6
4625081,7483417,2,1,1
4625081,7483417,4,4,0
5584629,8469710,9,1,8
5061583,7318988,1,3,-2
6121828,6624691,3,1,2
6121828,6624691,4,7,-3
6121828,6624691,12,13,-1
6121617,7953558,2,1,1
6121617,7953558,4,7,-3
6121617,7953558,6,3,3
5261820,7160191,13,6,7
4331788,4694035,2,7,-5
4331788,4694035,3,8,-5
4331788,4694035,8,1,7
4331788,4694035,9,3,6
4641643,6093160,4,6,-2
6158747,7073810,2,1,1
6555252,8022416,3,1,2
4057048,4422434,1,4,-3
4057048,4422434,6,5,1
4057048,4422434,8,10,-2
4057048,4422434,11,9,2
5256506,5593803,3,5,-2
5256506,5593803,4,3,1
5450153,8271388,9,9,0
4807718,8282345,1,1,0
4807718,8282345,4,4,0
6859729,8666587,2,2,0
5352169,7717828,1,3,-2
5352169,7717828,7,1,6
5352169,7717828,9,8,1
6486892,7380007,3,3,0
6516165,7702271,1,1,0
6516165,7702271,13,3,10
5627730,7501584,1,1,0
5627730,7501584,8,8,0
5627730,7501584,10,2,8
6443028,6622584,1,2,-1
6443028,6622584,2,6,-4
6443028,6622584,5,4,1
6335811,8200094,1,4,-3
6335811,8200094,10,9,1
5567361,7002114,1,13,-12
6368105,8033824,5,12,-7
6368105,8033824,6,1,5
6368105,8033824,7,2,5
6368105,8033824,10,10,0
7165451,8663112,6,4,2
5180131,8740305,2,6,-4
6330467,7416335,1,5,-4
5361545,7708618,2,1,1
6502636,8586512,2,7,-5
6502636,8586512,7,4,3
5584867,6285907,1,5,-4
5584867,6285907,3,7,-4
5584867,6285907,5,9,-4
5584867,6285907,10,1,9
7565230,7937202,1,7,-6
6153455,6541328,1,4,-3
6153455,6541328,2,2,0
6153455,6541328,6,8,-2
6153455,6541328,9,1,8
6153455,6541328,12,11,1
5338168,6918749,1,8,-7
5338168,6918749,2,2,0
5338168,6918749,4,1,3
5338168,6918749,12,9,3
6457389,6644148,1,1,0
6457389,6644148,3,2,1
6457389,6644148,4,3,1
6457389,6644148,5,8,-3
6457389,6644148,6,9,-3
6457389,6644148,7,12,-5
6457389,6644148,13,7,6
6548169,8277896,1,2,-1
5324014,8342317,4,10,-6
5324014,8342317,5,3,2
5324014,8342317,12,8,4
5623182,7015467,1,1,0
5623182,7015467,2,9,-7
5623182,7015467,10,4,6
4183722,7114572,2,4,-2
4183722,7114572,4,10,-6
4183722,7114572,6,8,-2
4556595,5087494,1,1,0
4556595,5087494,11,2,9
6470225,6912442,7,3,4
5125239,5327956,1,8,-7
5125239,5327956,3,2,1
5125239,5327956,11,12,-1
5311422,7788591,10,4,6
5410344,8490138,4,3,1
5410344,8490138,7,11,-4
6461337,7879004,7,13,-6
6412973,7667579,6,1,5
6412973,7667579,7,3,4
6412973,7667579,8,5,3
6433502,8098033,3,7,-4
6433502,8098033,5,4,1
6433502,8098033,6,1,5
6433502,8098033,9,3,6
6433502,8098033,13,8,5
5045070,6077219,8,1,7
5590008,7230794,1,12,-11
5590008,7230794,10,1,9
5485949,6260753,1,1,0
5485949,6260753,2,2,0
5485949,6260753,3,6,-3
5485949,6260753,5,7,-2
5485949,6260753,7,3,4
6084863,8243751,10,6,4
4616451,8661575,1,1,0
4616451,8661575,12,5,7
4491628,4931379,7,13,-6
4491628,4931379,12,6,6
5499359,6944619,6,9,-3
5499359,6944619,7,1,6
5184200,7541229,1,1,0
5184200,7541229,4,13,-9
5184200,7541229,8,4,4
7038246,8301002,1,2,-1
7038246,8301002,5,12,-7
4992940,8438075,3,7,-4
4992940,8438075,9,1,8
4087628,5630214,3,2,1
4087628,5630214,8,1,7
4087628,5630214,10,10,0
4278026,4635552,5,4,1
4869057,6912833,2,4,-2
7181620,8578465,4,13,-9
7181620,8578465,8,1,7
8131691,8682859,2,4,-2
5149422,5242587,1,1,0
5149422,5242587,5,3,2
5149422,5242587,6,8,-2
5149422,5242587,8,2,6
5149422,5242587,10,5,5
6487762,8283013,4,4,0
6487762,8283013,6,3,3
4622473,7298054,1,9,-8
4622473,7298054,2,2,0
4622473,7298054,5,10,-5
4567582,6553315,6,13,-7
4567582,6553315,7,1,6
4567582,6553315,9,8,1
4311951,4675584,10,1,9
3948867,4692502,1,3,-2
3948867,4692502,2,10,-8
3948867,4692502,5,6,-1
3948867,4692502,13,12,1
6261295,7918792,3,7,-4
6261295,7918792,4,9,-5
5607760,7794440,4,1,3
5607760,7794440,12,11,1
5108432,8551181,10,6,4
6932831,7662166,5,1,4
6932831,7662166,9,12,-3
6788864,7139116,6,2,4
4358774,6088308,11,2,9
8143120,8530286,2,2,0
4428939,6083930,2,3,-1
4428939,6083930,4,8,-4
5386785,6192806,2,13,-11
5386785,6192806,4,4,0
5386785,6192806,5,3,2
6652243,8161741,2,4,-2
6652243,8161741,3,1,2
6652243,8161741,12,6,6
4949871,6152335,9,4,5
4718674,5294125,1,1,0
4718674,5294125,5,2,3
4718674,5294125,6,3,3
4718674,5294125,10,8,2
4662912,8616842,1,4,-3
4662912,8616842,12,1,11
4085419,4145722,9,4,5
4029519,7973235,9,7,2
4029519,7973235,12,2,10
4549170,4902626,3,8,-5
5132418,8138330,1,2,-1
5483557,6912249,10,11,-1
5520629,7914480,2,13,-11
5520629,7914480,4,5,-1
5520629,7914480,7,10,-3
5520629,7914480,12,8,4
4780786,6281458,2,1,1
4780786,6281458,5,2,3
4780786,6281458,11,3,8
8395167,8487324,1,1,0
8395167,8487324,2,9,-7
8395167,8487324,3,2,1
8395167,8487324,12,10,2
6267522,8226309,10,12,-2
6187797,7186742,5,5,0
6896325,7090246,10,9,1
6603751,7245597,2,2,0
6603751,7245597,3,1,2
6603751,7245597,6,13,-7
6603751,7245597,12,9,3
6603751,7245597,13,11,2
6071294,7981056,1,1,0
6071294,7981056,4,3,1
5376095,7087071,5,1,4
5505726,8182473,12,9,3
6933686,8050145,2,12,-10
6933686,8050145,12,11,1
3941324,6347761,2,1,1
3941324,6347761,9,2,7
5302190,6964189,2,13,-11
5302190,6964189,10,4,6
5128752,6233408,2,12,-10
5128752,6233408,11,7,4
4823214,6301082,1,1,0
4823214,6301082,3,5,-2
5571568,7189987,2,8,-6
6632323,8092643,2,13,-11
6632323,8092643,4,4,0
6632323,8092643,7,2,5
4365774,8226048,2,9,-7
4269945,4792576,4,2,2
4269945,4792576,9,6,3
4269945,4792576,11,1,10
4269945,4792576,12,3,9
4051908,6523624,1,8,-7
4051908,6523624,9,4,5
4051908,6523624,11,5,6
7547098,8057023,3,4,-1
7547098,8057023,4,2,2
6537688,7067976,2,8,-6
4636135,5184810,7,8,-1
4038967,4287876,1,12,-11
4038967,4287876,2,6,-4
4038967,4287876,3,5,-2
4038967,4287876,7,11,-4
4038967,4287876,8,4,4
4276980,4886158,3,6,-3
4276980,4886158,4,7,-3
4856547,6491055,3,7,-4
4856547,6491055,4,8,-4
7035782,8131521,9,5,4
4296412,4725838,2,9,-7
4296412,4725838,7,13,-6
4296412,4725838,13,2,11
5268684,7054850,2,1,1
5268684,7054850,8,12,-4
7660721,8255337,3,9,-6
7660721,8255337,7,3,4
7660721,8255337,9,1,8
7660721,8255337,11,13,-2
7660721,8255337,12,5,7
7660721,8255337,13,6,7
5518697,7121097,1,3,-2
5518697,7121097,2,1,1
5518697,7121097,3,10,-7
5350355,5632758,1,1,0
5350355,5632758,2,2,0
5350355,5632758,3,3,0
5350355,5632758,4,4,0
5350355,5632758,5,5,0
5350355,5632758,6,6,0
5350355,5632758,7,7,0
5350355,5632758,8,8,0
5350355,5632758,9,9,0
5350355,5632758,10,10,0
5350355,5632758,11,11,0
5350355,5632758,12,12,0
5350355,5632758,13,13,0
3943031,8656833,6,10,-4
6088583,7158590,1,9,-8
6088583,7158590,2,5,-3
6088583,7158590,5,3,2
6088583,7158590,6,12,-6
6088583,7158590,7,1,6
6664942,7982705,1,5,-4
6664942,7982705,2,7,-5
6664942,7982705,3,6,-3
6664942,7982705,4,13,-9
5069204,6637432,1,1,0
5619771,7055209,1,5,-4
5619771,7055209,2,1,1
5619771,7055209,4,8,-4
5619771,7055209,11,13,-2
4495636,6430257,1,3,-2
6272364,6438414,2,7,-5
6272364,6438414,4,10,-6
6272364,6438414,11,9,2
6272364,6438414,13,13,0
5280612,7499924,4,3,1
5280612,7499924,10,2,8
6504571,7269509,1,2,-1
4294800,7235405,6,4,2
4294800,7235405,8,5,3
6519674,8479133,4,8,-4
5613004,8121843,4,8,-4
4816914,6118817,1,3,-2
4816914,6118817,3,9,-6
4701142,5265307,2,4,-2
6387858,7211552,1,5,-4
6387858,7211552,6,13,-7
7372297,8117436,1,4,-3
7372297,8117436,5,2,3
7699210,8104666,5,6,-1
7699210,8104666,6,7,-1
7699210,8104666,10,8,2
5333296,6332215,6,5,1
5435057,6476478,2,8,-6
4862619,8646200,1,1,0
6910161,8356212,5,1,4
6910161,8356212,7,3,4
6343297,7735144,1,1,0
4316598,6386227,1,9,-8
4316598,6386227,2,11,-9
4316598,6386227,5,5,0
5313779,6481210,2,2,0
5313779,6481210,4,3,1
5313779,6481210,10,5,5
4154898,5324561,2,5,-3
4154898,5324561,4,2,2
5632669,7914362,1,1,0
3941779,4091216,2,12,-10
4078957,4997503,1,1,0
4078957,4997503,2,4,-2
4078957,4997503,11,7,4
6324199,7403552,2,4,-2
6324199,7403552,4,1,3
6324199,7403552,5,7,-2
6324199,7403552,7,3,4
6324199,7403552,9,8,1
6159195,8414604,1,2,-1
6159195,8414604,4,9,-5
6159195,8414604,13,13,0
6300201,6429060,1,3,-2
6300201,6429060,6,1,5
6300201,6429060,8,5,3
4172272,6473304,7,4,3
4172272,6473304,11,7,4
4687484,8343216,1,11,-10
4687484,8343216,2,8,-6
4687484,8343216,4,3,1
4687484,8343216,6,4,2
5563994,7458031,12,4,8
4716458,7162370,3,9,-6
5652832,6170067,11,10,1
4017143,5338231,2,3,-1
5364126,7059630,5,2,3
5587833,6907798,3,5,-2
5203320,7156100,9,6,3
6097454,7006189,1,1,0
6097454,7006189,3,2,1
6097454,7006189,5,6,-1
4430761,4623349,1,4,-3
4430761,4623349,11,3,8
4430761,4623349,13,5,8
6310598,8710505,1,6,-5
6310598,8710505,8,8,0
6310598,8710505,13,5,8
6478507,7654770,1,4,-3
6095929,6890269,3,3,0
6095929,6890269,6,1,5
6095929,6890269,7,7,0
4359706,4818966,1,6,-5
4359706,4818966,2,10,-8
4359706,4818966,3,1,2
4359706,4818966,13,4,9
6582403,7722571,2,1,1
6582403,7722571,9,5,4
6375569,8235808,2,2,0
6375569,8235808,3,4,-1
6375569,8235808,4,3,1
6375569,8235808,8,1,7
6469714,8140975,8,10,-2
6437423,6566149,1,6,-5
3947352,4810784,10,8,2
4809711,6447476,1,1,0
4809711,6447476,5,2,3
7041007,8202462,3,11,-8
6136551,7341843,1,4,-3
6136551,7341843,2,2,0
4966727,6671028,1,6,-5
4966727,6671028,3,9,-6
4966727,6671028,6,1,5
4966727,6671028,9,5,4
4966727,6671028,10,11,-1
5148008,7097105,1,7,-6
5148008,7097105,4,4,0
5148008,7097105,5,1,4
6483925,7035421,9,2,7
6483925,7035421,11,11,0
6418299,8280345,9,5,4
5487499,7857186,1,5,-4
5487499,7857186,7,2,5
5487499,7857186,11,1,10
5233327,6070787,4,13,-9
5233327,6070787,5,9,-4
5135051,6598682,1,4,-3
5135051,6598682,2,9,-7
4339824,4852090,11,3,8
5414755,6847717,5,5,0
5414755,6847717,9,2,7
5414755,6847717,10,4,6
5414755,6847717,13,13,0
4001184,6448334,1,1,0
4001184,6448334,9,11,-2
7667713,8265370,1,4,-3
4691892,4888894,1,1,0
4691892,4888894,2,3,-1
7025783,8273123,6,7,-1
5602298,6150580,1,1,0
5569766,7897328,13,12,1
5511599,6494242,4,1,3
5511599,6494242,6,3,3
5511599,6494242,7,6,1
5403311,8273012,1,8,-7
6271944,7551815,4,8,-4
4806513,5219817,1,1,0
4806513,5219817,2,9,-7
4806513,5219817,6,3,3
4806513,5219817,13,10,3
5218627,5598209,1,3,-2
4638847,6171222,1,12,-11
4638847,6171222,2,13,-11
4638847,6171222,11,7,4
4804470,6247600,1,1,0
4804470,6247600,2,3,-1
4804470,6247600,4,7,-3
4769006,7686800,1,1,0
7345361,7898093,2,6,-4
7345361,7898093,5,1,4
7345361,7898093,6,10,-4
6363462,7657716,1,4,-3
6363462,7657716,6,6,0
6463464,8069166,4,2,2
5628201,8160827,1,1,0
4365406,4718278,1,5,-4
4365406,4718278,5,9,-4
6470256,8055427,1,7,-6
6470256,8055427,4,1,3
6470256,8055427,9,6,3
5180311,8115308,9,1,8
5134691,7961255,6,11,-5
6252804,6515914,4,4,0
6252804,6515914,13,10,3
4256418,5299891,1,3,-2
4256418,5299891,7,5,2
4045398,5004789,3,10,-7
4045398,5004789,4,3,1
4045398,5004789,8,11,-3
4226234,7753051,1,9,-8
4226234,7753051,5,7,-2
7571695,8619507,2,3,-1
7571695,8619507,8,10,-2
7226461,8388551,1,1,0
7226461,8388551,2,2,0
7226461,8388551,3,3,0
7226461,8388551,4,4,0
7226461,8388551,5,5,0
7226461,8388551,6,6,0
7226461,8388551,7,7,0
7226461,8388551,8,8,0
7226461,8388551,9,9,0
7226461,8388551,10,10,0
7226461,8388551,11,11,0
7226461,8388551,12,12,0
7226461,8388551,13,13,0
5583243,7247328,1,1,0
5583243,7247328,2,13,-11
5596643,7552089,8,1,7
4616286,7446436,3,4,-1
4616286,7446436,11,9,2
7439918,8089412,1,1,0
7439918,8089412,4,8,-4
7439918,8089412,12,9,3
6939305,7530942,11,9,2
6191550,6914408,4,9,-5
5138622,7986060,2,10,-8
5138622,7986060,7,5,2
6345113,7224763,12,5,7
7536256,8538458,4,2,2
6408952,7013990,8,10,-2
5396890,7640811,12,3,9
5633988,7139740,1,4,-3
6230057,7822478,6,3,3
5640317,7038439,7,8,-1
7116874,7535934,2,5,-3
7116874,7535934,3,3,0
7116874,7535934,4,6,-2
7116874,7535934,8,4,4
7116874,7535934,10,2,8
7116874,7535934,11,9,2
6267082,7827641,1,1,0
6267082,7827641,7,13,-6
6430264,7382864,4,7,-3
6430264,7382864,9,5,4
6430264,7382864,11,12,-1
6430264,7382864,12,9,3
7968440,8637955,3,12,-9
6080178,6506205,4,3,1
4808155,7951206,1,3,-2
4808155,7951206,11,5,6
4808155,7951206,13,7,6
6892331,8365021,7,8,-1
4880667,7687597,3,10,-7
7477439,7822543,1,9,-8
7477439,7822543,4,8,-4
6512737,7392025,12,9,3
6896979,8193705,2,9,-7
6896979,8193705,5,10,-5
6896979,8193705,12,12,0
5165323,5358262,2,3,-1
6314017,8514609,2,2,0
6314017,8514609,4,4,0
6314017,8514609,6,3,3
6314017,8514609,8,1,7
6314017,8514609,10,9,1
6314017,8514609,11,6,5
6314017,8514609,12,12,0
7180540,7859579,1,4,-3
7180540,7859579,7,1,6
7180540,7859579,10,3,7
7911848,8745317,1,9,-8
7911848,8745317,2,5,-3
7911848,8745317,8,10,-2
5191563,5416754,2,2,0
5191563,5416754,5,1,4
5191563,5416754,6,4,2
5050069,6546451,4,8,-4
4443410,8546270,8,2,6
4995146,6598866,11,5,6
5523717,6985013,8,1,7
5523717,6985013,13,4,9
4371148,5100108,8,6,2
4371148,5100108,13,12,1
5082913,6617374,3,10,-7
5082913,6617374,5,12,-7
5082913,6617374,6,13,-7
5082913,6617374,7,1,6
8202161,8678896,2,2,0
8202161,8678896,9,6,3
8202161,8678896,11,1,10
4416349,5277958,4,2,2
4416349,5277958,7,4,3
4904294,6502425,2,1,1
4904294,6502425,3,4,-1
4904294,6502425,4,3,1
6089920,7888188,1,2,-1
6089920,7888188,7,7,0
4347312,7494589,6,9,-3
4347312,7494589,8,12,-4
5116344,7704260,6,5,1
4946590,7712455,1,1,0
4946590,7712455,3,4,-1
4946590,7712455,5,6,-1
4946590,7712455,8,7,1
4946590,7712455,11,10,1
5151679,7665874,1,7,-6
5151679,7665874,2,13,-11
7133911,7839790,1,8,-7
7379982,7739380,6,7,-1
7124318,8108652,4,5,-1
5045936,7310150,2,10,-8
5045936,7310150,5,8,-3
6959081,7418095,2,4,-2
6959081,7418095,4,10,-6
4500746,4803380,6,7,-1
4500746,4803380,7,2,5
5130114,6967063,1,5,-4
5130114,6967063,4,8,-4
6429379,7329131,1,1,0
4854499,8292200,3,8,-5
5113953,6216802,1,4,-3
5113953,6216802,9,13,-4
5113953,6216802,12,5,7
7322930,8715152,10,12,-2
4303423,4830642,1,1,0
5504891,7548789,4,13,-9
7066621,7635195,1,3,-2
7066621,7635195,3,1,2
7723500,8030285,2,3,-1
7723500,8030285,6,2,4
7723500,8030285,13,8,5
7946283,8662063,3,1,2
7946283,8662063,4,10,-6
7588771,8137904,1,2,-1
7588771,8137904,2,10,-8
7588771,8137904,4,4,0
7588771,8137904,8,1,7
7588771,8137904,10,3,7
6078791,7088964,1,11,-10
6078791,7088964,2,1,1
6078791,7088964,9,3,6
6290731,8048140,3,5,-2
6290731,8048140,5,1,4
6509112,7205059,3,7,-4
6509112,7205059,10,2,8
6455827,8604401,1,1,0
6455827,8604401,2,2,0
6455827,8604401,3,6,-3
6455827,8604401,5,8,-3
6455827,8604401,7,9,-2
6455827,8604401,13,11,2
5548336,6084913,4,2,2
5548336,6084913,9,9,0
6132564,7749398,1,12,-11
6132564,7749398,3,3,0
6132564,7749398,9,10,-1
6132564,7749398,12,8,4
6902985,7897475,7,7,0
6902985,7897475,9,6,3
6902985,7897475,10,1,9
5068740,5303055,5,7,-2
7187999,8086551,3,8,-5
4796640,5271410,1,1,0
4796640,5271410,2,5,-3
4796640,5271410,3,2,1
4796640,5271410,4,7,-3
4796640,5271410,7,6,1
4796640,5271410,10,11,-1
6843393,7484273,1,4,-3
6843393,7484273,8,2,6
7493341,8719272,1,9,-8
7501293,8461586,2,4,-2
7501293,8461586,5,6,-1
6235414,8349472,3,8,-5
6235414,8349472,5,2,3
6235414,8349472,12,3,9
6993601,7600060,2,4,-2
6993601,7600060,4,2,2
6993601,7600060,10,7,3
4823180,7999263,10,1,9
5522025,6549218,1,1,0
5522025,6549218,4,3,1
5522025,6549218,7,9,-2
5522025,6549218,10,12,-2
5521097,7670841,1,1,0
5521097,7670841,4,3,1
5521097,7670841,5,10,-5
5521097,7670841,6,2,4
5521097,7670841,12,9,3
4164138,7796251,13,6,7
3932653,5464610,3,7,-4
3932653,5464610,13,10,3
5191727,8209883,11,1,10
4426001,7464817,3,8,-5
4426001,7464817,8,13,-5
4028674,5272765,9,1,8
4134678,6519025,2,5,-3
4134678,6519025,4,6,-2
6535001,7493883,1,1,0
6535001,7493883,11,2,9
5190468,6863558,3,1,2
5190468,6863558,12,5,7
5229194,6336999,3,1,2
5229194,6336999,11,2,9
6952603,8226557,1,2,-1
5306569,7820309,1,5,-4
5306569,7820309,2,6,-4
5390801,6651827,3,4,-1
7870903,8695705,1,2,-1
7870903,8695705,12,1,11
6516046,7953471,3,11,-8
5645747,7109451,1,2,-1
5645747,7109451,2,1,1
5645747,7109451,3,8,-5
5645747,7109451,4,5,-1
4061955,4719401,1,3,-2
4061955,4719401,4,4,0
5311063,7104924,2,4,-2
5311063,7104924,3,2,1
4269522,6854726,5,5,0
4269522,6854726,8,2,6
6157915,8078597,9,4,5
6157915,8078597,13,6,7
5255305,6122345,4,12,-8
4858836,5289674,1,3,-2
4858836,5289674,4,8,-4
5272692,5371722,1,13,-12
5272692,5371722,3,6,-3
5272692,5371722,6,1,5
5272692,5371722,9,2,7
7574848,8474230,1,2,-1
7574848,8474230,2,1,1
6596889,7611733,3,4,-1
6596889,7611733,13,13,0
5034989,7937260,10,2,8
6380483,7211744,2,1,1
6380483,7211744,5,4,1
4030102,4666107,1,4,-3
4030102,4666107,6,10,-4
4662087,7086180,1,9,-8
4662087,7086180,4,11,-7
6665229,7061792,5,2,3
6665229,7061792,8,8,0
4207363,4705707,8,1,7
4207363,4705707,10,5,5
5244641,5603913,1,1,0
5244641,5603913,3,4,-1
4239240,6293555,1,2,-1
4239240,6293555,3,1,2
4239240,6293555,10,11,-1
6332597,7810438,6,4,2
6332597,7810438,9,8,1
5445602,7749182,5,5,0
5445602,7749182,10,7,3
4905280,6379252,4,3,1
5525981,7406393,11,1,10
5362513,6457408,3,10,-7
5362513,6457408,6,4,2
6131539,7549900,1,4,-3
6131539,7549900,8,7,1
6131539,7549900,11,13,-2
4413706,7134524,5,1,4
4413706,7134524,9,2,7
4169424,4669916,5,4,1
4169424,4669916,9,11,-2
6208329,7907125,7,7,0
6285987,8532633,2,4,-2
6876509,7440219,1,1,0
6876509,7440219,2,3,-1
6876509,7440219,3,2,1
6876509,7440219,12,6,6
5049274,6451205,1,7,-6
5049274,6451205,5,1,4
5049274,6451205,9,5,4
4282391,5527971,9,11,-2
5292594,7011894,2,9,-7
5292594,7011894,5,5,0
5292594,7011894,6,6,0
5292594,7011894,11,4,7
5292594,7011894,12,8,4
5634911,7316699,5,6,-1
5634911,7316699,6,3,3
5634911,7316699,8,9,-1
5634911,7316699,12,7,5
4185691,4303128,6,13,-7
4185691,4303128,8,2,6
4185691,4303128,9,8,1
5484437,6071310,1,2,-1
5484437,6071310,2,5,-3
4834821,5078820,2,10,-8
6250272,8281761,1,1,0
6250272,8281761,5,5,0
6250272,8281761,8,4,4
6250272,8281761,9,7,2
6250272,8281761,10,8,2
5001153,5422368,1,2,-1
5001153,5422368,7,5,2
5346897,6599928,1,12,-11
4188942,4610242,2,1,1
4188942,4610242,5,5,0
7174361,8302014,5,3,2
7174361,8302014,7,13,-6
7174361,8302014,9,12,-3
7174361,8302014,12,9,3
6070143,8265977,1,6,-5
4954948,6968552,2,2,0
4954948,6968552,3,9,-6
4671540,7762279,1,4,-3
4671540,7762279,4,5,-1
4671540,7762279,5,3,2
4671540,7762279,7,7,0
4671540,7762279,10,10,0
4014828,4316827,1,1,0
4014828,4316827,2,2,0
5452164,7239482,3,2,1
5452164,7239482,5,4,1
5452164,7239482,11,3,8
5452164,7239482,13,8,5
5210872,6230303,1,13,-12
6150015,7147790,9,3,6
5095531,5483668,2,1,1
5095531,5483668,3,6,-3
5095531,5483668,5,8,-3
5550666,8326151,1,9,-8
5550666,8326151,2,4,-2
6931194,7309168,2,1,1
6931194,7309168,3,3,0
6931194,7309168,6,2,4
5636643,8540699,1,1,0
5636643,8540699,4,4,0
5636643,8540699,6,10,-4
5636643,8540699,13,5,8
7073937,8601610,1,9,-8
7073937,8601610,9,7,2
6132677,7074291,1,6,-5
6132677,7074291,5,13,-8
5166502,7753779,1,6,-5
5166502,7753779,3,3,0
5298047,7263263,1,1,0
5298047,7263263,2,2,0
5298047,7263263,3,9,-6
5298047,7263263,8,4,4
5298047,7263263,10,5,5
7191116,7729899,1,5,-4
4886920,5055563,1,1,0
4886920,5055563,2,5,-3
4886920,5055563,4,4,0
4886920,5055563,11,2,9
6599356,7993447,1,1,0
6599356,7993447,2,2,0
6599356,7993447,4,6,-2
4280917,4675422,6,8,-2
6974540,8679328,3,1,2
6974540,8679328,5,2,3
6362677,6516291,1,2,-1
6362677,6516291,6,7,-1
5344434,8268332,10,5,5
5486097,6095760,1,1,0
5486097,6095760,3,2,1
5486097,6095760,5,6,-1
5491717,8737360,5,3,2
5442020,6096677,3,1,2
5442020,6096677,4,2,2
5442020,6096677,12,9,3
4768507,7632300,1,7,-6
4826183,5437466,1,5,-4
4826183,5437466,3,1,2
4720179,5280317,1,1,0
4720179,5280317,5,3,2
4720179,5280317,6,6,0
5396516,6301485,9,1,8
5266548,7563415,9,5,4
5601478,6273789,2,5,-3
5601478,6273789,8,4,4
5601478,6273789,12,12,0
4995486,5419416,7,2,5
4995486,5419416,11,3,8
6163985,6467199,3,5,-2
6615365,8499013,6,9,-3
6615365,8499013,9,2,7
7142835,7684778,3,6,-3
7142835,7684778,4,1,3
7142835,7684778,5,13,-8
6075738,7457997,5,5,0
6075738,7457997,6,4,2
4969177,6535573,1,1,0
4969177,6535573,2,3,-1
6533126,7055676,6,4,2
6533126,7055676,7,9,-2
6533126,7055676,8,3,5
5398648,6213075,6,1,5
4265990,6350550,2,8,-6
4452696,4770775,1,4,-3
4452696,4770775,2,3,-1
4452696,4770775,6,6,0
4452696,4770775,8,9,-1
4452696,4770775,9,10,-1
4452696,4770775,12,5,7
7453142,8288870,1,10,-9
7453142,8288870,5,8,-3
7453142,8288870,6,9,-3
7453142,8288870,12,3,9
4449528,5403311,1,4,-3
4449528,5403311,6,1,5
4449528,5403311,9,2,7
6419696,7125421,7,13,-6
6419696,7125421,12,2,10
4884814,5409974,1,11,-10
4884814,5409974,2,13,-11
7320878,8185319,2,1,1
7382985,8160453,5,3,2
7382985,8160453,6,2,4
6499430,8272607,3,4,-1
6522889,7680324,11,4,7
6349595,6873947,1,1,0
6349595,6873947,2,3,-1
6349595,6873947,3,7,-4
6284809,6520261,11,2,9
6284809,6520261,13,7,6
5312379,8328734,1,1,0
4536612,7989711,5,8,-3
4536612,7989711,10,2,8
4536612,7989711,11,9,2
5365409,6965160,3,8,-5
5365409,6965160,5,9,-4
5365409,6965160,12,5,7
5412352,8233855,1,1,0
4779328,4932110,1,1,0
4779328,4932110,2,9,-7
4779328,4932110,13,6,7
6230407,6957691,7,9,-2
6230407,6957691,8,2,6
5409777,6464822,8,3,5
4403350,7197290,3,2,1
4403350,7197290,6,3,3
5134729,7650652,1,6,-5
5134729,7650652,4,1,3
5134729,7650652,7,2,5
5523963,8396914,3,11,-8
5523963,8396914,6,7,-1
4006632,4682171,5,3,2
4012585,5017961,1,3,-2
7712781,8276936,2,1,1
7712781,8276936,8,12,-4
5585951,7531838,3,1,2
5585951,7531838,7,9,-2
6363031,8077535,4,4,0
6363031,8077535,6,7,-1
4634181,5052989,1,2,-1
4634181,5052989,2,10,-8
4634181,5052989,3,1,2
4634181,5052989,4,3,1
7386183,8270766,1,5,-4
5106395,7264652,6,12,-6
4916603,5265053,10,13,-3
4916603,5265053,12,8,4
5136131,6380845,10,3,7
4681093,7695428,1,6,-5
4602003,5502038,2,2,0
4602003,5502038,7,5,2
4602003,5502038,8,13,-5
4602003,5502038,9,7,2
4602003,5502038,11,9,2
4602003,5502038,13,3,10
5572597,6122395,1,2,-1
5572597,6122395,9,5,4
4466342,7389895,1,8,-7
4466342,7389895,2,4,-2
4493081,8359517,1,1,0
4493081,8359517,3,3,0
4493081,8359517,5,6,-1
4493081,8359517,7,12,-5
6572617,8070774,6,4,2
4143664,4943259,1,4,-3
4143664,4943259,2,11,-9
4143664,4943259,3,2,1
4143664,4943259,6,3,3
4143664,4943259,13,9,4
4799499,8326435,7,8,-1
4799499,8326435,11,5,6
6128735,8230235,1,1,0
6128735,8230235,3,5,-2
4953122,5523903,2,3,-1
4953122,5523903,10,6,4
7098803,7630748,10,2,8
5144622,7477655,2,3,-1
4667959,7717783,1,1,0
4608577,6511159,10,1,9
6125399,6553438,1,3,-2
4635890,5150871,3,1,2
4635890,5150871,7,10,-3
5096423,7681124,3,6,-3
5210691,6611762,1,3,-2
5210691,6611762,2,13,-11
5210691,6611762,4,7,-3
5210691,6611762,6,2,4
6208519,6653173,1,3,-2
6297095,7135370,2,1,1
6297095,7135370,4,8,-4
6582620,7820563,1,1,0
6582620,7820563,2,12,-10
6582620,7820563,5,5,0
6582620,7820563,11,8,3
4615290,4892494,1,2,-1
4615290,4892494,2,6,-4
4615290,4892494,3,8,-5
4615290,4892494,5,5,0
4615290,4892494,7,7,0
4615290,4892494,11,12,-1
6492743,7936102,2,5,-3
4452773,7947368,3,2,1
6295646,6510553,3,5,-2
6295646,6510553,7,13,-6
6295646,6510553,9,11,-2
6295646,6510553,13,1,12
6380622,6967404,7,2,5
6380622,6967404,8,4,4
6380622,6967404,13,12,1
6969123,8622127,3,8,-5
6969123,8622127,8,7,1
4152213,5293210,1,1,0
4152213,5293210,7,2,5
5208546,5315269,1,3,-2
5208546,5315269,3,7,-4
5208546,5315269,4,9,-5
7383045,8483184,1,7,-6
7383045,8483184,3,1,2
7383045,8483184,13,2,11
5278272,6514583,1,5,-4
6919610,7960781,2,8,-6
6919610,7960781,8,11,-3
6932767,8443294,12,10,2
6183251,8277215,1,1,0
6183251,8277215,5,4,1
7010435,8256086,10,6,4
5115564,6644529,1,1,0
5115564,6644529,2,2,0
5115564,6644529,3,8,-5
5580063,8444056,2,8,-6
5580063,8444056,10,9,1
4760460,8023151,2,12,-10
4760460,8023151,6,9,-3
4760460,8023151,9,7,2
7431965,8580342,2,2,0
7431965,8580342,3,4,-1
7431965,8580342,4,1,3
5635468,7297527,1,1,0
5635468,7297527,12,7,5
7203743,7725568,8,4,4
5656652,7115288,5,10,-5
6253362,7996813,1,9,-8
4832337,5242308,1,1,0
4832337,5242308,2,2,0
4832337,5242308,3,4,-1
4832337,5242308,4,7,-3
4832337,5242308,5,8,-3
4832337,5242308,6,9,-3
4832337,5242308,7,3,4
4832337,5242308,8,10,-2
4832337,5242308,9,11,-2
4832337,5242308,10,12,-2
4832337,5242308,11,13,-2
4832337,5242308,13,6,7
5046499,6309888,1,10,-9
5046499,6309888,2,9,-7
5046499,6309888,4,12,-8
4188895,5072679,3,10,-7
4188895,5072679,8,7,1
4454873,6334855,2,8,-6
6301109,6991024,10,10,0
6666665,8133035,1,10,-9
6666665,8133035,5,11,-6
6666665,8133035,11,5,6
6870172,8722286,1,9,-8
6870172,8722286,2,3,-1
6870172,8722286,3,5,-2
6870172,8722286,4,6,-2
6535859,7925384,3,5,-2
6535859,7925384,5,7,-2
6535859,7925384,8,10,-2
4040420,6527749,1,4,-3
4084699,7481328,1,3,-2
6642206,7608597,2,2,0
5147404,8282683,2,4,-2
5352670,7138258,2,4,-2
6316712,8530734,11,1,10
5151955,7221826,2,1,1
5151955,7221826,3,5,-2
5220007,8188059,1,12,-11
5220007,8188059,11,13,-2
6286127,8717042,5,6,-1
7504906,8324982,3,4,-1
7504906,8324982,8,12,-4
7504906,8324982,12,6,6
4292387,5260748,1,1,0
4292387,5260748,3,6,-3
6485206,8360667,1,5,-4
4798095,6387273,4,6,-2
4900818,5180481,3,9,-6
5111998,5375776,3,7,-4
5441795,7600868,5,2,3
6987279,8710475,2,12,-10
6987279,8710475,4,6,-2
6987279,8710475,7,2,5
6987279,8710475,9,5,4
6987279,8710475,12,13,-1
6987279,8710475,13,4,9
6191663,7174409,2,4,-2
4194529,4494566,1,6,-5
4194529,4494566,2,1,1
4194529,4494566,5,7,-2
4194529,4494566,7,4,3
7344996,8030156,1,1,0
7344996,8030156,2,7,-5
4163900,5336895,1,1,0
7049190,8551824,3,3,0
7049190,8551824,4,2,2
7012937,8379694,4,10,-6
7012937,8379694,9,6,3
5581673,6518971,2,3,-1
5581673,6518971,4,8,-4
5581673,6518971,6,7,-1
4688395,5214933,2,10,-8
4688395,5214933,5,6,-1
4688395,5214933,7,2,5
4806737,6309202,2,1,1
4806737,6309202,7,8,-1
5556231,7237981,4,2,2
5556231,7237981,6,10,-4
5556231,7237981,12,3,9
5120921,6346868,5,3,2
5120921,6346868,6,6,0
4154660,4365507,1,1,0
4154660,4365507,3,2,1
4154660,4365507,5,5,0
6885734,7831426,7,9,-2
6885734,7831426,9,5,4
3962503,5414959,1,4,-3
3962503,5414959,5,2,3
3962503,5414959,7,5,2
7651493,8523855,2,1,1
7651493,8523855,12,7,5
5564491,7089993,1,5,-4
5564491,7089993,2,9,-7
5564491,7089993,5,8,-3
5564491,7089993,8,12,-4
5564491,7089993,11,13,-2
5362295,7175604,7,5,2
6580299,7665046,1,13,-12
6580299,7665046,7,4,3
5198209,5456863,1,5,-4
5198209,5456863,2,10,-8
5198209,5456863,9,9,0
4664298,6467579,2,3,-1
4863159,5456650,5,4,1
4917058,5233948,4,11,-7
4917058,5233948,6,4,2
3995103,6201722,2,4,-2
6873093,7825592,3,2,1
6873093,7825592,4,3,1
6873093,7825592,5,1,4
3957940,5635248,5,3,2
3957940,5635248,7,2,5
4928657,7347191,1,1,0
4928657,7347191,2,3,-1
4928657,7347191,7,13,-6
4928657,7347191,9,10,-1
4055294,4406647,1,3,-2
4055294,4406647,11,7,4
4654905,7376988,9,7,2
4654905,7376988,10,8,2
4654905,7376988,12,5,7
4090338,7669377,5,4,1
4090338,7669377,6,1,5
4090338,7669377,12,2,10
5236860,8048755,11,4,7
6199734,7100808,4,9,-5
4526320,6553712,4,9,-5
4526320,6553712,6,11,-5
5003693,5298681,4,7,-3
5363809,6516748,1,4,-3
5363809,6516748,7,3,4
4899112,7782060,5,12,-7
4899112,7782060,9,3,6
5114875,6503134,2,1,1
6501343,7057404,1,1,0
6501343,7057404,10,5,5
6501343,7057404,11,10,1
6501343,7057404,13,13,0
4601307,6186174,3,2,1
6428566,7771463,2,8,-6
6428566,7771463,6,1,5
4994956,5359275,1,3,-2
6155678,7325915,1,4,-3
6155678,7325915,2,1,1
6215769,8199653,2,2,0
7256084,7670923,2,12,-10
5583485,8031047,1,4,-3
5583485,8031047,7,5,2
5583485,8031047,11,3,8
4776394,7350564,10,7,3
7298665,7542337,6,12,-6
5600850,6536044,1,6,-5
4492786,4939031,3,2,1
4902225,5267857,2,1,1
4902225,5267857,6,3,3
4902225,5267857,12,9,3
6329962,6870506,2,8,-6
6329962,6870506,6,7,-1
7026840,8612789,1,2,-1
7026840,8612789,3,10,-7
7026840,8612789,13,4,9
7313399,8340667,6,11,-5
7313399,8340667,10,7,3
6511689,7293525,1,9,-8
6511689,7293525,8,3,5
6511689,7293525,9,13,-4
4719390,5051667,1,1,0
4719390,5051667,2,3,-1
6228694,7566606,2,7,-5
5485391,8001824,1,1,0
4420300,6900547,8,2,6
7182786,8657820,2,2,0
6260190,7836435,2,10,-8
4566451,7070764,1,11,-10
4566451,7070764,2,4,-2
7465868,8058542,5,10,-5
4537756,8754004,7,6,1
5201881,7722678,7,5,2
5201881,7722678,11,11,0
6661770,8137894,1,3,-2
6661770,8137894,2,9,-7
6661770,8137894,10,6,4
5109572,7536750,1,6,-5
4213078,5183712,1,1,0
4213078,5183712,8,8,0
6489859,8648665,5,13,-8
6489859,8648665,7,3,4
6489859,8648665,10,12,-2
6172483,6294896,2,2,0
6172483,6294896,6,7,-1
6172483,6294896,13,1,12
5480584,6998067,2,1,1
5480584,6998067,4,2,2
5480584,6998067,5,3,2
5480584,6998067,7,4,3
5480584,6998067,8,11,-3
5480584,6998067,12,7,5
5050628,8038031,1,1,0
5050628,8038031,4,3,1
5050628,8038031,5,11,-6
5050628,8038031,8,8,0
4983159,6565887,5,5,0
4983159,6565887,10,3,7
4772466,6933286,2,10,-8
4772466,6933286,10,6,4
4557666,4715782,1,1,0
4557666,4715782,6,12,-6
4557666,4715782,7,8,-1
6242324,8687399,6,3,3
6242324,8687399,11,7,4
5556390,7077829,1,1,0
5556390,7077829,2,6,-4
5275851,6361912,2,6,-4
5298271,8735640,4,10,-6
5298271,8735640,5,6,-1
4757893,6997304,1,3,-2
6070277,7530121,8,1,7
6070277,7530121,12,13,-1
6358197,7914543,10,8,2
6358197,7914543,12,10,2
6481713,8360852,2,5,-3
6481713,8360852,8,8,0
6481713,8360852,9,2,7
8143900,8578437,1,2,-1
8143900,8578437,3,12,-9
8143900,8578437,6,3,3
6577642,8121024,1,1,0
4764977,8568031,2,9,-7
4764977,8568031,4,3,1
6861588,8057887,3,12,-9
6488636,7740597,1,8,-7
6488636,7740597,2,4,-2
6488636,7740597,4,1,3
6488636,7740597,5,9,-4
6488636,7740597,6,2,4
4568550,5089283,2,1,1
4361480,4983156,1,1,0
4361480,4983156,3,4,-1
5379040,7050508,11,5,6
5379040,7050508,12,7,5
5379040,7050508,13,9,4
4776454,5303818,4,2,2
4797713,5534956,1,1,0
6609521,7682332,7,3,4
6279260,6655074,1,1,0
6279260,6655074,2,6,-4
6279260,6655074,4,7,-3
6279260,6655074,5,4,1
6279260,6655074,13,12,1
7058957,7600217,8,2,6
5136765,8578577,10,1,9
6870846,7881229,2,2,0
6870846,7881229,3,3,0
6460690,7014037,2,1,1
5341374,5570364,7,3,4
6160750,7443728,3,8,-5
6160750,7443728,5,2,3
4789336,5292250,5,2,3
4998744,5299818,3,1,2
4998744,5299818,4,4,0
4998744,5299818,5,5,0
5352291,6528358,1,5,-4
5352291,6528358,2,3,-1
5352291,6528358,12,7,5
5352291,6528358,13,2,11
4850096,6523261,1,12,-11
4850096,6523261,6,13,-7
4850096,6523261,8,7,1
4312282,4406234,2,5,-3
4312282,4406234,4,9,-5
7091104,8053322,2,1,1
7091104,8053322,3,7,-4
4361107,8323324,5,1,4
5250462,6165264,2,1,1
5250462,6165264,3,8,-5
5250462,6165264,4,6,-2
5397550,8256060,5,12,-7
5571441,7892586,3,11,-8
5571441,7892586,12,6,6
5099558,7140949,2,3,-1
5603063,6532502,1,1,0
5603063,6532502,2,2,0
5603063,6532502,3,4,-1
6660221,7572316,1,11,-10
6660221,7572316,2,8,-6
6660221,7572316,7,6,1
5162131,6508956,1,1,0
5126524,5384444,3,1,2
5126524,5384444,7,4,3
5126524,5384444,10,3,7
4601022,4879696,1,1,0
5634889,8622942,1,4,-3
5634889,8622942,4,1,3
5634889,8622942,5,5,0
5634889,8622942,12,12,0
7151667,7542292,1,7,-6
7151667,7542292,2,6,-4
7151667,7542292,8,4,4
7151667,7542292,12,11,1
7151667,7542292,13,12,1
4891650,5293642,12,8,4
4458066,5453496,1,7,-6
4458066,5453496,5,3,2
6553565,8271958,1,5,-4
6553565,8271958,2,4,-2
6553565,8271958,6,3,3
6948071,7770028,2,3,-1
6948071,7770028,4,5,-1
6948071,7770028,6,2,4
7956529,8357930,1,3,-2
7956529,8357930,2,4,-2
7956529,8357930,4,1,3
7956529,8357930,8,11,-3
7536902,7958778,1,1,0
7536902,7958778,7,6,1
7536902,7958778,9,4,5
7536902,7958778,11,8,3
6929650,7909775,1,4,-3
6929650,7909775,2,5,-3
4003041,4083005,4,4,0
4003041,4083005,11,6,5
6216512,7143619,1,5,-4
6216512,7143619,3,2,1
6216512,7143619,13,7,6
5387824,7051129,4,12,-8
4939581,7710433,2,9,-7
6546390,7831573,7,9,-2
5379316,7756184,1,9,-8
5379316,7756184,4,2,2
5379316,7756184,5,3,2
5356826,7060584,3,1,2
5356826,7060584,4,6,-2
5356826,7060584,7,10,-3
5442901,6523334,1,5,-4
5442901,6523334,2,1,1
5442901,6523334,8,3,5
6213955,7007692,1,7,-6
6213955,7007692,5,2,3
6212550,8660537,3,1,2
6212550,8660537,8,12,-4
6088455,7974436,9,12,-3
4919144,6428483,6,8,-2
4919144,6428483,7,9,-2
5356821,7666774,1,13,-12
5356821,7666774,2,11,-9
5356821,7666774,3,12,-9
4566881,5395427,1,3,-2
4566881,5395427,3,6,-3
4566881,5395427,5,1,4
4566881,5395427,9,8,1
4065481,4153601,2,5,-3
4065481,4153601,5,9,-4
4065481,4153601,7,2,5
4065481,4153601,13,10,3
6216113,7911633,5,7,-2
6216113,7911633,7,4,3
6245692,7443186,2,4,-2
5406479,7535988,2,13,-11
5406479,7535988,8,6,2
4688641,7789136,1,13,-12
4688641,7789136,3,2,1
6350986,7757760,3,2,1
6350986,7757760,7,5,2
6350986,7757760,8,11,-3
6657329,8030819,2,3,-1
6657329,8030819,6,1,5
6657329,8030819,12,4,8
5026371,8142473,9,10,-1
4909227,7111623,1,1,0
4909227,7111623,2,5,-3
5053768,7944368,4,1,3
4766918,6264573,8,9,-1
5394879,6664893,3,11,-8
5394879,6664893,10,2,8
4750921,4940470,2,1,1
4750921,4940470,10,8,2
4750921,4940470,13,6,7
7518510,7986233,4,7,-3
7518510,7986233,7,11,-4
4948515,6365088,1,1,0
4263810,4688934,4,10,-6
4263810,4688934,5,1,4
5573711,7557981,3,9,-6
5573711,7557981,4,1,3
5573711,7557981,8,4,4
4826041,5246138,2,7,-5
4826041,5246138,3,9,-6
4826041,5246138,8,5,3
4826041,5246138,10,10,0
4427415,6864102,6,11,-5
6661752,7145853,1,9,-8
4568936,8502668,7,7,0
7482430,8728475,1,2,-1
7482430,8728475,12,1,11
5483277,8276183,4,9,-5
5296149,7258788,2,1,1
5296149,7258788,7,7,0
4786326,5399190,1,7,-6
4786326,5399190,3,9,-6
5081795,6244946,1,3,-2
5081795,6244946,4,10,-6
6972016,8657814,8,1,7
6972016,8657814,9,12,-3
6972016,8657814,11,4,7
5201735,8100910,6,1,5
6354962,7311613,1,1,0
6354962,7311613,2,2,0
6354962,7311613,3,5,-2
6354962,7311613,7,3,4
6354962,7311613,8,8,0
6354962,7311613,10,10,0
6959952,7131355,2,2,0
6441854,7599577,5,11,-6
6616566,7059992,2,10,-8
6616566,7059992,4,1,3
4310682,5336681,2,2,0
4310682,5336681,10,7,3
4310682,5336681,11,5,6
5196367,7671425,10,4,6
4680308,5384127,2,3,-1
4680308,5384127,5,5,0
4241672,4433631,6,2,4
4241672,4433631,7,11,-4
5563535,7979046,13,1,12
4278092,7731697,1,2,-1
7322928,8663210,2,1,1
4572927,7280769,4,2,2
6388559,7170426,6,5,1
6388559,7170426,7,11,-4
6388559,7170426,12,4,8
7119814,7593854,2,9,-7
4538611,5571112,1,1,0
4538611,5571112,2,5,-3
4538611,5571112,12,2,10
4524384,8441533,3,2,1
4524384,8441533,4,4,0
4524384,8441533,10,5,5
4524384,8441533,13,12,1
4639915,6167541,3,2,1
4639915,6167541,7,3,4
7543598,8267109,2,2,0
7543598,8267109,5,4,1
7543598,8267109,6,5,1
7065481,7571400,4,6,-2
4105939,6396317,1,6,-5
4105939,6396317,2,4,-2
4105939,6396317,12,12,0
6327550,7827545,5,8,-3
6327550,7827545,11,9,2
4822305,5318463,1,2,-1
4822305,5318463,3,8,-5
6325978,8734348,2,1,1
4404783,5271201,7,8,-1
4404783,5271201,9,10,-1
4435327,8450476,12,10,2
5593562,6224730,3,7,-4
5454793,6123687,6,2,4
4540841,4665248,2,1,1
4540841,4665248,8,13,-5
5360437,6157859,2,6,-4
5360437,6157859,6,8,-2
5360437,6157859,8,10,-2
6073192,8171169,9,3,6
6521915,7851990,2,3,-1
6521915,7851990,3,2,1
6521915,7851990,7,1,6
5152678,6086338,4,3,1
5152678,6086338,12,7,5
5152678,6086338,13,6,7
4932022,8693347,1,4,-3
4932022,8693347,4,6,-2
6899362,7347476,4,13,-9
7001602,7455845,1,2,-1
7001602,7455845,2,5,-3
7001602,7455845,3,6,-3
7001602,7455845,5,1,4
7001602,7455845,6,8,-2
7001602,7455845,7,9,-2
7001602,7455845,8,13,-5
7001602,7455845,12,11,1
6159095,8535143,1,1,0
6159095,8535143,2,4,-2
6159095,8535143,6,9,-3
6159095,8535143,8,12,-4
4810648,6080915,3,1,2
6887280,8444709,1,13,-12
6887280,8444709,4,1,3
6887280,8444709,5,9,-4
6887280,8444709,6,8,-2
6887280,8444709,9,5,4
4716693,7685775,1,3,-2
4716693,7685775,2,11,-9
4716693,7685775,5,2,3
5566170,6999460,1,4,-3
5566170,6999460,12,10,2
6508825,8449594,8,13,-5
6120502,7481840,11,7,4
4358835,4719605,3,2,1
4358835,4719605,4,4,0
6144668,7525983,1,5,-4
6144668,7525983,4,8,-4
6412490,8295939,6,3,3
6412490,8295939,10,5,5
6653191,7300886,3,1,2
6653191,7300886,9,11,-2
6653191,7300886,10,6,4
6653191,7300886,12,5,7
6653191,7300886,13,3,10
8024748,8599657,1,11,-10
8024748,8599657,2,2,0
8024748,8599657,6,10,-4
8024748,8599657,8,4,4
4947302,7911351,4,2,2
4947302,7911351,11,5,6
6620643,7691656,2,5,-3
8224255,8619596,3,1,2
8224255,8619596,4,7,-3
8224255,8619596,8,10,-2
8224255,8619596,9,2,7
8224255,8619596,12,11,1
7328242,8275839,4,2,2
7328242,8275839,13,1,12
6270730,7150998,1,1,0
6270730,7150998,2,2,0
6270730,7150998,3,3,0
6270730,7150998,4,4,0
6270730,7150998,5,5,0
6270730,7150998,6,6,0
6270730,7150998,7,7,0
6270730,7150998,8,8,0
6270730,7150998,9,9,0
6270730,7150998,10,10,0
6270730,7150998,11,11,0
6270730,7150998,12,12,0
6270730,7150998,13,13,0
5262814,5473401,2,6,-4
5262814,5473401,4,4,0
5262814,5473401,10,9,1
6527223,7093789,1,1,0
6527223,7093789,4,8,-4
4449194,5339265,1,10,-9
4449194,5339265,6,1,5
4449194,5339265,8,3,5
5361087,6409300,10,12,-2
4747094,8045857,1,6,-5
4747094,8045857,12,1,11
5338266,5622244,1,1,0
5338266,5622244,2,3,-1
4396829,7859509,1,2,-1
4396829,7859509,3,4,-1
4396829,7859509,4,5,-1
4396829,7859509,5,6,-1
6221072,7758582,1,12,-11
6221072,7758582,4,7,-3
5577262,6487651,4,5,-1
5577262,6487651,7,2,5
5577262,6487651,11,4,7
5318840,8440328,3,4,-1
5318840,8440328,4,1,3
5318840,8440328,7,11,-4
7117494,8365162,6,10,-4
7117494,8365162,11,3,8
6397379,6941545,2,6,-4
6397379,6941545,4,5,-1
6397379,6941545,8,8,0
6397379,6941545,9,3,6
6397379,6941545,10,1,9
4904970,5512870,1,5,-4
4904970,5512870,3,2,1
4904970,5512870,6,6,0
6138330,6311374,1,6,-5
6138330,6311374,8,4,4
6138330,6311374,11,1,10
4710917,8149739,2,3,-1
4065711,8116105,2,2,0
4065711,8116105,3,6,-3
4065711,8116105,6,9,-3
4065711,8116105,7,4,3
4199373,4643773,1,1,0
4199373,4643773,4,6,-2
4199373,4643773,5,10,-5
4199373,4643773,8,9,-1
4399216,6087178,5,2,3
5294038,6448108,10,7,3
7134124,8499302,6,1,5
4210699,4405679,1,1,0
4210699,4405679,7,12,-5
4350573,6554967,8,5,3
4304641,5620581,2,4,-2
4304641,5620581,11,1,10
4304641,5620581,13,5,8
4954945,5404521,1,2,-1
4954945,5404521,2,1,1
6237022,8645941,9,6,3
6292647,6492630,5,1,4
6292647,6492630,6,4,2
6292647,6492630,7,10,-3
6292647,6492630,10,8,2
5632002,7644155,6,13,-7
4204910,6320922,5,1,4
4204910,6320922,9,4,5
7227056,8513492,1,1,0
7227056,8513492,2,2,0
7227056,8513492,3,3,0
7227056,8513492,4,4,0
7227056,8513492,5,5,0
7227056,8513492,6,6,0
7227056,8513492,7,7,0
7227056,8513492,8,8,0
7227056,8513492,9,9,0
7227056,8513492,10,10,0
7227056,8513492,11,11,0
7227056,8513492,12,12,0
7227056,8513492,13,13,0
5636916,6883931,4,8,-4
5636916,6883931,10,2,8
5376178,6319552,3,10,-7
5376178,6319552,7,1,6
5376178,6319552,11,13,-2
5376178,6319552,13,8,5
6210369,8574895,1,2,-1
4614565,5156086,1,1,0
4614565,5156086,5,6,-1
4614565,5156086,8,13,-5
4614565,5156086,9,2,7
5509073,7730324,9,11,-2
7147504,7749016,5,1,4
7147504,7749016,9,10,-1
5135377,5470219,3,5,-2
5135377,5470219,4,6,-2
6245523,8580263,3,9,-6
4342988,5323142,2,11,-9
4342988,5323142,9,7,2
4633246,4719625,11,7,4
4790173,7779665,5,3,2
7336802,8745403,1,6,-5
7336802,8745403,4,2,2
6073205,7631097,7,5,2
6073205,7631097,9,4,5
6367753,7344116,1,2,-1
6367753,7344116,5,6,-1
6367753,7344116,11,11,0
5319226,6531858,1,1,0
5590782,8288744,6,6,0
5590782,8288744,8,4,4
5061593,5396317,1,2,-1
6402743,8636733,6,7,-1
6402743,8636733,12,9,3
5139092,7117764,2,13,-11
6189233,6493962,3,5,-2
6189233,6493962,5,8,-3
6189233,6493962,6,3,3
6189233,6493962,13,9,4
3961627,5331995,2,1,1
3961627,5331995,3,3,0
3961627,5331995,4,13,-9
3961627,5331995,12,4,8
4074282,4622661,1,13,-12
4074282,4622661,4,7,-3
4074282,4622661,10,6,4
6330690,6578160,7,8,-1
6092896,8545011,11,2,9
4463706,8221329,4,5,-1
6392742,6504652,4,3,1
6392742,6504652,10,8,2
6392742,6504652,13,2,11
6139550,6224602,1,1,0
6139550,6224602,2,3,-1
6139550,6224602,5,2,3
6139550,6224602,6,6,0
6139550,6224602,7,11,-4
5228103,5526155,1,6,-5
5228103,5526155,3,2,1
5228103,5526155,4,3,1
5228103,5526155,9,5,4
5228103,5526155,10,1,9
5012522,7551756,2,2,0
5133727,7351201,10,8,2
4325325,8109237,1,1,0
4325325,8109237,7,3,4
4756942,6902796,2,4,-2
6901524,7321942,5,12,-7
7503235,7568407,1,1,0
5086974,7549599,6,5,1
3999807,4795004,2,1,1
3999807,4795004,4,4,0
3999807,4795004,12,12,0
5030903,5243271,9,2,7
4608645,5359270,1,4,-3
4608645,5359270,4,1,3
4608645,5359270,6,3,3
4608645,5359270,9,5,4
4608645,5359270,11,8,3
6839465,7403634,7,1,6
4629415,4992041,1,1,0
7043063,8280136,3,6,-3
7043063,8280136,5,10,-5
7043063,8280136,6,8,-2
4938107,5289745,1,3,-2
4938107,5289745,2,2,0
4938107,5289745,5,10,-5
4938107,5289745,6,5,1
3944356,4047811,3,9,-6
3944356,4047811,6,5,1
3944356,4047811,7,13,-6
6906424,8102043,8,4,4
6182477,7246509,1,1,0
6303226,8277946,1,6,-5
6303226,8277946,4,2,2
6303226,8277946,9,7,2
3941157,6476326,9,6,3
6407597,8456203,4,7,-3
6407597,8456203,9,13,-4
5445934,7057029,4,10,-6
6127478,7000646,1,2,-1
6127478,7000646,2,1,1
6127478,7000646,4,3,1
6127478,7000646,10,9,1
6127478,7000646,11,6,5
4305539,8424740,1,4,-3
4305539,8424740,5,2,3
4305539,8424740,6,3,3
5421987,8685221,3,5,-2
5421987,8685221,4,6,-2
5421987,8685221,7,3,4
6023707,7424621,2,11,-9
6023707,7424621,7,2,5
4865029,7655002,1,3,-2
4455474,4874925,1,1,0
4455474,4874925,7,3,4
4455474,4874925,13,5,8
5180036,8650675,1,7,-6
7168557,7527143,2,3,-1
7168557,7527143,7,12,-5
7168557,7527143,11,8,3
7168557,7527143,12,6,6
6878871,8512528,3,2,1
4933121,6120751,3,1,2
6274307,8105610,9,2,7
6274307,8105610,10,8,2
4434514,4744107,3,1,2
3973375,4627217,3,1,2
3973375,4627217,6,2,4
3973375,4627217,8,6,2
5080284,5292069,8,1,7
5080284,5292069,9,4,5
5138922,5282397,1,4,-3
5138922,5282397,4,10,-6
7631712,7861812,2,5,-3
7631712,7861812,3,8,-5
7631712,7861812,11,11,0
4401567,4772390,4,2,2
4401567,4772390,8,6,2
7780521,8672737,2,2,0
7780521,8672737,10,4,6
7780521,8672737,11,1,10
4987387,5059833,3,2,1
4987387,5059833,6,1,5
4987387,5059833,7,4,3
4987387,5059833,12,10,2
5453195,7300581,3,3,0
4440849,4496645,2,4,-2
6264087,8033440,1,1,0
4433755,7506558,1,1,0
4433755,7506558,2,4,-2
4433755,7506558,4,5,-1
4954114,8460053,3,4,-1
5098730,7968138,1,1,0
5098730,7968138,5,3,2
5207426,6456778,7,10,-3
5207426,6456778,13,8,5
4941036,5253068,3,6,-3
4941036,5253068,9,9,0
4941036,5253068,11,4,7
6562715,7659197,1,5,-4
6562715,7659197,2,3,-1
6562715,7659197,9,8,1
6924717,7675390,1,1,0
6924717,7675390,3,10,-7
4925057,7861884,1,1,0
4925057,7861884,2,3,-1
4925057,7861884,5,2,3
4925057,7861884,6,11,-5
4925057,7861884,10,5,5
6260141,7577838,5,5,0
4933538,6499664,3,1,2
4933538,6499664,4,2,2
4933538,6499664,9,5,4
6906208,7655827,1,2,-1
4901667,5637188,2,13,-11
4901667,5637188,5,5,0
4901667,5637188,13,6,7
6133320,8633178,13,12,1
6132311,7059604,1,1,0
6132311,7059604,2,2,0
6132311,7059604,3,3,0
6132311,7059604,5,5,0
6132311,7059604,8,6,2
6132311,7059604,9,9,0
6132311,7059604,11,8,3
6806793,8282020,5,10,-5
6231412,6888519,2,3,-1
6231412,6888519,3,1,2
6231412,6888519,4,2,2
6231412,6888519,7,8,-1
4751682,5351212,3,9,-6
4751682,5351212,4,5,-1
4751682,5351212,8,8,0
4751682,5351212,9,12,-3
5128945,7103007,5,8,-3
5637539,6987027,6,2,4
5637539,6987027,9,9,0
4687322,7079219,3,5,-2
4687322,7079219,10,10,0
3989544,6323650,6,3,3
4864497,8560503,2,8,-6
5205697,6062809,1,3,-2
5205697,6062809,3,1,2
5205697,6062809,13,12,1
4893630,8579847,11,9,2
6650294,8294620,2,8,-6
6650294,8294620,3,4,-1
6650294,8294620,8,2,6
6650294,8294620,11,6,5
4672674,5398286,10,1,9
6640159,8701931,4,2,2
6640159,8701931,7,6,1
5179274,7405861,9,7,2
5455335,7323594,4,5,-1
5455335,7323594,8,11,-3
5455335,7323594,10,3,7
5455335,7323594,13,6,7
6853385,7277099,1,1,0
6853385,7277099,2,3,-1
6853385,7277099,3,13,-10
6853385,7277099,5,5,0
6853385,7277099,6,8,-2
6853385,7277099,10,2,8
4829313,6859184,1,3,-2
6884230,8440209,3,4,-1
5091897,6314061,2,1,1
5091897,6314061,3,3,0
5091897,6314061,7,11,-4
5091897,6314061,11,9,2
5013242,6129763,3,9,-6
6537455,8132745,1,5,-4
6537455,8132745,9,10,-1
7058974,8073328,2,7,-5
7058974,8073328,3,2,1
6543830,7290829,1,10,-9
6543830,7290829,2,12,-10
6543830,7290829,6,1,5
6543830,7290829,9,4,5
7233039,8063460,1,6,-5
7233039,8063460,3,3,0
7233039,8063460,4,4,0
7233039,8063460,7,2,5
7233039,8063460,8,12,-4
6174542,6596313,3,2,1
6174542,6596313,12,7,5
4174454,6087374,7,10,-3
4280330,5045765,3,3,0
6156051,8257276,1,1,0
5526385,8141575,11,6,5
6845333,7259547,2,2,0
6244433,8382737,9,1,8
5231135,7091257,2,2,0
5231135,7091257,4,3,1
5231135,7091257,6,10,-4
7045913,7681401,2,2,0
7045913,7681401,6,10,-4
7045913,7681401,8,1,7
7045913,7681401,10,5,5
6192165,7596269,3,3,0
5000372,6536654,1,1,0
5000372,6536654,2,5,-3
6205654,7443023,7,11,-4
6205654,7443023,10,3,7
7197193,8386930,13,1,12
6203556,8303604,2,5,-3
6203556,8303604,3,1,2
6203556,8303604,12,10,2
4197807,7571693,3,5,-2
6025280,7785950,5,1,4
6025280,7785950,9,13,-4
6025280,7785950,10,8,2
6450886,8108952,3,3,0
4271839,6663660,1,2,-1
4438705,5152232,5,4,1
4438705,5152232,6,1,5
4438705,5152232,12,6,6
7326060,8568256,9,5,4
5008314,7273014,7,10,-3
5565963,7071960,1,1,0
5565963,7071960,6,9,-3
5565963,7071960,13,8,5
6446115,7945520,4,8,-4
6446115,7945520,5,1,4
6446115,7945520,12,3,9
7476586,7728626,1,4,-3
7476586,7728626,4,6,-2
7476586,7728626,5,3,2
7476586,7728626,8,11,-3
7476586,7728626,9,7,2
4161988,4953637,6,1,5
4161988,4953637,7,6,1
4161988,4953637,13,3,10
4817710,7100684,5,8,-3
4636915,5272592,1,9,-8
4636915,5272592,5,11,-6
4636915,5272592,6,5,1
6067482,7336003,1,13,-12
6067482,7336003,7,7,0
6067482,7336003,13,4,9
7233731,8382382,1,8,-7
7233731,8382382,2,2,0
7233731,8382382,3,4,-1
7233731,8382382,4,7,-3
7233731,8382382,5,1,4
6437560,8096537,1,7,-6
4955583,5318268,1,2,-1
6234559,7354089,1,1,0
6234559,7354089,2,6,-4
6234559,7354089,4,9,-5
6234559,7354089,5,8,-3
6234559,7354089,8,2,6
5547565,6258269,4,3,1
5547565,6258269,5,1,4
4184887,7731794,4,8,-4
4184887,7731794,9,1,8
5255607,8578620,1,3,-2
4461330,6224304,2,4,-2
4461330,6224304,5,6,-1
4461330,6224304,10,5,5
4928928,7325789,1,10,-9
4928928,7325789,8,7,1
4928928,7325789,9,9,0
4928928,7325789,10,2,8
5381784,7846091,6,3,3
5381784,7846091,8,2,6
5064943,5340926,3,7,-4
5064943,5340926,5,2,3
5064943,5340926,7,6,1
5064943,5340926,8,10,-2
5064943,5340926,10,12,-2
4424491,7772850,12,1,11
4819752,7254433,2,7,-5
4819752,7254433,9,1,8
4998725,6241638,1,4,-3
4998725,6241638,2,1,1
4689338,7897767,1,9,-8
4689338,7897767,6,7,-1
5068956,6168172,1,2,-1
4399804,8596258,2,12,-10
7487151,7672916,3,6,-3
4279497,4717939,7,4,3
4279497,4717939,10,1,9
4037111,4634643,1,1,0
4037111,4634643,3,2,1
4037111,4634643,6,5,1
6247109,7783661,1,2,-1
6247109,7783661,12,9,3
7542015,8044889,1,6,-5
7542015,8044889,12,1,11
6183468,8486060,2,12,-10
6183468,8486060,5,1,4
4315451,5270479,1,2,-1
4315451,5270479,8,10,-2
4315451,5270479,9,7,2
4315451,5270479,12,8,4
5155160,7951438,1,3,-2
5155160,7951438,3,11,-8
5155160,7951438,4,13,-9
5155160,7951438,5,8,-3
4155648,5377236,2,2,0
4155648,5377236,8,4,4
4155648,5377236,13,6,7
7535858,7983234,2,1,1
7535858,7983234,7,4,3
6283647,8113432,3,2,1
6283647,8113432,4,1,3
6410516,8263326,4,11,-7
6410516,8263326,8,13,-5
6410516,8263326,13,9,4
5347539,5631923,1,5,-4
5347539,5631923,7,3,4
6290821,7205662,2,7,-5
6290821,7205662,5,12,-7
6290821,7205662,6,6,0
6290821,7205662,9,13,-4
6290821,7205662,11,1,10
5083334,7200882,7,1,6
5083334,7200882,9,11,-2
6158431,6640804,1,12,-11
4048022,7036388,4,1,3
4048022,7036388,5,5,0
6188368,7106264,1,3,-2
6188368,7106264,2,1,1
6188368,7106264,4,6,-2
6188368,7106264,5,7,-2
4404007,4835044,5,4,1
4404007,4835044,8,2,6
4404007,4835044,12,6,6
5443467,6063089,1,1,0
5443467,6063089,4,3,1
5443467,6063089,11,7,4
4936493,5385302,7,9,-2
6199151,6535450,3,2,1
6199151,6535450,4,3,1
6199151,6535450,5,5,0
6199151,6535450,6,12,-6
6199151,6535450,11,7,4
6199151,6535450,12,4,8
5056814,5143401,2,1,1
5056814,5143401,4,6,-2
4799882,5238403,2,5,-3
4799882,5238403,4,8,-4
4799882,5238403,6,1,5
4799882,5238403,7,4,3
4799882,5238403,11,3,8
6126547,7201657,2,2,0
6126547,7201657,5,4,1
6126547,7201657,13,11,2
7450891,7702262,3,10,-7
7450891,7702262,5,2,3
7450891,7702262,9,13,-4
7450891,7702262,13,1,12
6538582,8248275,6,1,5
6538582,8248275,10,9,1
3979307,4935232,6,2,4
7617174,8005723,1,4,-3
5355967,7117957,1,1,0
5355967,7117957,5,5,0
7113131,7498948,3,4,-1
7113131,7498948,5,8,-3
7113131,7498948,9,1,8
4165224,4952225,2,8,-6
4165224,4952225,5,3,2
7659653,8576025,1,3,-2
7659653,8576025,2,4,-2
7659653,8576025,4,7,-3
7659653,8576025,5,8,-3
7659653,8576025,6,10,-4
7501073,8585767,2,1,1
7501073,8585767,9,10,-1
7501073,8585767,10,11,-1
6304999,7096085,6,10,-4
4840522,6416267,7,7,0
6196636,6354771,1,1,0
6196636,6354771,3,8,-5
6574515,8229579,7,4,3
4693462,6591748,1,1,0
4693462,6591748,4,2,2
4693462,6591748,9,3,6
6212644,6647320,1,3,-2
6379618,7198751,1,1,0
5356782,8603835,6,4,2
5356782,8603835,8,3,5
5356782,8603835,9,13,-4
6406509,7691165,2,1,1
4920132,5236919,1,3,-2
7106691,8045454,4,5,-1
6618964,8065822,4,12,-8
6618964,8065822,5,9,-4
6618964,8065822,6,7,-1
7095562,7602552,3,6,-3
7095562,7602552,4,9,-5
7095562,7602552,6,3,3
4120578,4501490,7,7,0
4801311,8333824,8,10,-2
4801311,8333824,13,4,9
4672364,7653883,5,9,-4
4217902,7819895,12,2,10
6157935,7117445,5,9,-4
6157935,7117445,10,11,-1
5094239,8233954,2,7,-5
5483587,6560236,4,1,3
5483587,6560236,7,2,5
6241424,8117724,6,12,-6
4539157,5130384,4,13,-9
4821343,5138716,7,11,-4
4044221,7477969,12,5,7
6400145,7357419,11,3,8
5368440,7520717,7,5,2
5368440,7520717,10,8,2
4944529,7686331,1,6,-5
4944529,7686331,3,7,-4
4944529,7686331,12,11,1
4790498,7458181,2,6,-4
4790498,7458181,5,1,4
5572557,7415404,2,1,1
5572557,7415404,5,8,-3
4456818,4797172,7,7,0
4953188,5128808,12,9,3
4885948,5325829,7,11,-4
4885948,5325829,9,3,6
7483322,7768814,2,2,0
7483322,7768814,12,9,3
6285656,8593987,1,4,-3
6285656,8593987,6,3,3
6285656,8593987,7,1,6
5393984,8561617,13,13,0
4848081,8109099,1,2,-1
4848081,8109099,3,7,-4
4848081,8109099,7,8,-1
4916338,5394113,1,3,-2
4916338,5394113,2,1,1
4916338,5394113,4,11,-7
4916338,5394113,6,5,1
4916338,5394113,11,8,3
4916338,5394113,13,12,1
5231500,7053934,2,4,-2
5231500,7053934,9,1,8
5231500,7053934,10,9,1
5593424,8460371,5,12,-7
5593424,8460371,13,9,4
5654501,6560527,2,9,-7
5654501,6560527,5,13,-8
5654501,6560527,10,8,2
5654501,6560527,12,7,5
7068508,8493735,10,1,9
6626167,7134430,1,5,-4
6626167,7134430,2,2,0
6626167,7134430,3,12,-9
6626167,7134430,4,7,-3
6626167,7134430,5,1,4
6626167,7134430,9,8,1
6626167,7134430,13,13,0
6324915,7966134,4,6,-2
6324915,7966134,5,13,-8
6324915,7966134,8,10,-2
7011630,8311749,1,2,-1
7011630,8311749,7,7,0
7011630,8311749,10,13,-3
7011630,8311749,11,5,6
4484570,7255699,3,2,1
6837094,7854665,1,4,-3
6837094,7854665,2,5,-3
6837094,7854665,3,8,-5
6837094,7854665,5,10,-5
6837094,7854665,8,7,1
4632716,8123910,1,4,-3
4632716,8123910,2,1,1
4632716,8123910,13,2,11
4266007,5278027,4,6,-2
4266007,5278027,8,11,-3
4266007,5278027,11,9,2
4612931,7867273,7,6,1
7233373,7369196,1,5,-4
7233373,7369196,9,7,2
7233373,7369196,13,4,9
5017620,6630174,2,9,-7
5129084,6549953,1,2,-1
5129084,6549953,3,10,-7
5367526,5586129,1,1,0
5367526,5586129,2,2,0
5367526,5586129,4,3,1
5367526,5586129,6,4,2
7259871,7687754,1,5,-4
6657013,7294677,2,6,-4
6657013,7294677,3,11,-8
6657013,7294677,4,5,-1
7180900,7680413,13,13,0
5323304,5416688,7,6,1
6250694,6669250,1,1,0
6250694,6669250,2,8,-6
6212725,7520282,3,1,2
6212725,7520282,4,4,0
6212725,7520282,5,3,2
5177191,5633349,9,5,4
3962988,8377518,8,10,-2
3962988,8377518,13,6,7
4868765,6091395,2,2,0
4868765,6091395,5,11,-6
5560355,7560686,8,10,-2
7007236,8670632,4,1,3
6282309,6850321,2,5,-3
6282309,6850321,6,1,5
6282309,6850321,7,11,-4
6282309,6850321,9,3,6
6282309,6850321,12,9,3
6282309,6850321,13,4,9
4959163,7084094,2,8,-6
4959163,7084094,7,3,4
4959163,7084094,13,7,6
4555775,4642790,6,2,4
4555775,4642790,7,3,4
6305804,8007446,10,3,7
5633837,7715283,2,7,-5
5633837,7715283,5,3,2
5633837,7715283,13,2,11
6432817,6936508,8,1,7
4453790,5470144,1,2,-1
4453790,5470144,2,6,-4
4453790,5470144,5,11,-6
6071766,7837792,1,1,0
6071766,7837792,3,2,1
6071766,7837792,4,3,1
6071766,7837792,5,5,0
6071766,7837792,8,8,0
6124986,6409352,1,1,0
5316990,7208437,2,3,-1
5316990,7208437,5,2,3
5316990,7208437,8,1,7
6155116,7705949,4,12,-8
4663738,5128919,5,5,0
4663738,5128919,7,3,4
5649136,7653910,4,9,-5
4382580,5250754,3,2,1
5075399,6342298,6,2,4
5075399,6342298,8,6,2
5518738,7695739,4,5,-1
5518738,7695739,6,7,-1
4027407,5253718,2,2,0
4857114,6849589,4,11,-7
4857114,6849589,6,4,2
4857114,6849589,7,6,1
7243120,7949849,5,13,-8
4539311,5597771,1,7,-6
4539311,5597771,9,10,-1
4539311,5597771,12,2,10
5485849,6188924,1,8,-7
5485849,6188924,5,2,3
5538848,7575867,4,3,1
5538848,7575867,6,1,5
5538848,7575867,13,6,7
7054296,7460584,12,4,8
4131794,4800580,2,1,1
4131794,4800580,4,8,-4
4131794,4800580,6,11,-5
4131794,4800580,11,10,1
6324300,8666157,4,2,2
6324300,8666157,6,5,1
4438998,7905753,3,3,0
4438998,7905753,4,5,-1
5034235,7504045,5,11,-6
4633954,6012015,1,4,-3
4633954,6012015,2,8,-6
4633954,6012015,9,5,4
4633954,6012015,10,2,8
5147466,6295999,10,3,7
6468278,8361075,8,2,6
6468278,8361075,9,7,2
5111048,7129492,2,9,-7
5111048,7129492,3,11,-8
5111048,7129492,9,5,4
7080860,7621567,1,4,-3
7080860,7621567,3,3,0
6649946,8035118,6,3,3
6649946,8035118,8,4,4
6150646,7982168,1,1,0
6150646,7982168,6,7,-1
6150646,7982168,9,5,4
4634835,8049640,2,2,0
4634835,8049640,3,11,-8
5218356,5347384,8,4,4
5218356,5347384,11,3,8
6144841,6418322,2,6,-4
6144841,6418322,4,1,3
6144841,6418322,5,3,2
6144841,6418322,8,10,-2
6508710,8128485,1,5,-4
6508710,8128485,3,8,-5
6508710,8128485,7,2,5
6353304,7646172,1,1,0
6460122,8700854,1,1,0
4607818,5074350,1,4,-3
4607818,5074350,5,3,2
4607818,5074350,8,6,2
7316936,8408683,8,12,-4
4268690,7601795,1,2,-1
4268690,7601795,5,1,4
4644494,6523132,1,9,-8
4644494,6523132,4,4,0
5018133,5327431,1,3,-2
5018133,5327431,9,7,2
5383201,6499113,11,3,8
5491465,7395702,1,5,-4
5491465,7395702,9,7,2
4722905,4992244,1,4,-3
4722905,4992244,11,5,6
6649665,7754119,7,2,5
6649665,7754119,12,7,5
7011363,7540560,1,1,0
7011363,7540560,2,2,0
7011363,7540560,3,3,0
7011363,7540560,4,4,0
7011363,7540560,5,5,0
7011363,7540560,6,6,0
7011363,7540560,7,7,0
7011363,7540560,8,8,0
7011363,7540560,9,9,0
7011363,7540560,10,10,0
7011363,7540560,11,11,0
7011363,7540560,12,12,0
7011363,7540560,13,13,0
5590652,8224412,3,8,-5
7297600,8264032,1,3,-2
4789847,7110227,6,5,1
4789847,7110227,12,4,8
6993372,8437826,12,6,6
4711213,4793310,1,1,0
4711213,4793310,4,10,-6
4711213,4793310,5,5,0
4711213,4793310,7,9,-2
6424900,7561925,1,4,-3
6424900,7561925,2,6,-4
6424900,7561925,7,3,4
4448198,4860752,1,2,-1
4448198,4860752,6,7,-1
4448198,4860752,12,4,8
4679669,8714251,6,8,-2
6671405,7133571,1,3,-2
6671405,7133571,3,6,-3
6671405,7133571,9,8,1
6922935,8091270,1,1,0
6922935,8091270,3,3,0
6922935,8091270,4,2,2
5637096,8029471,1,5,-4
7445081,7648004,2,2,0
7432439,8024854,3,4,-1
7432439,8024854,7,1,6
5329615,8269782,1,2,-1
6063678,7265416,4,8,-4
6063678,7265416,8,1,7
5489271,6997908,2,1,1
5489271,6997908,3,7,-4
5489271,6997908,4,4,0
5489271,6997908,8,13,-5
6152234,7398825,1,1,0
6152234,7398825,2,3,-1
4999741,7872867,1,3,-2
5074349,7000670,2,9,-7
5074349,7000670,6,4,2
5074349,7000670,8,1,7
5495245,7463177,7,13,-6
5495245,7463177,9,1,8
5495245,7463177,11,10,1
5495245,7463177,12,6,6
5495245,7463177,13,3,10
5428791,8229844,5,12,-7
4839576,5117174,2,1,1
4839576,5117174,6,2,4
4839576,5117174,10,12,-2
4839576,5117174,12,3,9
4546152,6458385,5,13,-8
4546152,6458385,6,5,1
4546152,6458385,8,9,-1
4546152,6458385,9,11,-2
4852564,5431637,5,9,-4
5011268,7316831,1,4,-3
5011268,7316831,2,2,0
5011268,7316831,4,7,-3
5011268,7316831,8,5,3
5098833,6068829,2,2,0
5525112,6361444,5,1,4
5525112,6361444,11,12,-1
5231188,7141588,1,1,0
5231188,7141588,4,3,1
5231188,7141588,6,9,-3
5231188,7141588,11,12,-1
5231188,7141588,12,13,-1
4489945,7261643,1,3,-2
4489945,7261643,3,12,-9
4574346,5269011,2,2,0
4574346,5269011,5,1,4
6931806,7730688,1,1,0
6931806,7730688,6,2,4
4867881,6240817,12,2,10
6642437,8163880,1,1,0
6642437,8163880,4,9,-5
6642437,8163880,6,3,3
6642437,8163880,8,13,-5
6408282,8484121,1,1,0
5621466,6141446,4,4,0
5621466,6141446,5,5,0
5249582,6165136,1,2,-1
5249582,6165136,2,1,1
5249582,6165136,7,7,0
5249582,6165136,12,4,8
5050179,7230959,2,9,-7
5645571,8116863,1,5,-4
5645571,8116863,9,6,3
6093944,7993773,12,10,2
4824664,5456918,13,3,10
7216322,7639047,1,1,0
7216322,7639047,5,6,-1
4939437,8643989,3,2,1
4939437,8643989,6,9,-3
7452239,8444445,3,12,-9
7452239,8444445,12,1,11
6455146,6905745,2,8,-6
6455146,6905745,7,10,-3
7384797,7796262,3,1,2
7384797,7796262,7,12,-5
4920835,6952865,13,12,1
6960489,7843342,12,2,10
5152021,7975335,3,2,1
5152021,7975335,7,6,1
6985610,7715600,1,1,0
6985610,7715600,9,4,5
4446979,6257430,3,4,-1
4446979,6257430,4,1,3
4446979,6257430,8,7,1
4044084,8557884,11,8,3
6720068,6893711,3,2,1
6628965,8031650,1,3,-2
6628965,8031650,5,10,-5
6553949,6866030,2,7,-5
6124624,7988744,1,1,0
6124624,7988744,10,9,1
5205004,7562458,6,6,0
4193931,5248696,6,1,5
4193931,5248696,11,5,6
7211060,8277398,2,7,-5
7211060,8277398,7,5,2
7211060,8277398,12,3,9
4996188,6894584,4,10,-6
4996188,6894584,11,1,10
4996188,6894584,12,7,5
4270602,4815534,1,1,0
4270602,4815534,4,3,1
4270602,4815534,5,2,3
4641207,6446156,2,5,-3
4641207,6446156,13,2,11
4061257,4452385,3,4,-1
4061257,4452385,11,10,1
4805082,5594636,3,2,1
4872456,5364002,10,5,5
5524145,6167117,1,1,0
6851258,7574857,1,1,0
6851258,7574857,2,5,-3
6851258,7574857,3,2,1
6851258,7574857,4,7,-3
6851258,7574857,8,8,0
6851258,7574857,9,4,5
6926725,8403926,1,8,-7
6926725,8403926,5,1,4
6205508,7752281,8,7,1
5143854,6576424,3,13,-10
6028537,6889137,1,9,-8
6028537,6889137,7,13,-6
6494720,8498951,12,4,8
5195533,6436054,4,1,3
5195533,6436054,8,2,6
5195533,6436054,12,4,8
7052488,8216632,12,10,2
7052488,8216632,13,8,5
4313847,6143830,2,10,-8
4121317,5345649,1,11,-10
4121317,5345649,11,3,8
6646323,7067869,1,2,-1
6646323,7067869,3,1,2
6382744,8016372,2,4,-2
6382744,8016372,11,12,-1
5499227,8305857,1,2,-1
8446607,8621008,11,10,1
4408308,6450128,2,5,-3
5048949,7936506,4,1,3
5048949,7936506,6,3,3
4322054,8499780,13,4,9
7840031,8113991,1,6,-5
7840031,8113991,2,5,-3
5654898,7129741,5,9,-4
5654898,7129741,7,4,3
6089451,8376225,1,1,0
3950294,5187059,4,11,-7
3950294,5187059,10,7,3
6646535,7221073,6,3,3
6646535,7221073,9,9,0
4529892,5307379,8,7,1
7408251,8575762,2,2,0
7773849,8167461,12,1,11
4955869,7985216,3,1,2
4755814,5276804,5,5,0
4755814,5276804,6,7,-1
4755814,5276804,10,2,8
6192390,8370794,3,2,1
5130671,7683722,1,12,-11
5130671,7683722,5,4,1
5130671,7683722,7,5,2
4211580,7751024,1,5,-4
4211580,7751024,5,2,3
6915573,8376021,1,3,-2
6915573,8376021,3,1,2
6915573,8376021,4,6,-2
6915573,8376021,7,2,5
5578640,8491934,2,1,1
5074303,7062326,3,5,-2
5074303,7062326,4,11,-7
5074303,7062326,5,8,-3
5074303,7062326,10,6,4
5074303,7062326,12,2,10
5068650,7124270,4,3,1
7730432,8756555,2,8,-6
7730432,8756555,5,3,2
7730432,8756555,6,7,-1
5018809,6912345,1,7,-6
5018809,6912345,2,4,-2
4082394,5548486,1,1,0
4082394,5548486,9,4,5
4356334,4602088,4,3,1
7967180,8746530,10,3,7
7184713,8355313,5,7,-2
7184713,8355313,9,13,-4
4454454,4705997,1,1,0
4454454,4705997,2,5,-3
4454454,4705997,3,2,1
4454454,4705997,8,4,4
4454454,4705997,10,12,-2
6474449,7828122,1,7,-6
6474449,7828122,2,5,-3
6474449,7828122,3,9,-6
5579740,7677225,1,1,0
5579740,7677225,8,4,4
4783846,7814526,1,8,-7
5633999,7788453,3,1,2
5633999,7788453,13,8,5
7025831,8518210,1,5,-4
7025831,8518210,5,10,-5
4487434,8474540,1,11,-10
4487434,8474540,9,2,7
6424662,7295574,1,5,-4
6424662,7295574,7,7,0
6424662,7295574,8,8,0
6424662,7295574,9,3,6
6908426,8192351,1,4,-3
4023887,4204744,4,10,-6
4031895,6852103,8,8,0
4547726,5406495,1,9,-8
4547726,5406495,8,7,1
4547726,5406495,13,8,5
6330259,8453323,12,6,6
5313535,6453086,2,11,-9
5313535,6453086,3,2,1
5313535,6453086,7,13,-6
4864618,6400827,7,10,-3
4847135,5354622,1,4,-3
6945029,8191349,2,3,-1
6945029,8191349,3,10,-7
6945029,8191349,4,12,-8
6945029,8191349,8,6,2
5237571,6314096,2,5,-3
5420768,7137696,4,4,0
5420768,7137696,6,9,-3
5420768,7137696,9,5,4
4620670,6595202,4,4,0
4620670,6595202,6,9,-3
5558533,8206171,1,2,-1
5558533,8206171,4,5,-1
5558533,8206171,6,7,-1
5558533,8206171,7,12,-5
5558533,8206171,11,8,3
4717355,7833053,2,7,-5
4717355,7833053,4,2,2
6065020,7822938,1,1,0
6065020,7822938,2,9,-7
6065020,7822938,3,4,-1
6065020,7822938,5,8,-3
5087918,5325097,1,2,-1
5087918,5325097,5,13,-8
5087918,5325097,9,8,1
5087918,5325097,12,12,0
4217141,5293935,11,5,6
4217141,5293935,12,2,10
5114064,7237705,3,5,-2
5114064,7237705,6,9,-3
5114064,7237705,10,2,8
6179308,7234712,3,3,0
6179308,7234712,6,12,-6
6179308,7234712,7,5,2
7260758,8533549,4,9,-5
5000505,6991285,1,4,-3
5000505,6991285,6,9,-3
5000505,6991285,7,6,1
5079410,6365868,1,5,-4
5079410,6365868,9,4,5
5513065,6554653,1,6,-5
5513065,6554653,4,3,1
4062358,8485179,6,1,5
4062358,8485179,9,3,6
5524212,6173375,5,9,-4
5524212,6173375,9,4,5
5044386,6463937,2,4,-2
5044386,6463937,3,9,-6
5044386,6463937,7,13,-6
5044386,6463937,9,5,4
5044386,6463937,11,8,3
4473678,4977238,5,6,-1
4473678,4977238,7,8,-1
4661429,5256510,1,1,0
4661429,5256510,2,2,0
4661429,5256510,3,8,-5
4661429,5256510,4,6,-2
4661429,5256510,5,9,-4
4661429,5256510,6,10,-4
4661429,5256510,7,13,-6
6203443,8231480,3,8,-5
6203443,8231480,12,6,6
5656591,7420033,4,2,2
5656591,7420033,11,1,10
5570215,6122103,2,11,-9
6457673,7712702,1,1,0
6457673,7712702,5,2,3
5431372,8701354,4,7,-3
5431372,8701354,7,10,-3
5431372,8701354,13,6,7
5577111,7822188,11,1,10
6256016,7161582,1,1,0
6256016,7161582,7,3,4
6256016,7161582,13,5,8
7261892,8535678,1,4,-3
7261892,8535678,9,12,-3
7261892,8535678,12,13,-1
4094149,4632604,2,2,0
7042444,7781722,2,13,-11
7042444,7781722,5,5,0
7042444,7781722,8,9,-1
4302947,4882908,1,2,-1
4302947,4882908,2,1,1
4302947,4882908,3,5,-2
4302947,4882908,5,11,-6
4302947,4882908,9,3,6
4302947,4882908,13,10,3
4047449,6148683,1,1,0
4047449,6148683,3,2,1
4047449,6148683,5,8,-3
4047449,6148683,6,3,3
4047449,6148683,13,4,9
6359275,7067804,5,1,4
4795432,6629956,1,2,-1
4795432,6629956,7,4,3
5629846,6538673,2,1,1
5629846,6538673,13,11,2
4822337,5251126,1,3,-2
4822337,5251126,11,2,9
5421879,7350574,1,1,0
5421879,7350574,2,3,-1
5421879,7350574,5,10,-5
5421879,7350574,7,4,3
6396546,8677415,2,1,1
4923268,5139550,1,8,-7
4923268,5139550,4,5,-1
6341232,8235896,10,2,8
6287308,7625396,10,9,1
6499111,6850107,1,1,0
6499111,6850107,3,2,1
6499111,6850107,4,5,-1
6499111,6850107,8,6,2
6499111,6850107,9,7,2
4004587,4636313,1,1,0
4004587,4636313,12,9,3
7616032,8274037,9,8,1
6331313,7396541,1,8,-7
5279675,7713359,1,4,-3
5279675,7713359,4,10,-6
5279675,7713359,7,9,-2
6515972,7953021,1,4,-3
6515972,7953021,5,2,3
4689908,7941954,2,2,0
4936957,5382347,1,1,0
4936957,5382347,2,3,-1
4936957,5382347,10,13,-3
4247797,5314577,5,3,2
4247797,5314577,8,2,6
4247797,5314577,13,9,4
4545950,4760120,8,1,7
4306577,6499489,1,2,-1
4306577,6499489,2,1,1
4306577,6499489,3,10,-7
4158355,4227514,1,1,0
4158355,4227514,2,2,0
4158355,4227514,3,3,0
4158355,4227514,4,4,0
4158355,4227514,5,5,0
4158355,4227514,6,6,0
4158355,4227514,7,7,0
4158355,4227514,8,8,0
4158355,4227514,9,9,0
4158355,4227514,10,10,0
4158355,4227514,11,11,0
4158355,4227514,12,12,0
4158355,4227514,13,13,0
5219277,6457460,4,9,-5
5219277,6457460,6,4,2
5219277,6457460,10,12,-2
5219277,6457460,13,1,12
4335503,4989059,1,3,-2
4335503,4989059,5,2,3
4861489,7419603,5,2,3
6873057,7052932,1,6,-5
6873057,7052932,2,2,0
6873057,7052932,9,9,0
6350229,8382654,1,11,-10
6350229,8382654,2,3,-1
6350229,8382654,7,8,-1
6350229,8382654,10,10,0
6350229,8382654,12,5,7
5387923,7924263,8,1,7
5387923,7924263,11,12,-1
6910605,7328859,1,3,-2
4131976,4685741,3,5,-2
4131976,4685741,10,12,-2
4611581,8048125,2,3,-1
7050132,8558770,1,5,-4
7050132,8558770,5,11,-6
7050132,8558770,6,2,4
7050132,8558770,11,1,10
7703698,7998322,1,1,0
7703698,7998322,2,2,0
7703698,7998322,3,3,0
7703698,7998322,4,4,0
7703698,7998322,5,5,0
7703698,7998322,6,6,0
7703698,7998322,7,7,0
7703698,7998322,8,9,-1
7703698,7998322,9,10,-1
7703698,7998322,10,11,-1
7703698,7998322,11,12,-1
7703698,7998322,12,13,-1
5360086,6125976,1,1,0
5360086,6125976,2,9,-7
5360086,6125976,3,6,-3
5360086,6125976,4,2,2
6185629,6308178,8,4,4
6185629,6308178,11,1,10
5161916,7011281,4,4,0
5161916,7011281,6,3,3
4989316,5417130,6,2,4
7015704,8469056,4,9,-5
5258728,8558633,3,8,-5
4564001,4705727,3,9,-6
4564001,4705727,10,8,2
4197418,5264645,3,6,-3
4701109,4781538,1,1,0
4701109,4781538,3,5,-2
4701109,4781538,4,3,1
4701109,4781538,5,6,-1
4701109,4781538,6,7,-1
4701109,4781538,7,4,3
4701109,4781538,8,8,0
4701109,4781538,11,9,2
7466848,8337405,1,2,-1
6607814,7273917,8,9,-1
6080985,6489610,1,10,-9
6080985,6489610,5,1,4
3975711,7657067,1,1,0
5622377,8240700,4,2,2
5622377,8240700,8,9,-1
5288556,8220489,2,4,-2
5288556,8220489,12,6,6
5500678,7010035,4,3,1
5500678,7010035,11,6,5
4836546,8241100,1,5,-4
4836546,8241100,11,8,3
5159673,8073916,3,1,2
5159673,8073916,5,4,1
4662915,5266279,4,1,3
6948160,8701099,1,4,-3
6948160,8701099,5,2,3
6948160,8701099,6,8,-2
4194737,6988961,2,5,-3
6535883,7072974,13,1,12
5279810,6436869,1,2,-1
5279810,6436869,6,12,-6
4606826,8425767,5,5,0
4606826,8425767,6,6,0
4606826,8425767,9,3,6
6566736,7534651,4,6,-2
6566736,7534651,8,8,0
6195199,7450794,1,10,-9
5307070,6646593,2,7,-5
4547270,4663001,2,12,-10
4547270,4663001,3,11,-8
4547270,4663001,13,2,11
5352507,8475905,5,8,-3
6637500,8336606,1,1,0
6637500,8336606,2,4,-2
6637500,8336606,4,6,-2
4980307,5258333,5,1,4
4980307,5258333,7,7,0
4980307,5258333,10,3,7
4980307,5258333,13,6,7
4490871,8347442,5,9,-4
4256199,6189455,2,12,-10
4256199,6189455,12,1,11
7759319,8546350,3,5,-2
7759319,8546350,4,6,-2
7759319,8546350,5,7,-2
7759319,8546350,8,1,7
7759319,8546350,9,13,-4
7759319,8546350,10,8,2
4107133,5274010,7,3,4
6296699,7732358,5,2,3
6296699,7732358,6,1,5
7252224,8708227,1,5,-4
7252224,8708227,8,4,4
4152508,7538146,10,1,9
5211004,8122721,2,2,0
5211004,8122721,5,5,0
4251478,4421626,1,1,0
4251478,4421626,9,13,-4
4251478,4421626,11,4,7
7051420,7274126,2,1,1
7051420,7274126,3,2,1
7051420,7274126,4,6,-2
7051420,7274126,5,12,-7
7051420,7274126,6,7,-1
7051420,7274126,7,8,-1
7051420,7274126,8,3,5
7051420,7274126,9,13,-4
5321411,6087989,4,3,1
4609227,7108212,6,3,3
4609227,7108212,10,1,9
4556833,4636938,1,6,-5
4556833,4636938,4,1,3
4556833,4636938,11,11,0
4807115,6922772,1,1,0
4807115,6922772,6,8,-2
6092215,8010874,2,1,1
6092215,8010874,5,9,-4
6092215,8010874,7,2,5
5050207,7103576,5,4,1
7065550,8597030,1,5,-4
7065550,8597030,2,7,-5
7065550,8597030,4,6,-2
7065550,8597030,12,12,0
7065550,8597030,13,1,12
6533456,8262289,1,2,-1
6533456,8262289,3,7,-4
6533456,8262289,4,10,-6
6533456,8262289,8,4,4
6533456,8262289,10,5,5
5484095,8453912,1,2,-1
5484095,8453912,2,13,-11
5484095,8453912,6,5,1
6937726,7181017,1,7,-6
6937726,7181017,12,4,8
5650811,6428152,1,1,0
5650811,6428152,3,6,-3
5650811,6428152,4,2,2
5650811,6428152,5,5,0
4938212,8528561,3,5,-2
7214620,8507350,2,11,-9
7214620,8507350,3,1,2
7214620,8507350,11,13,-2
7860284,8638992,1,1,0
6363092,7457338,2,11,-9
5595264,7407094,8,1,7
5220501,7702585,5,3,2
4296793,4639474,1,4,-3
4296793,4639474,13,6,7
6529518,8615655,1,3,-2
5177927,7335082,7,12,-5
5053951,6175942,11,2,9
7600907,8716945,2,2,0
7600907,8716945,5,10,-5
4785724,6332706,1,2,-1
4785724,6332706,3,3,0
7323098,7938787,4,5,-1
6512624,7916009,2,12,-10
6512624,7916009,5,6,-1
6512624,7916009,8,10,-2
6272631,7707427,2,3,-1
6596181,7347948,1,1,0
6596181,7347948,2,2,0
6596181,7347948,3,3,0
6596181,7347948,4,4,0
6596181,7347948,5,6,-1
6596181,7347948,6,7,-1
6596181,7347948,7,8,-1
6596181,7347948,8,9,-1
6596181,7347948,9,11,-2
6596181,7347948,10,12,-2
6596181,7347948,11,13,-2
4883862,5245018,3,2,1
4883862,5245018,6,3,3
4883862,5245018,7,7,0
6651984,8663007,1,3,-2
6651984,8663007,3,2,1
6651984,8663007,4,1,3
4130685,4684562,7,8,-1
4130685,4684562,11,1,10
7277445,7664239,2,13,-11
7277445,7664239,10,8,2
4892529,7794420,8,6,2
6466898,6983350,1,8,-7
3956959,7408109,3,3,0
3956959,7408109,4,11,-7
3956959,7408109,11,13,-2
5383105,7980729,1,4,-3
5383105,7980729,6,10,-4
5383105,7980729,10,6,4
6302796,7331871,1,8,-7
6302796,7331871,2,3,-1
5053362,6444600,4,1,3
5053362,6444600,6,4,2
5053362,6444600,7,11,-4
5053362,6444600,8,8,0
5053362,6444600,12,3,9
5629930,6483808,1,1,0
5629930,6483808,5,12,-7
5353490,6990715,6,8,-2
4438032,4690893,4,7,-3
4438032,4690893,11,9,2
4263896,8341917,6,3,3
5602277,6627396,1,3,-2
4314223,5420466,3,3,0
4314223,5420466,4,9,-5
4314223,5420466,5,1,4
4757307,4899594,2,2,0
4757307,4899594,3,6,-3
4757307,4899594,7,5,2
4820259,6485498,10,12,-2
5348017,7037316,10,13,-3
5654179,7919280,1,1,0
5654179,7919280,2,7,-5
5301233,8396216,3,2,1
4824436,6377846,10,4,6
4931751,6606044,5,4,1
5173456,8486850,3,7,-4
5173456,8486850,8,3,5
6930722,7595822,1,5,-4
6930722,7595822,5,1,4
7527102,8720557,2,4,-2
7527102,8720557,13,6,7
4362542,8011208,1,3,-2
4362542,8011208,4,5,-1
6173323,7898939,10,1,9
6319125,7955172,2,4,-2
6319125,7955172,9,12,-3
6319125,7955172,11,5,6
5596564,7483621,1,1,0
5596564,7483621,3,6,-3
6147034,8746044,1,3,-2
6147034,8746044,6,7,-1
4620081,6142097,9,6,3
4335445,7816810,7,1,6
5266636,5579913,1,1,0
5266636,5579913,4,3,1
5266636,5579913,10,4,6
6185122,8173987,1,8,-7
6185122,8173987,3,10,-7
6185122,8173987,4,3,1
7199767,8309907,4,6,-2
6302169,8567458,1,4,-3
6302169,8567458,5,1,4
4181039,4597310,3,4,-1
4181039,4597310,4,3,1
4181039,4597310,5,8,-3
4181039,4597310,7,7,0
4181039,4597310,11,10,1
4109737,4926950,1,3,-2
4109737,4926950,2,1,1
4109737,4926950,3,6,-3
4109737,4926950,8,8,0
5643575,7871607,7,8,-1
4981779,7066884,4,3,1
4981779,7066884,9,4,5
4500357,7004256,1,1,0
4500357,7004256,4,3,1
4500357,7004256,8,4,4
6406328,7058482,4,6,-2
4103375,4878259,3,2,1
4837184,5304738,1,6,-5
4837184,5304738,3,1,2
4837184,5304738,6,8,-2
7053774,8081075,1,4,-3
7053774,8081075,2,1,1
7053774,8081075,3,2,1
7053774,8081075,5,6,-1
4814082,5188734,1,1,0
4814082,5188734,2,2,0
4814082,5188734,4,8,-4
4814082,5188734,5,4,1
4814082,5188734,10,3,7
4060720,5301116,2,3,-1
4060720,5301116,5,9,-4
5404735,7076976,4,1,3
5631896,7821938,10,1,9
6512218,7270273,5,13,-8
6512218,7270273,8,12,-4
6512218,7270273,9,10,-1
5424457,5582692,1,6,-5
5424457,5582692,2,2,0
5424457,5582692,3,13,-10
5212899,6484424,4,3,1
5255962,7137672,2,6,-4
5255962,7137672,3,3,0
5255962,7137672,5,9,-4
4857786,7202615,2,3,-1
4857786,7202615,7,4,3
4408396,6321454,1,6,-5
4408396,6321454,3,4,-1
4408396,6321454,5,8,-3
4408396,6321454,13,1,12
5235918,8113126,3,1,2
5235918,8113126,12,4,8
7370213,8417973,2,5,-3
6961681,7548973,6,2,4
6961681,7548973,10,1,9
6311366,7181804,1,3,-2
6311366,7181804,2,7,-5
6311366,7181804,8,10,-2
6311366,7181804,9,1,8
6311366,7181804,11,6,5
4911166,5503637,2,3,-1
4911166,5503637,3,2,1
4911166,5503637,5,4,1
4911166,5503637,13,10,3
6191037,6612901,2,1,1
6191037,6612901,7,2,5
4170309,4557390,2,1,1
4170309,4557390,4,5,-1
4170309,4557390,11,13,-2
6364429,7413263,2,1,1
6364429,7413263,7,7,0
6364429,7413263,8,12,-4
6364429,7413263,9,10,-1
6330086,7068375,1,3,-2
6330086,7068375,3,9,-6
6330086,7068375,5,10,-5
6330086,7068375,6,2,4
6330086,7068375,11,6,5
4963519,5049365,1,1,0
4963519,5049365,2,2,0
4963519,5049365,3,3,0
4963519,5049365,4,4,0
4963519,5049365,5,5,0
4963519,5049365,6,6,0
4963519,5049365,7,7,0
4963519,5049365,8,8,0
4963519,5049365,9,9,0
4963519,5049365,10,10,0
4963519,5049365,11,11,0
4963519,5049365,12,12,0
4963519,5049365,13,13,0
5620565,6635146,2,2,0
5620565,6635146,4,5,-1
7590587,7801801,1,1,0
4127542,4202810,5,2,3
7411044,7989593,2,1,1
5247594,6920266,1,2,-1
5247594,6920266,2,3,-1
5247594,6920266,3,1,2
5247594,6920266,9,7,2
5145664,5283056,8,11,-3
5145664,5283056,9,7,2
4595545,5108674,5,6,-1
5355357,7643203,9,12,-3
4316332,6082023,1,1,0
4316332,6082023,2,5,-3
4316332,6082023,9,3,6
4572725,4755196,6,1,5
4572725,4755196,8,6,2
4572725,4755196,9,12,-3
4572725,4755196,12,4,8
6068188,7097099,10,12,-2
4435216,7789150,3,4,-1
5267242,7565593,3,5,-2
5267242,7565593,5,9,-4
4043504,7624903,1,1,0
4043504,7624903,4,3,1
4043504,7624903,5,10,-5
6190390,7935119,1,5,-4
6190390,7935119,7,2,5
5559881,6097776,4,9,-5
5559881,6097776,10,6,4
5652115,7214498,2,4,-2
5652115,7214498,12,2,10
7081434,7628844,1,1,0
7081434,7628844,9,8,1
5429198,7389829,1,1,0
5429198,7389829,5,5,0
5429198,7389829,8,9,-1
4015166,6097145,7,10,-3
7135777,7623743,3,3,0
7135777,7623743,8,8,0
7135777,7623743,10,9,1
6198470,8267786,9,1,8
6287123,7708562,8,8,0
5618920,8715661,4,3,1
4222839,4399014,1,5,-4
4222839,4399014,6,2,4
4222839,4399014,7,1,6
3963945,4405889,1,1,0
3963945,4405889,4,3,1
3963945,4405889,5,2,3
5412826,6119293,3,8,-5
5412826,6119293,5,9,-4
5412826,6119293,9,10,-1
6125148,7778365,3,1,2
6271331,7776967,2,1,1
6271331,7776967,6,9,-3
6271331,7776967,13,10,3
4277044,8172497,1,7,-6
7106296,7672040,4,10,-6
7106296,7672040,11,12,-1
4929083,7160654,1,6,-5
4929083,7160654,9,10,-1
4929083,7160654,11,3,8
6221806,6482769,1,1,0
6221806,6482769,2,6,-4
6221806,6482769,4,4,0
6221806,6482769,5,3,2
6221806,6482769,6,11,-5
6221806,6482769,7,5,2
6221806,6482769,8,12,-4
6221806,6482769,10,7,3
6221806,6482769,11,9,2
6221806,6482769,12,10,2
6221806,6482769,13,13,0
6304624,8290105,1,3,-2
6412007,8286230,1,2,-1
6412007,8286230,2,6,-4
6412007,8286230,3,3,0
6412007,8286230,4,4,0
6412007,8286230,10,13,-3
7049395,7872094,1,1,0
7049395,7872094,2,2,0
7049395,7872094,3,3,0
7049395,7872094,4,4,0
7049395,7872094,5,5,0
7049395,7872094,6,6,0
7049395,7872094,7,7,0
7049395,7872094,8,8,0
7049395,7872094,9,9,0
7049395,7872094,10,10,0
7049395,7872094,11,11,0
7049395,7872094,12,12,0
7049395,7872094,13,13,0
6929679,7968739,1,13,-12
6929679,7968739,3,1,2
6929679,7968739,5,2,3
6929679,7968739,12,8,4
5172108,7773064,2,3,-1
4538401,5343678,2,1,1
4538401,5343678,3,2,1
4341691,7879041,3,1,2
6175836,8359245,11,6,5
5032767,8736189,3,2,1
5032767,8736189,8,1,7
5032767,8736189,10,7,3
4753109,6089097,3,3,0
4753109,6089097,8,2,6
4632024,4852473,2,2,0
4632024,4852473,5,12,-7
6964440,7837243,2,1,1
6964440,7837243,7,4,3
6964440,7837243,8,11,-3
6964440,7837243,9,2,7
6964440,7837243,12,3,9
4869133,7409892,5,6,-1
5400401,6118786,1,4,-3
5400401,6118786,3,6,-3
5400401,6118786,4,2,2
4933864,7706917,3,1,2
4933864,7706917,4,5,-1
5528222,7667589,1,3,-2
5528222,7667589,8,1,7
5107657,6195968,1,2,-1
5107657,6195968,2,1,1
5107657,6195968,3,3,0
5107657,6195968,12,11,1
6881541,7759112,3,2,1
6881541,7759112,6,5,1
7107241,7593889,1,1,0
7107241,7593889,4,10,-6
7107241,7593889,7,6,1
5485460,8272060,3,2,1
5485460,8272060,13,9,4
4765947,5078957,4,4,0
5539082,6623966,1,9,-8
5539082,6623966,2,5,-3
5539082,6623966,5,10,-5
6430512,8709787,5,11,-6
4496417,6939334,2,12,-10
4496417,6939334,3,6,-3
6487044,7729084,7,1,6
6487044,7729084,9,6,3
6487044,7729084,13,5,8
6605821,8030636,7,10,-3
6605821,8030636,9,9,0
6605821,8030636,12,4,8
6954897,8280229,5,11,-6
4764463,7202020,1,1,0
4764463,7202020,3,3,0
4764463,7202020,11,8,3
7454744,8418130,3,3,0
7454744,8418130,9,1,8
7454744,8418130,10,5,5
6869753,7659548,1,3,-2
6869753,7659548,2,4,-2
6869753,7659548,3,11,-8
6869753,7659548,5,5,0
5559881,6665402,1,1,0
5559881,6665402,2,7,-5
5559881,6665402,9,2,7
4821721,8282655,1,7,-6
4821721,8282655,3,5,-2
4547895,5046109,1,1,0
4547895,5046109,2,11,-9
4547895,5046109,3,5,-2
4547895,5046109,7,12,-5
5070560,6223369,4,3,1
5070560,6223369,5,2,3
5070560,6223369,6,11,-5
5070560,6223369,10,9,1
5070560,6223369,13,8,5
5526172,7715085,9,9,0
5526172,7715085,11,5,6
7050318,8000120,4,1,3
5042998,8597404,5,2,3
5042998,8597404,10,11,-1
5042998,8597404,12,1,11
4385967,6251234,2,1,1
4385967,6251234,3,3,0
7225964,7793812,1,3,-2
7225964,7793812,2,1,1
7225964,7793812,4,2,2
7225964,7793812,8,4,4
7225964,7793812,10,5,5
5299592,6520206,1,3,-2
5299592,6520206,7,10,-3
4752349,4900377,3,6,-3
6931775,7975419,7,3,4
6226624,7120929,3,10,-7
6226624,7120929,4,2,2
6226624,7120929,9,8,1
5431186,8708306,1,1,0
5431186,8708306,2,10,-8
4878689,7234726,13,13,0
4815547,6459050,9,6,3
6542631,7016547,1,12,-11
6542631,7016547,9,1,8
4194998,6560923,1,8,-7
6666821,8206403,13,6,7
4936876,7122070,4,1,3
4936876,7122070,10,7,3
7224633,7923811,4,2,2
4538731,5083701,6,9,-3
4931055,8147548,4,9,-5
5525167,6368549,2,1,1
5525167,6368549,5,8,-3
5525167,6368549,7,10,-3
4350647,7314046,1,4,-3
5081470,5338597,2,2,0
5081470,5338597,6,4,2
5081470,5338597,11,1,10
6118310,6529037,4,5,-1
6118310,6529037,8,13,-5
6118310,6529037,10,4,6
5372241,7607881,1,4,-3
6548986,7140921,5,11,-6
6548986,7140921,6,1,5
5242301,7954196,3,6,-3
5242301,7954196,4,10,-6
5242301,7954196,8,2,6
4987274,5304739,1,3,-2
4987274,5304739,2,1,1
4165138,7387274,5,1,4
5557225,7319344,2,10,-8
5557225,7319344,3,7,-4
5557225,7319344,6,3,3
5557225,7319344,7,4,3
5557225,7319344,8,2,6
5122259,7749379,1,12,-11
5122259,7749379,9,1,8
5332693,6492258,1,5,-4
5332693,6492258,7,9,-2
6181969,8655457,4,2,2
6181969,8655457,5,6,-1
5280778,6203397,4,7,-3
7000125,7653757,1,12,-11
7000125,7653757,2,1,1
6052586,7653348,3,1,2
6052586,7653348,8,9,-1
6052586,7653348,13,3,10
6392871,7129931,1,11,-10
6392871,7129931,3,2,1
6392871,7129931,10,1,9
6272533,6633963,6,1,5
6272533,6633963,8,11,-3
4643988,6664230,2,1,1
4055861,7077861,3,8,-5
4055861,7077861,8,6,2
4107924,5245827,1,8,-7
4107924,5245827,2,7,-5
5449045,6230820,1,4,-3
5449045,6230820,2,7,-5
5449045,6230820,3,6,-3
5449045,6230820,4,1,3
4377784,7239149,5,3,2
5638397,6185235,1,7,-6
5638397,6185235,2,12,-10
5638397,6185235,3,5,-2
5638397,6185235,7,3,4
5638397,6185235,10,6,4
4054988,4312109,2,7,-5
4054988,4312109,5,1,4
4054988,4312109,6,4,2
4054988,4312109,12,12,0
5064415,5346498,2,4,-2
6581827,7131582,1,12,-11
6581827,7131582,2,1,1
6581827,7131582,3,5,-2
6581827,7131582,4,3,1
6581827,7131582,5,2,3
6581827,7131582,7,11,-4
4238868,8684323,1,1,0
4238868,8684323,6,4,2
4238868,8684323,8,6,2
6234897,8753190,2,1,1
6234897,8753190,3,4,-1
6234897,8753190,5,2,3
6095425,6411402,3,1,2
4572167,8235925,3,5,-2
6132363,8425397,7,4,3
6154006,7271568,2,2,0
4206728,5455772,1,3,-2
4206728,5455772,5,11,-6
4206728,5455772,7,5,2
4206728,5455772,13,4,9
4546947,4893775,2,10,-8
4546947,4893775,13,12,1
5238002,7931586,7,7,0
7450301,8610876,2,3,-1
7450301,8610876,6,1,5
4302613,5118650,2,4,-2
4302613,5118650,6,8,-2
6092973,8702367,1,2,-1
6092973,8702367,2,5,-3
6092973,8702367,12,4,8
6849813,8030583,4,1,3
6849813,8030583,6,3,3
6849813,8030583,13,13,0
7020658,7933914,2,2,0
7020658,7933914,5,5,0
5571137,8251989,2,13,-11
5571137,8251989,13,4,9
6761765,8603241,6,1,5
5349891,6909040,2,1,1
5349891,6909040,3,2,1
5349891,6909040,8,7,1
5349891,6909040,10,8,2
5083565,6083222,1,5,-4
5083565,6083222,6,2,4
5083565,6083222,10,1,9
4132617,6143145,12,8,4
4863051,7246715,2,4,-2
4991468,6334373,5,2,3
4991468,6334373,7,7,0
4991468,6334373,8,8,0
4991468,6334373,10,1,9
6079173,7857267,4,7,-3
4942518,7644307,7,5,2
6581061,7770122,1,3,-2
6581061,7770122,5,1,4
6581061,7770122,13,7,6
6904276,7634256,2,3,-1
4121896,6071111,1,10,-9
4121896,6071111,3,1,2
5217076,7986869,7,3,4
4145469,4996252,2,3,-1
4837447,5371519,3,2,1
4772642,4853424,3,4,-1
4772642,4853424,7,6,1
4772642,4853424,11,2,9
4772642,4853424,13,7,6
5643506,6986979,2,1,1
7128761,8500814,11,9,2
6459681,7096028,4,11,-7
4221078,6119394,1,8,-7
4221078,6119394,7,11,-4
6152600,7850368,1,8,-7
6152600,7850368,3,4,-1
6152600,7850368,5,3,2
6152600,7850368,6,10,-4
6152600,7850368,7,1,6
4538411,7111453,2,1,1
4538411,7111453,4,2,2
5240202,6098908,1,1,0
5240202,6098908,2,8,-6
5240202,6098908,4,5,-1
6085989,6502762,1,1,0
6874015,8078686,9,3,6
6874015,8078686,10,1,9
5219842,8492124,13,11,2
4262632,8192350,13,11,2
4170560,5582761,13,2,11
5047600,6160226,10,12,-2
5047600,6160226,12,9,3
5370662,7695503,2,9,-7
5370662,7695503,13,8,5
6309300,6837788,1,3,-2
6309300,6837788,4,10,-6
6309300,6837788,6,1,5
6309300,6837788,8,5,3
7314087,8727014,1,1,0
7314087,8727014,7,8,-1
7314087,8727014,9,3,6
7631824,8162244,1,10,-9
7631824,8162244,2,1,1
7631824,8162244,5,2,3
7631824,8162244,11,4,7
5345245,7948769,12,5,7
6269330,8069369,1,6,-5
5194126,6071400,3,11,-8
5194126,6071400,6,1,5
5116349,8657174,1,9,-8
5116349,8657174,2,6,-4
6280419,8506528,1,1,0
6280419,8506528,2,12,-10
6307990,6865194,1,1,0
6307990,6865194,3,4,-1
6307990,6865194,5,10,-5
7387625,7699842,2,3,-1
5031089,7926097,11,9,2
6524714,7037587,2,4,-2
6524714,7037587,3,6,-3
6524714,7037587,4,3,1
6524714,7037587,6,1,5
6145275,8061507,7,13,-6
5057184,6960307,11,1,10
7029418,7727108,13,3,10
6243855,7802226,4,7,-3
6509530,7064279,1,4,-3
6509530,7064279,3,6,-3
3959117,6455747,1,12,-11
6527468,7435031,5,2,3
5082526,8088199,2,9,-7
4489857,5452823,1,9,-8
4489857,5452823,2,5,-3
4489857,5452823,10,11,-1
4288577,4489177,4,4,0
4288577,4489177,10,6,4
4288577,4489177,12,12,0
4147116,4879959,6,1,5
4147116,4879959,12,7,5
5055445,7105866,1,9,-8
5055445,7105866,4,6,-2
5055445,7105866,13,13,0
4004382,7104984,7,13,-6
4629844,5274207,1,2,-1
4629844,5274207,2,7,-5
4629844,5274207,3,1,2
4629844,5274207,5,5,0
4629844,5274207,6,6,0
4629844,5274207,7,11,-4
4629844,5274207,10,3,7
4629844,5274207,11,12,-1
4629844,5274207,13,13,0
5186334,7366338,4,4,0
4127372,6533979,1,1,0
4368043,4525493,5,1,4
4368043,4525493,7,11,-4
4368043,4525493,8,13,-5
4368043,4525493,13,6,7
4227080,4447374,1,1,0
6177032,8128224,1,5,-4
6131148,6446175,5,5,0
6131148,6446175,8,1,7
6131148,6446175,9,4,5
7876942,8363259,5,5,0
5488970,7191743,8,5,3
5307190,8264657,2,4,-2
5307190,8264657,3,8,-5
5307190,8264657,5,13,-8
6535518,7606901,1,3,-2
5243732,8134319,1,1,0
5243732,8134319,11,6,5
6365523,6531377,12,8,4
6350442,7576057,5,12,-7
4921055,6959772,2,1,1
4921055,6959772,4,9,-5
5263498,8133229,1,6,-5
5355859,6431838,1,1,0
5355859,6431838,5,3,2
5355859,6431838,8,2,6
3973791,4811975,1,10,-9
3973791,4811975,3,1,2
3973791,4811975,4,2,2
3973791,4811975,5,7,-2
3973791,4811975,9,5,4
3973791,4811975,10,13,-3
3973791,4811975,11,3,8
5650594,6878883,6,6,0
5650594,6878883,7,2,5
5379057,8593426,6,1,5
5122123,7651481,1,4,-3
5122123,7651481,5,1,4
6594722,7124230,1,1,0
6594722,7124230,3,12,-9
6594722,7124230,4,3,1
6594722,7124230,5,10,-5
6594722,7124230,8,2,6
6594722,7124230,11,11,0
6594722,7124230,12,5,7
6967874,7994565,3,1,2
6967874,7994565,5,8,-3
6967874,7994565,8,3,5
6665388,8019064,1,4,-3
6665388,8019064,2,5,-3
6665388,8019064,10,2,8
6665388,8019064,12,10,2
4324237,5135506,8,3,5
4806066,4922173,11,5,6
4349366,6615612,5,1,4
4349366,6615612,10,7,3
5253911,6592324,1,1,0
5253911,6592324,6,3,3
5253911,6592324,9,11,-2
5253911,6592324,13,13,0
5594279,6664638,1,2,-1
5594279,6664638,2,1,1
5594279,6664638,6,5,1
5594279,6664638,8,8,0
6936006,8684925,5,3,2
7376931,8225239,4,1,3
4903657,5265022,3,1,2
4903657,5265022,5,5,0
4903657,5265022,7,10,-3
7012298,8329541,8,4,4
4881739,8088021,9,4,5
6083135,7749126,4,3,1
6083135,7749126,5,10,-5
6083135,7749126,6,7,-1
6083135,7749126,8,11,-3
6083135,7749126,9,5,4
6083135,7749126,13,1,12
6119157,6874028,2,7,-5
6119157,6874028,3,9,-6
6480129,7138934,1,5,-4
6480129,7138934,2,9,-7
6480129,7138934,9,2,7
6642836,8265949,3,9,-6
4088876,4896323,1,2,-1
4088876,4896323,2,6,-4
4088876,4896323,3,3,0
4791632,5311531,1,13,-12
6896692,8252057,5,7,-2
6632779,7584791,2,2,0
6632779,7584791,3,3,0
4637372,5571008,1,1,0
4637372,5571008,2,6,-4
4637372,5571008,3,4,-1
5382743,8173851,1,13,-12
4380799,4815553,4,4,0
5350474,8197918,1,1,0
5350474,8197918,4,3,1
5350474,8197918,7,6,1
6289512,7111055,1,12,-11
6289512,7111055,12,4,8
6370545,6839721,3,11,-8
6370545,6839721,4,9,-5
6502000,6633781,3,6,-3
4435864,7451506,1,3,-2
4435864,7451506,4,7,-3
4435864,7451506,8,1,7
4799061,7412056,6,3,3
4249774,8328283,2,1,1
4249774,8328283,11,4,7
6997155,7343891,9,1,8
5540485,8313155,1,1,0
5540485,8313155,2,10,-8
5540485,8313155,3,5,-2
5540485,8313155,5,4,1
5540485,8313155,10,2,8
8047020,8347650,3,5,-2
8047020,8347650,6,10,-4
8047020,8347650,7,13,-6
4613942,5313054,3,4,-1
4898577,6907298,2,1,1
5479472,7103656,8,10,-2
5129442,5392836,1,1,0
5129442,5392836,10,11,-1
4426071,5226187,5,5,0
4426071,5226187,9,10,-1
7292261,7746375,1,2,-1
7747320,8700156,5,12,-7
7747320,8700156,6,1,5
7747320,8700156,8,9,-1
7747320,8700156,11,5,6
4304652,6451187,2,4,-2
4304652,6451187,3,2,1
4304652,6451187,4,5,-1
4304652,6451187,5,8,-3
4304652,6451187,6,9,-3
4304652,6451187,7,3,4
4304652,6451187,8,6,2
5562702,7588176,4,4,0
5562702,7588176,9,2,7
5562702,7588176,10,12,-2
5562702,7588176,12,5,7
4673945,6995727,6,5,1
4673945,6995727,8,3,5
4673945,6995727,13,9,4
4996701,5210782,1,1,0
4996701,5210782,2,5,-3
4996701,5210782,3,3,0
4996701,5210782,5,2,3
4996701,5210782,6,4,2
4996701,5210782,9,6,3
4996701,5210782,11,10,1
4996701,5210782,13,12,1
5178833,8696990,4,8,-4
5178833,8696990,8,1,7
4335570,7086216,7,5,2
4335570,7086216,13,12,1
6085051,7804515,10,8,2
6085051,7804515,13,2,11
5487587,7258399,1,13,-12
4869831,7964101,5,4,1
6210555,6913680,6,11,-5
6446066,7899822,1,10,-9
6446066,7899822,2,11,-9
6446066,7899822,10,8,2
6226201,7099189,2,5,-3
6226201,7099189,3,8,-5
6226201,7099189,9,11,-2
6226201,7099189,13,2,11
4319406,5579585,2,3,-1
4319406,5579585,3,4,-1
4319406,5579585,7,11,-4
4319406,5579585,11,10,1
6522548,7544090,3,2,1
6522548,7544090,8,1,7
6282100,6378759,3,1,2
6282100,6378759,7,11,-4
5294499,6863984,7,7,0
5219207,6273505,2,1,1
5219207,6273505,4,9,-5
5219207,6273505,5,7,-2
5219207,6273505,8,8,0
6606022,6933825,5,2,3
4021087,7665267,1,2,-1
4021087,7665267,4,6,-2
6427342,8225515,3,12,-9
6427342,8225515,6,7,-1
6427342,8225515,7,2,5
4760248,5436440,4,5,-1
4760248,5436440,7,3,4
6942294,7988228,7,12,-5
5055050,5345830,1,1,0
5055050,5345830,2,12,-10
5055050,5345830,3,7,-4
5055050,5345830,4,2,2
5055050,5345830,5,5,0
5055050,5345830,11,6,5
5274807,7930326,1,4,-3
5274807,7930326,13,7,6
4134125,4174252,1,1,0
4134125,4174252,3,2,1
4134125,4174252,13,12,1
5054001,5635861,5,1,4
5054001,5635861,12,8,4
4526827,7052634,7,1,6
5401629,6090623,12,8,4
5428717,6075541,9,2,7
7665303,8574895,2,11,-9
7665303,8574895,9,1,8
5645043,8684276,1,6,-5
5645043,8684276,6,1,5
5645043,8684276,12,7,5
5485369,8341003,2,12,-10
6737482,7696264,8,10,-2
6142749,6957952,1,1,0
6142749,6957952,5,13,-8
6646455,8324923,1,1,0
6646455,8324923,2,3,-1
6646455,8324923,3,4,-1
5452330,7415545,1,5,-4
5586064,8036398,3,6,-3
5586064,8036398,5,9,-4
6273421,8157610,9,2,7
5023086,6506262,4,1,3
5023086,6506262,8,5,3
4867462,5490681,2,2,0
4852940,6273502,13,12,1
6377784,7917106,4,2,2
6377784,7917106,7,6,1
6377784,7917106,8,10,-2
6377784,7917106,11,12,-1
4031956,8267185,6,1,5
4031956,8267185,8,4,4
6439995,8574061,7,3,4
6121162,7998801,2,12,-10
5565766,6531865,4,1,3
5565766,6531865,13,5,8
5298638,7585990,1,4,-3
5298638,7585990,4,1,3
5298638,7585990,12,8,4
4904569,7713684,12,8,4
4904569,7713684,13,9,4
6159430,6949300,10,6,4
3946724,4722350,4,5,-1
4026512,5253679,3,2,1
5139838,6223896,3,2,1
5139838,6223896,6,3,3
5144390,7728350,2,12,-10
5144390,7728350,6,1,5
6918051,7475274,1,2,-1
6918051,7475274,12,11,1
4668310,8384506,3,1,2
7165572,8580020,1,1,0
7165572,8580020,2,11,-9
7165572,8580020,5,10,-5
7165572,8580020,8,12,-4
4034512,5119593,1,1,0
4379465,4903714,6,12,-6
4013516,4994169,1,7,-6
4013516,4994169,2,1,1
4013516,4994169,6,4,2
4013516,4994169,13,11,2
5585630,6483110,1,3,-2
5585630,6483110,3,7,-4
5585630,6483110,4,4,0
4722667,8714889,3,9,-6
4722667,8714889,4,8,-4
4722667,8714889,5,4,1
5432030,8076028,1,1,0
5432030,8076028,10,10,0
5432030,8076028,13,13,0
4976956,5328685,1,1,0
4976956,5328685,2,8,-6
4976956,5328685,3,2,1
4976956,5328685,4,3,1
4976956,5328685,6,4,2
4976956,5328685,10,5,5
4976956,5328685,12,6,6
4814691,6181142,1,11,-10
4814691,6181142,6,6,0
6371970,7780694,9,8,1
6456352,7251003,2,8,-6
6456352,7251003,5,10,-5
6456352,7251003,10,7,3
6456352,7251003,11,1,10
6456352,7251003,12,9,3
6495122,8512683,4,7,-3
6495122,8512683,8,3,5
6495122,8512683,9,12,-3
6453542,6995958,1,1,0
6453542,6995958,9,4,5
6907739,7246496,1,1,0
6907739,7246496,2,6,-4
6907739,7246496,3,12,-9
6907739,7246496,4,2,2
6093043,7850482,5,2,3
6093043,7850482,8,1,7
4669469,8435290,13,13,0
4882244,7455936,3,5,-2
4882244,7455936,8,3,5
4882244,7455936,9,9,0
5236616,6602836,1,3,-2
5236616,6602836,7,1,6
6254105,6411287,1,1,0
6254105,6411287,3,2,1
6254105,6411287,4,3,1
6254105,6411287,6,7,-1
6254105,6411287,7,8,-1
5226909,8546996,2,12,-10
5104213,7080905,2,3,-1
5104213,7080905,10,5,5
4549371,7364500,3,1,2
4549371,7364500,4,10,-6
6119980,7055904,5,1,4
6119980,7055904,13,7,6
4112796,7430948,7,1,6
5230338,6405072,2,4,-2
4761358,5294513,1,2,-1
4761358,5294513,2,1,1
4761358,5294513,3,5,-2
4761358,5294513,4,8,-4
4761358,5294513,8,3,5
4761358,5294513,13,13,0
6522793,6867134,1,7,-6
6522793,6867134,2,13,-11
6522793,6867134,10,6,4
6522793,6867134,11,5,6
5131539,6062390,3,4,-1
5131539,6062390,11,8,3
6842877,8655437,6,5,1
5175246,8062661,1,5,-4
4401913,8475224,2,1,1
4401913,8475224,4,4,0
4401913,8475224,6,6,0
4401913,8475224,10,9,1
4053433,6455157,1,1,0
5297031,7848994,1,1,0
5297031,7848994,11,13,-2
5641306,6939151,1,12,-11
5509682,6213492,4,8,-4
5509682,6213492,5,3,2
5509682,6213492,6,6,0
5509682,6213492,11,9,2
5509682,6213492,12,4,8
4070370,4185965,10,13,-3
4070370,4185965,11,10,1
4046539,5076826,1,1,0
4046539,5076826,2,6,-4
4046539,5076826,3,2,1
4896522,7631534,1,8,-7
7717429,7942418,1,1,0
7717429,7942418,2,2,0
7717429,7942418,3,3,0
7717429,7942418,4,4,0
7717429,7942418,5,5,0
7717429,7942418,6,6,0
7717429,7942418,7,7,0
7717429,7942418,8,8,0
7717429,7942418,9,9,0
7717429,7942418,10,10,0
7717429,7942418,11,11,0
7717429,7942418,12,12,0
7717429,7942418,13,13,0
6225688,6334971,12,11,1
6273200,7762349,2,8,-6
6273200,7762349,4,4,0
6273200,7762349,8,5,3
3986656,5379906,3,8,-5
6382904,8378518,3,10,-7
6382904,8378518,11,2,9
5635014,6391133,4,6,-2
5635014,6391133,6,1,5
7181430,7900822,1,1,0
6657437,7119546,6,4,2
6890307,7270661,9,10,-1
6144387,7995069,10,1,9
7041135,8753396,1,8,-7
7041135,8753396,3,1,2
4904153,7682123,6,1,5
4725110,6510266,9,1,8
6066175,7641701,1,3,-2
6066175,7641701,6,11,-5
6066175,7641701,9,5,4
6066175,7641701,13,9,4
6491201,7604150,2,4,-2
5298449,8084685,5,2,3
5298449,8084685,10,12,-2
4876783,4981156,6,1,5
4622013,6091930,7,11,-4
4913308,8567630,12,1,11
4297885,5261505,1,7,-6
4006459,6504470,1,2,-1
6751606,7725417,4,3,1
5071755,6521444,6,4,2
5071755,6521444,10,3,7
4881752,7357396,1,1,0
4881752,7357396,3,3,0
4881752,7357396,7,2,5
5455862,7565546,4,1,3
4599152,7445803,2,9,-7
4599152,7445803,4,12,-8
4599152,7445803,8,13,-5
6449688,8539228,8,6,2
6449688,8539228,13,4,9
4181954,4700317,2,4,-2
6838704,7683380,5,2,3
6838704,7683380,7,10,-3
6838704,7683380,9,8,1
5409470,7875071,2,4,-2
6993297,8299867,1,7,-6
6083818,7939447,1,8,-7
6083818,7939447,4,12,-8
3932722,4127752,5,4,1
6143648,7109109,3,2,1
6966143,7748161,4,5,-1
7092672,8437251,1,1,0
6319913,8722021,4,10,-6
4777536,4984092,1,1,0
4777536,4984092,2,3,-1
4777536,4984092,3,2,1
4777536,4984092,5,6,-1
4777536,4984092,6,11,-5
4777536,4984092,7,13,-6
4777536,4984092,10,10,0
4777536,4984092,12,4,8
5026827,7678771,5,1,4
7016354,7746785,8,12,-4
7016354,7746785,9,2,7
6097203,7394273,4,3,1
4843937,4989491,1,8,-7
4843937,4989491,2,2,0
4843937,4989491,3,3,0
6645851,7670899,9,2,7
6645851,7670899,11,9,2
4957652,5277834,4,2,2
5283836,7333620,1,1,0
5100388,7166105,7,13,-6
5100388,7166105,9,6,3
5128752,8352984,8,7,1
5407594,6191100,2,1,1
6621418,8723676,9,12,-3
5548533,6526282,4,4,0
5548533,6526282,7,8,-1
5548533,6526282,10,6,4
5548533,6526282,13,1,12
7310244,8581505,7,1,6
7310244,8581505,9,2,7
5581594,7257210,4,2,2
5581594,7257210,5,7,-2
5145085,5636771,4,1,3
5145085,5636771,13,7,6
4702602,5063321,1,2,-1
4702602,5063321,2,1,1
4702602,5063321,3,9,-6
4702602,5063321,5,13,-8
4457507,7896489,1,3,-2
4572197,7559902,5,10,-5
5435454,5558244,1,1,0
5435454,5558244,2,4,-2
5435454,5558244,3,2,1
5435454,5558244,6,3,3
5435454,5558244,9,7,2
5435454,5558244,10,13,-3
5329559,7127017,1,8,-7
5329559,7127017,2,13,-11
5329559,7127017,3,5,-2
5329559,7127017,4,10,-6
5329559,7127017,13,6,7
4312526,4466642,12,9,3
7259126,8012633,8,10,-2
7259126,8012633,11,5,6
6476501,7811903,2,1,1
6347998,8449360,4,7,-3
6347998,8449360,12,11,1
4912342,6078521,1,5,-4
4912342,6078521,3,7,-4
4852084,5138613,8,1,7
4013672,4233300,8,8,0
4013672,4233300,9,9,0
4013672,4233300,10,11,-1
4013672,4233300,11,12,-1
4013672,4233300,12,13,-1
5319801,6085103,7,7,0
5319801,6085103,8,4,4
5319801,6085103,11,5,6
6926723,7806904,4,8,-4
5226099,7142346,10,4,6
6601044,7747502,2,2,0
5382392,7718101,1,6,-5
5382392,7718101,2,4,-2
5382392,7718101,13,7,6
7099821,8706482,1,6,-5
7099821,8706482,2,8,-6
4219860,4811136,7,6,1
8089995,8325773,1,1,0
8089995,8325773,2,2,0
8089995,8325773,3,3,0
8089995,8325773,4,4,0
8089995,8325773,5,5,0
8089995,8325773,6,6,0
8089995,8325773,7,7,0
8089995,8325773,8,8,0
8089995,8325773,9,9,0
8089995,8325773,10,10,0
8089995,8325773,11,11,0
8089995,8325773,12,12,0
8089995,8325773,13,13,0
4833180,8420751,6,2,4
5280782,6530883,1,2,-1
4258298,5455492,1,3,-2
4258298,5455492,4,5,-1
4999806,7143290,4,4,0
5578103,8741689,2,3,-1
6409993,8647607,12,3,9
4105055,7472730,11,7,4
4325057,7680595,6,1,5
5375486,5537896,4,12,-8
6912292,7716808,1,1,0
6912292,7716808,2,6,-4
4847743,5623192,1,3,-2
4847743,5623192,7,5,2
5185189,6541087,1,4,-3
5185189,6541087,2,3,-1
5185189,6541087,7,6,1
5185189,6541087,12,2,10
5185189,6541087,13,13,0
5284762,6150501,4,4,0
4297162,6451157,3,11,-8
6408628,7010921,6,1,5
6408628,7010921,10,9,1
6480742,8121685,1,7,-6
6480742,8121685,2,6,-4
6480742,8121685,3,9,-6
6480742,8121685,5,2,3
6480742,8121685,11,10,1
5027079,7116472,1,9,-8
5027079,7116472,2,5,-3
5027079,7116472,3,1,2
5027079,7116472,5,2,3
6560029,7661597,11,3,8
5598477,8671028,1,13,-12
5598477,8671028,7,9,-2
4501264,7288101,5,4,1
4501264,7288101,7,6,1
4501264,7288101,8,5,3
6985419,7239582,11,9,2
6990377,8073546,3,1,2
6990377,8073546,4,3,1
6990377,8073546,5,2,3
6990377,8073546,6,4,2
5286151,7360746,3,8,-5
6990233,7457460,8,9,-1
6990233,7457460,9,10,-1
6990233,7457460,13,7,6
7197498,7293022,1,2,-1
7197498,7293022,2,1,1
7197498,7293022,3,7,-4
8447136,8611592,6,3,3
4156422,4781672,12,4,8
7270124,8485180,2,2,0
6142213,7625276,3,12,-9
6142213,7625276,4,1,3
6142213,7625276,11,10,1
6142213,7625276,12,4,8
4761059,7746532,4,10,-6
4761059,7746532,10,1,9
4227878,6464498,2,1,1
6319154,8152653,1,1,0
6319154,8152653,2,9,-7
6319154,8152653,3,13,-10
6319154,8152653,5,2,3
6319154,8152653,10,10,0
6632454,7498044,1,8,-7
6632454,7498044,3,10,-7
6632454,7498044,5,2,3
6632454,7498044,7,6,1
6485456,8262689,1,8,-7
6485456,8262689,3,5,-2
6485456,8262689,5,3,2
7129566,7646078,2,4,-2
7129566,7646078,12,3,9
6476205,8188060,3,1,2
6901976,7066322,2,1,1
6901976,7066322,4,5,-1
6901976,7066322,6,4,2
7756804,8000995,1,6,-5
7756804,8000995,9,9,0
6574784,7082596,4,8,-4
6574784,7082596,12,4,8
6574784,7082596,13,11,2
4548082,4961230,1,2,-1
4548082,4961230,2,5,-3
4548082,4961230,3,9,-6
4185692,7066254,2,4,-2
4185692,7066254,10,9,1
4153317,5044731,1,2,-1
4153317,5044731,5,1,4
5327653,7346847,4,9,-5
6933718,7609874,1,10,-9
6933718,7609874,8,1,7
4891355,5242898,1,1,0
4891355,5242898,2,3,-1
4891355,5242898,5,6,-1
4891355,5242898,7,13,-6
4891355,5242898,11,9,2
4373514,5195503,1,12,-11
4373514,5195503,11,11,0
6094416,8055625,7,7,0
6424840,8332454,4,5,-1
7426582,8286169,4,2,2
5655698,8220690,1,1,0
5655698,8220690,4,4,0
5655698,8220690,6,3,3
5655698,8220690,7,6,1
6161111,7243188,5,8,-3
6161111,7243188,10,7,3
3938095,4471440,1,1,0
3938095,4471440,3,2,1
3938095,4471440,4,4,0
3938095,4471440,5,9,-4
3938095,4471440,8,13,-5
6990212,8577070,1,1,0
6990212,8577070,2,3,-1
6990212,8577070,3,5,-2
6373634,8589772,9,8,1
6078014,6450886,5,4,1
6078014,6450886,9,8,1
4010725,5005542,3,3,0
4010725,5005542,7,7,0
4010725,5005542,9,13,-4
5625199,7352038,6,4,2
4988815,5525612,1,2,-1
4988815,5525612,2,9,-7
4988815,5525612,3,11,-8
4988815,5525612,4,5,-1
4988815,5525612,5,1,4
4988815,5525612,7,12,-5
4195631,4407660,6,10,-4
6321091,8682321,1,2,-1
5068171,5288597,1,1,0
5068171,5288597,2,3,-1
5068171,5288597,5,4,1
5068171,5288597,8,2,6
5068171,5288597,11,11,0
5011318,6129475,5,4,1
5011318,6129475,7,6,1
5011318,6129475,9,13,-4
6347312,6438549,3,6,-3
6347312,6438549,4,13,-9
6347312,6438549,6,7,-1
5047726,5587663,4,5,-1
5047726,5587663,7,1,6
5047726,5587663,9,13,-4
5047726,5587663,13,2,11
6466198,8285480,1,11,-10
6466198,8285480,6,8,-2
6466198,8285480,10,10,0
6466198,8285480,11,2,9
5016068,6429481,3,12,-9
5016068,6429481,11,7,4
6146979,6566233,8,4,4
4747821,5152773,7,4,3
6088103,7027156,7,9,-2
6088103,7027156,13,8,5
6090144,7491235,1,10,-9
6090144,7491235,2,3,-1
6090144,7491235,5,1,4
5195086,7668972,9,8,1
5195086,7668972,11,12,-1
5045045,7670275,1,3,-2
5045045,7670275,4,1,3
4097107,4575173,5,3,2
4097107,4575173,7,13,-6
4097107,4575173,10,4,6
4097107,4575173,11,2,9
5054968,7261499,2,1,1
5054968,7261499,3,10,-7
5054968,7261499,8,2,6
5054968,7261499,9,8,1
6138196,6647446,7,11,-4
6138196,6647446,12,1,11
5637916,6891257,1,1,0
5637916,6891257,6,3,3
6516484,7721368,1,3,-2
6516484,7721368,2,8,-6
6516484,7721368,3,1,2
6516484,7721368,6,5,1
6516484,7721368,13,7,6
7507244,7730563,2,2,0
4321814,7146715,5,9,-4
4321814,7146715,8,4,4
5382323,6547925,2,2,0
5382323,6547925,4,4,0
6633809,7483944,6,6,0
5032227,6395134,8,3,5
5318347,6460932,4,13,-9
5318347,6460932,5,6,-1
5318347,6460932,8,2,6
5318347,6460932,13,8,5
5577607,6070729,2,7,-5
5577607,6070729,6,10,-4
4309269,7279017,2,3,-1
4309269,7279017,8,9,-1
7392295,7856100,3,9,-6
7392295,7856100,5,5,0
7392295,7856100,6,7,-1
7392295,7856100,7,11,-4
7392295,7856100,10,13,-3
4401112,7931674,2,10,-8
4164487,5021471,4,7,-3
4164487,5021471,5,13,-8
4071613,4229427,1,4,-3
4071613,4229427,12,1,11
4071613,4229427,13,7,6
3934726,8444362,2,1,1
4160346,4259817,5,1,4
4160346,4259817,8,2,6
4936139,6098448,1,3,-2
4936139,6098448,13,5,8
6317783,7752535,1,5,-4
6317783,7752535,2,9,-7
6596371,7431976,1,5,-4
6596371,7431976,7,6,1
5102524,5449446,5,2,3
5102524,5449446,10,1,9
4818903,6865381,3,4,-1
4818903,6865381,6,2,4
4818903,6865381,8,7,1
6251826,8388722,12,9,3
7548934,8285810,7,4,3
5192869,7239787,2,1,1
5192869,7239787,3,3,0
6919732,8013623,1,1,0
5235563,5349570,3,3,0
6508630,8382438,3,12,-9
6508630,8382438,11,9,2
5423819,6981974,1,3,-2
5423819,6981974,13,2,11
4235723,7584061,1,6,-5
4235723,7584061,2,2,0
4235723,7584061,4,5,-1
4235723,7584061,7,13,-6
5113523,8019941,2,1,1
6211877,7076546,1,13,-12
6966868,8529399,2,3,-1
6966868,8529399,3,13,-10
6966868,8529399,4,11,-7
6966868,8529399,6,2,4
6966868,8529399,7,1,6
6966868,8529399,12,7,5
7182150,8228029,2,1,1
7182150,8228029,4,3,1
7182150,8228029,6,2,4
5397189,6894894,4,6,-2
7520820,8277335,1,1,0
7520820,8277335,2,2,0
7520820,8277335,5,3,2
7520820,8277335,7,4,3
7520820,8277335,10,5,5
7520820,8277335,12,6,6
6159005,8751390,8,3,5
5017535,7087152,2,3,-1
5477319,6381023,1,1,0
5477319,6381023,2,3,-1
5477319,6381023,4,9,-5
4860007,8386167,12,7,5
6433756,6864856,1,1,0
6433756,6864856,11,8,3
6079873,6545334,8,1,7
6866613,7713171,1,1,0
6866613,7713171,5,6,-1
6866613,7713171,11,5,6
4325613,4451242,3,3,0
4325613,4451242,7,5,2
5250047,7628791,4,4,0
5250047,7628791,11,3,8
5029757,7458526,2,1,1
6046762,6651085,10,6,4
7374963,8465589,5,10,-5
7374963,8465589,8,8,0
7374963,8465589,10,9,1
6987856,8611554,5,11,-6
6987856,8611554,10,6,4
6167779,8091933,6,2,4
6167779,8091933,8,3,5
4315318,7072524,4,1,3
4315318,7072524,6,8,-2
5266179,8721545,3,9,-6
5489098,7070516,1,6,-5
5489098,7070516,3,8,-5
5489098,7070516,4,12,-8
5637921,6964501,3,10,-7
5637921,6964501,9,6,3
5304272,7836649,2,3,-1
5394522,7143360,5,2,3
5394522,7143360,7,1,6
6294938,7215166,1,3,-2
6294938,7215166,2,1,1
6294938,7215166,4,4,0
6294938,7215166,6,7,-1
4208241,4931261,1,6,-5
4408402,4557060,2,9,-7
4408402,4557060,4,1,3
4123146,4958894,1,9,-8
4123146,4958894,2,5,-3
5366736,7232677,1,2,-1
5366736,7232677,11,1,10
5134345,5394062,4,5,-1
5134345,5394062,12,9,3
5420984,7287102,3,1,2
5420984,7287102,6,6,0
5420984,7287102,9,10,-1
4946460,6905494,8,9,-1
4167179,7229400,1,4,-3
4167179,7229400,6,3,3
4167179,7229400,8,5,3
7599069,8425056,9,2,7
5625050,8569474,7,11,-4
6065000,7430515,8,13,-5
4734115,8162059,8,6,2
5512693,6265338,3,4,-1
7326222,8672968,1,1,0
7326222,8672968,2,11,-9
6063531,6532428,3,1,2
6063531,6532428,7,2,5
6632280,6977010,1,1,0
6632280,6977010,3,9,-6
5369592,6542785,1,3,-2
5369592,6542785,2,9,-7
5369592,6542785,4,13,-9
5369592,6542785,9,1,8
6594460,7379690,1,2,-1
6594460,7379690,5,8,-3
6594460,7379690,8,13,-5
4860940,7152841,1,1,0
4860940,7152841,4,2,2
4860940,7152841,8,8,0
4860940,7152841,12,5,7
4860940,7152841,13,12,1
6442658,8739018,1,3,-2
6442658,8739018,5,2,3
6442658,8739018,6,12,-6
6378005,8725843,7,11,-4
6378005,8725843,12,6,6
4288849,4550366,2,4,-2
4288849,4550366,4,2,2
4288849,4550366,6,10,-4
7331902,7582035,3,8,-5
7331902,7582035,5,5,0
7331902,7582035,6,2,4
7331902,7582035,10,6,4
5361905,7721887,2,2,0
5361905,7721887,5,1,4
4814712,6097192,5,7,-2
5434745,6531338,4,6,-2
5434745,6531338,6,9,-3
7377928,7669747,2,3,-1
7377928,7669747,3,1,2
7377928,7669747,6,4,2
6484156,7991803,5,13,-8
6484156,7991803,8,5,3
6484156,7991803,11,2,9
4671472,5451016,4,7,-3
4671472,5451016,8,4,4
6947572,7079278,3,4,-1
6947572,7079278,5,2,3
6947572,7079278,6,5,1
5538495,7931577,8,1,7
4596076,5337485,9,4,5
5162245,6617220,2,11,-9
5162245,6617220,9,10,-1
5162245,6617220,12,5,7
5162245,6617220,13,9,4
6202026,8352178,1,4,-3
6202026,8352178,4,1,3
6202026,8352178,8,5,3
4127028,4711132,1,10,-9
4127028,4711132,5,2,3
4127028,4711132,8,1,7
4127028,4711132,13,12,1
6255839,8278960,1,3,-2
6255839,8278960,6,6,0
6255839,8278960,10,9,1
6363164,7092560,1,1,0
6363164,7092560,3,2,1
6363164,7092560,4,4,0
6363164,7092560,5,5,0
6363164,7092560,6,3,3
6363164,7092560,7,6,1
6363164,7092560,9,7,2
6363164,7092560,11,11,0
6363164,7092560,12,8,4
6363164,7092560,13,9,4
5134261,6509555,3,1,2
5134261,6509555,7,6,1
6401113,8204953,2,11,-9
4533052,8545120,6,5,1
6670129,7125709,1,1,0
6670129,7125709,2,2,0
4307901,5351996,2,1,1
4307901,5351996,3,12,-9
6287899,7796204,4,10,-6
6287899,7796204,5,11,-6
6429064,8030635,9,2,7
6458301,7422711,8,5,3
6458301,7422711,10,1,9
4802595,5294194,2,3,-1
4802595,5294194,4,8,-4
4802595,5294194,7,2,5
7314062,7717131,6,4,2
7314062,7717131,10,6,4
5054017,5237550,1,8,-7
5054017,5237550,2,9,-7
5054017,5237550,7,5,2
4827880,5050378,1,5,-4
4827880,5050378,2,1,1
4827880,5050378,4,3,1
4827880,5050378,5,8,-3
4827880,5050378,8,10,-2
4372381,4617996,1,4,-3
4372381,4617996,4,11,-7
4372381,4617996,5,9,-4
4372381,4617996,9,8,1
4105633,4395534,4,4,0
5502576,7266217,3,3,0
5502576,7266217,11,2,9
6437692,7936264,6,3,3
6292783,7286997,1,1,0
6292783,7286997,12,11,1
5175416,8538801,3,3,0
7330267,7701583,2,11,-9
7330267,7701583,5,3,2
6343265,7418475,12,13,-1
4410209,7651306,3,4,-1
6158844,7303614,1,4,-3
5201094,5333351,1,1,0
5201094,5333351,2,5,-3
5201094,5333351,4,6,-2
6276726,7472722,1,8,-7
6276726,7472722,8,4,4
5045080,7668582,5,3,2
4322297,8688280,9,1,8
6241744,8641755,1,2,-1
6241744,8641755,13,5,8
4047965,5252358,2,6,-4
5503148,7729736,12,1,11
6479587,7977430,1,5,-4
6479587,7977430,4,1,3
6479587,7977430,5,2,3
6479587,7977430,8,8,0
4015027,4338391,1,1,0
4015027,4338391,2,5,-3
4015027,4338391,10,6,4
6516429,7409580,2,4,-2
6501391,7805239,1,1,0
6501391,7805239,11,9,2
5112253,5580280,5,1,4
5112253,5580280,11,5,6
3942638,5272801,11,1,10
5500123,7845403,5,13,-8
5500123,7845403,6,6,0
7006893,8280550,1,5,-4
7006893,8280550,6,2,4
7006893,8280550,10,12,-2
4972832,7614399,4,7,-3
4972832,7614399,8,8,0
4972832,7614399,10,2,8
4972832,7614399,13,11,2
6343446,7730677,2,1,1
6985385,7940600,4,2,2
6985385,7940600,7,4,3
6735201,8429283,11,1,10
5291282,7620258,1,9,-8
5291282,7620258,5,2,3
5575459,8118447,3,1,2
6846325,7097659,1,6,-5
6846325,7097659,2,4,-2
6846325,7097659,3,10,-7
6846325,7097659,5,11,-6
6846325,7097659,9,5,4
6846325,7097659,11,1,10
6846325,7097659,12,9,3
4177814,7282043,2,4,-2
5434255,6312707,1,6,-5
5434255,6312707,2,7,-5
5434255,6312707,3,1,2
7113426,7675765,2,4,-2
4561456,5567072,1,1,0
4561456,5567072,2,5,-3
4770739,6596656,1,13,-12
4770739,6596656,9,10,-1
4770739,6596656,10,8,2
4770739,6596656,11,6,5
4770739,6596656,13,1,12
5230000,6457145,2,2,0
5382164,6607382,3,9,-6
5382164,6607382,4,11,-7
6070108,6988256,2,6,-4
6070108,6988256,10,4,6
5574439,6144839,3,3,0
5574439,6144839,12,4,8
6529181,7180498,3,4,-1
6529181,7180498,4,5,-1
5159710,7724845,2,1,1
6632193,7717912,1,1,0
6632193,7717912,4,3,1
6632193,7717912,5,13,-8
6632193,7717912,10,6,4
7457164,8009474,4,4,0
6560471,7928850,2,1,1
6560471,7928850,5,4,1
4629015,4844187,1,4,-3
5395015,6481588,1,3,-2
4787040,5471193,2,9,-7
6615885,7057120,1,1,0
6615885,7057120,2,3,-1
6615885,7057120,3,7,-4
6615885,7057120,11,8,3
6304898,8244220,5,13,-8
5063480,5150958,1,9,-8
5063480,5150958,2,1,1
4804888,5083059,3,8,-5
4804888,5083059,5,11,-6
4804888,5083059,6,6,0
5104653,6239109,1,3,-2
4853569,5325034,2,2,0
4853569,5325034,4,4,0
6381190,7194593,4,1,3
5167613,7989674,1,3,-2
5167613,7989674,2,1,1
5167613,7989674,7,4,3
4098578,5284556,2,9,-7
4369450,8356881,1,2,-1
4369450,8356881,3,13,-10
4369450,8356881,4,1,3
4369450,8356881,8,4,4
6851103,8122391,1,4,-3
6851103,8122391,2,3,-1
6851103,8122391,3,1,2
6851103,8122391,4,8,-4
6851103,8122391,5,6,-1
6851103,8122391,11,5,6
4301325,5601668,5,2,3
5402988,7086641,1,1,0
5415888,7125626,1,10,-9
5415888,7125626,6,9,-3
4703756,8265725,3,6,-3
5355566,7178558,1,5,-4
5355566,7178558,2,1,1
5098345,7188717,2,8,-6
5098345,7188717,4,7,-3
5098345,7188717,8,4,4
5098345,7188717,10,6,4
5098345,7188717,12,1,11
4930337,6138337,3,7,-4
4930337,6138337,6,1,5
4837200,5318943,2,5,-3
4837200,5318943,3,6,-3
4837200,5318943,5,4,1
4837200,5318943,6,1,5
4837200,5318943,8,2,6
4837200,5318943,9,9,0
4837200,5318943,10,3,7
4863461,7338521,10,1,9
5298016,6478969,6,1,5
3987788,7955291,7,4,3
6505209,7953768,1,1,0
6505209,7953768,2,2,0
6505209,7953768,3,3,0
6505209,7953768,4,4,0
6505209,7953768,5,5,0
6505209,7953768,6,6,0
6505209,7953768,7,7,0
6505209,7953768,8,8,0
6505209,7953768,9,9,0
6505209,7953768,10,10,0
6505209,7953768,11,11,0
6505209,7953768,12,12,0
6505209,7953768,13,13,0
7188073,7620562,1,5,-4
7188073,7620562,9,13,-4
4943467,5165343,2,1,1
4943467,5165343,6,4,2
4943467,5165343,8,2,6
4826360,6082948,1,4,-3
4826360,6082948,6,8,-2
4826360,6082948,8,1,7
4901085,6340948,3,1,2
4901085,6340948,9,4,5
4901085,6340948,11,3,8
6430997,8702507,2,2,0
4765341,7783340,2,3,-1
4765341,7783340,3,5,-2
6858979,7397176,3,7,-4
7272556,7711557,1,3,-2
7272556,7711557,10,1,9
6064072,7193228,4,3,1
6064072,7193228,13,4,9
6243469,8276177,1,4,-3
4025430,5266210,7,6,1
6324631,7149870,2,3,-1
6324631,7149870,6,8,-2
6324631,7149870,7,4,3
5426392,6137844,7,1,6
5301685,8187888,9,9,0
5653677,8397971,4,12,-8
6863669,7727232,4,3,1
6863669,7727232,9,12,-3
6640731,7131384,2,3,-1
6640731,7131384,5,5,0
8518353,8715600,3,7,-4
8518353,8715600,5,9,-4
8518353,8715600,6,10,-4
8518353,8715600,7,3,4
8518353,8715600,10,1,9
4748982,6398799,1,12,-11
4748982,6398799,2,7,-5
4748982,6398799,3,2,1
4748982,6398799,7,9,-2
4748982,6398799,9,1,8
4748982,6398799,10,5,5
6180019,6422173,1,10,-9
7066173,8424521,1,5,-4
7066173,8424521,3,7,-4
7066173,8424521,4,3,1
7066173,8424521,7,13,-6
7378124,8192051,5,3,2
5637912,6897553,2,5,-3
5637912,6897553,7,1,6
5637912,6897553,9,2,7
5637912,6897553,11,6,5
5496491,6276372,3,6,-3
5496491,6276372,5,8,-3
7525448,8711220,2,1,1
7525448,8711220,4,2,2
7525448,8711220,8,11,-3
7525448,8711220,12,7,5
7238024,7748634,4,1,3
4874378,5351383,1,12,-11
4874378,5351383,4,4,0
5486836,8599077,3,3,0
5486836,8599077,8,5,3
6944094,7400552,3,2,1
6944094,7400552,7,12,-5
4215701,7798993,1,1,0
4215701,7798993,2,9,-7
7406002,8687465,1,1,0
7406002,8687465,2,9,-7
7406002,8687465,5,10,-5
4427908,6091169,2,6,-4
4427908,6091169,6,8,-2
5577941,7377826,6,5,1
5577941,7377826,7,3,4
5577941,7377826,9,6,3
5577941,7377826,11,11,0
5577941,7377826,12,8,4
5577941,7377826,13,12,1
4241001,5328506,3,4,-1
4241001,5328506,8,3,5
5112686,7927698,1,1,0
5112686,7927698,7,2,5
5112686,7927698,12,10,2
5141289,7410221,10,1,9
6568175,8726872,1,6,-5
6568175,8726872,2,5,-3
6568175,8726872,5,4,1
6568175,8726872,12,10,2
7256023,7611875,1,1,0
7256023,7611875,2,2,0
7256023,7611875,3,3,0
7256023,7611875,4,6,-2
7256023,7611875,5,4,1
7256023,7611875,6,5,1
7256023,7611875,7,7,0
7256023,7611875,8,8,0
7256023,7611875,9,9,0
7256023,7611875,10,10,0
7256023,7611875,11,11,0
7256023,7611875,13,12,1
5215141,6637496,2,1,1
5215141,6637496,5,11,-6
5154737,7066985,13,7,6
4501537,4712987,1,1,0
4501537,4712987,2,3,-1
4501537,4712987,3,7,-4
4501537,4712987,4,2,2
4501537,4712987,5,10,-5
4501537,4712987,6,5,1
4501537,4712987,8,9,-1
4501537,4712987,9,4,5
4501537,4712987,10,11,-1
4501537,4712987,12,12,0
4796095,5331342,1,1,0
4796095,5331342,2,3,-1
4796095,5331342,6,8,-2
4796095,5331342,13,6,7
4767882,4877914,2,1,1
4767882,4877914,3,2,1
4416534,7089854,3,4,-1
7411823,7898857,1,5,-4
7411823,7898857,2,2,0
7411823,7898857,3,12,-9
7411823,7898857,4,1,3
7411823,7898857,7,6,1
7411823,7898857,9,4,5
7411823,7898857,11,9,2
7850554,8449412,1,1,0
7850554,8449412,5,5,0
7850554,8449412,11,10,1
6142995,7156842,2,2,0
6142995,7156842,5,10,-5
7344439,7755889,5,11,-6
7344439,7755889,11,3,8
6202686,8240326,1,2,-1
6202686,8240326,2,5,-3
6202686,8240326,10,3,7
5327856,7954472,4,10,-6
5327856,7954472,5,9,-4
5327856,7954472,11,2,9
6173399,8005958,2,1,1
6173399,8005958,3,2,1
4233232,7666517,12,10,2
6964363,8348972,5,1,4
6964363,8348972,7,5,2
6964363,8348972,10,6,4
5293795,6554041,2,9,-7
5253027,5520600,1,11,-10
5253027,5520600,3,3,0
5253027,5520600,4,5,-1
5646763,7603693,6,2,4
5646763,7603693,9,11,-2
5646763,7603693,13,4,9
4368109,4493759,1,5,-4
4368109,4493759,4,8,-4
4368109,4493759,6,4,2
4622512,4952865,1,9,-8
4622512,4952865,4,5,-1
4622512,4952865,13,6,7
5256274,7189317,3,3,0
5256274,7189317,4,7,-3
4752024,5197648,1,3,-2
4752024,5197648,3,10,-7
4752024,5197648,9,7,2
5279309,6652464,5,2,3
5279309,6652464,6,5,1
5128831,7095122,4,8,-4
5128831,7095122,11,3,8
5128831,7095122,12,5,7
6449654,7782851,7,13,-6
6449654,7782851,13,2,11
4135373,6092399,2,2,0
6227510,6505802,1,6,-5
6227510,6505802,2,5,-3
5202284,7256142,3,1,2
5349961,6839661,8,5,3
4377812,5392056,3,4,-1
4297936,4777858,1,1,0
4321184,8071221,1,10,-9
4321184,8071221,2,4,-2
4321184,8071221,4,2,2
4321184,8071221,7,5,2
4698459,5021305,1,8,-7
4698459,5021305,2,2,0
4698459,5021305,11,6,5
4602635,5084058,1,5,-4
4602635,5084058,4,3,1
4602635,5084058,5,2,3
4602635,5084058,10,4,6
7032814,7645960,1,1,0
7032814,7645960,2,13,-11
7032814,7645960,3,4,-1
7032814,7645960,10,7,3
7032814,7645960,11,3,8
4008719,4160452,1,2,-1
4008719,4160452,3,3,0
4008719,4160452,4,4,0
4008719,4160452,6,10,-4
4008719,4160452,7,11,-4
4008719,4160452,11,5,6
4008719,4160452,12,13,-1
6308259,7237098,2,6,-4
4094192,4823618,1,11,-10
4094192,4823618,2,10,-8
6289178,7936390,7,1,6
6612793,7059588,5,1,4
3998584,4081213,5,8,-3
3998584,4081213,7,3,4
7421897,8701459,4,12,-8
4909789,8043296,5,3,2
4909789,8043296,6,2,4
4426588,8286723,6,10,-4
5073117,6150828,4,3,1
5073117,6150828,13,10,3
4076079,4848480,6,5,1
4076079,4848480,10,3,7
4805963,7040712,2,10,-8
4805963,7040712,12,11,1
6411371,7428041,11,4,7
6266637,8731942,1,12,-11
5047948,7886931,2,2,0
5047948,7886931,9,7,2
6505378,8015655,1,2,-1
6505378,8015655,2,5,-3
6505378,8015655,3,11,-8
6505378,8015655,7,1,6
6505378,8015655,8,13,-5
5620434,6090093,1,2,-1
5620434,6090093,13,5,8
5309506,8543982,2,9,-7
5309506,8543982,3,3,0
5373803,7029996,1,13,-12
5373803,7029996,11,8,3
5629112,6071646,2,4,-2
5629112,6071646,3,1,2
5629112,6071646,7,2,5
5629112,6071646,10,3,7
3987676,6867368,7,4,3
4689742,8187101,4,1,3
3940404,6867210,7,13,-6
6540558,7032189,9,7,2
5248976,6181270,2,2,0
5248976,6181270,3,10,-7
5248976,6181270,12,3,9
6163392,7729617,7,4,3
6189381,7677099,1,4,-3
6189381,7677099,2,7,-5
6189381,7677099,7,2,5
6189381,7677099,9,11,-2
5513333,8755484,10,4,6
5361895,7992726,11,2,9
4983163,8420376,3,1,2
4983163,8420376,5,2,3
4983163,8420376,12,5,7
5419007,7832049,1,1,0
5419007,7832049,2,8,-6
5419007,7832049,3,2,1
5419007,7832049,7,3,4
5419007,7832049,9,7,2
5419007,7832049,10,4,6
5419007,7832049,12,11,1
4041690,4130984,1,1,0
4041690,4130984,2,10,-8
4041690,4130984,3,2,1
4041690,4130984,5,12,-7
4041690,4130984,6,5,1
4041690,4130984,8,8,0
4041690,4130984,9,7,2
4041690,4130984,13,13,0
4230636,4558157,1,1,0
4619612,5344317,10,13,-3
4759661,5401116,1,6,-5
4759661,5401116,4,9,-5
4172110,5164003,7,10,-3
5060506,7096719,2,2,0
5145016,6510909,1,1,0
5145016,6510909,4,5,-1
5145016,6510909,7,4,3
5145016,6510909,12,2,10
7825511,8623755,6,4,2
5649754,7446829,6,7,-1
5649754,7446829,8,3,5
4984077,8600160,4,2,2
4984077,8600160,10,4,6
4842923,7708852,2,6,-4
6139892,7919297,12,1,11
4447103,4674818,9,8,1
4060160,7055417,1,8,-7
4060160,7055417,2,5,-3
4060160,7055417,10,6,4
6281758,7276979,2,1,1
6281758,7276979,3,2,1
6281758,7276979,8,6,2
6281758,7276979,12,9,3
6281758,7276979,13,5,8
6193107,7891076,2,3,-1
6193107,7891076,6,6,0
6193107,7891076,11,5,6
4700670,5018491,2,1,1
4700670,5018491,9,12,-3
8355748,8474279,9,6,3
6245108,7452379,2,5,-3
6245108,7452379,4,2,2
7009953,7761058,1,5,-4
6487735,7380296,1,5,-4
6487735,7380296,2,10,-8
6487735,7380296,6,12,-6
5256506,6855384,4,3,1
7711413,8116605,2,9,-7
7520848,8723628,5,4,1
7520848,8723628,7,3,4
7520848,8723628,10,5,5
4356843,6244297,2,9,-7
4356843,6244297,3,3,0
4356843,6244297,8,5,3
4658084,7919695,2,2,0
7523117,8271468,10,1,9
4355392,4541092,7,1,6
4355392,4541092,9,9,0
6669110,6951223,1,2,-1
6669110,6951223,3,7,-4
6669110,6951223,4,8,-4
6669110,6951223,5,1,4
6669110,6951223,6,9,-3
6669110,6951223,7,11,-4
6669110,6951223,13,4,9
6253374,7076780,1,3,-2
6253374,7076780,4,6,-2
6253374,7076780,7,4,3
6253374,7076780,8,1,7
7356047,8699514,7,3,4
7356047,8699514,8,5,3
4156818,5260592,11,7,4
6844243,8378494,2,10,-8
7983910,8219429,2,7,-5
7236226,7669132,3,2,1
7236226,7669132,5,7,-2
4999806,7831516,2,4,-2
4999806,7831516,11,9,2
6558207,8496501,1,1,0
6558207,8496501,12,8,4
6558207,8496501,13,5,8
5134702,7203785,1,3,-2
5134702,7203785,8,11,-3
4945563,7908638,2,11,-9
4537509,7099008,1,1,0
4537509,7099008,6,4,2
4537509,7099008,8,6,2
4522150,5012765,1,2,-1
4522150,5012765,8,3,5
4522150,5012765,13,11,2
4446061,4710528,8,4,4
5265006,7813846,2,7,-5
5265006,7813846,4,2,2
4356074,6576101,5,11,-6
4356074,6576101,8,12,-4
7010576,8122198,7,8,-1
7010576,8122198,12,4,8
5342661,6094859,7,7,0
5342661,6094859,10,5,5
5342661,6094859,13,1,12
6975020,8254153,3,5,-2
6975020,8254153,7,9,-2
6975020,8254153,13,10,3
5390981,6095609,1,10,-9
5390981,6095609,2,3,-1
5390981,6095609,3,5,-2
5390981,6095609,6,7,-1
5569578,6568936,3,10,-7
5569578,6568936,13,11,2
5429701,8613881,3,4,-1
5429701,8613881,5,3,2
5429701,8613881,9,7,2
5635979,6189037,2,1,1
5635979,6189037,4,3,1
5635979,6189037,5,9,-4
4821742,5284158,1,13,-12
4821742,5284158,3,1,2
5565922,7215384,1,1,0
5565922,7215384,8,3,5
5565922,7215384,9,6,3
5565922,7215384,10,2,8
4068405,7794105,13,6,7
7665537,8225880,2,9,-7
7665537,8225880,3,3,0
6240314,8571653,2,2,0
6240314,8571653,4,12,-8
6240314,8571653,11,7,4
5592289,7629173,7,8,-1
4417488,5063652,5,3,2
4417488,5063652,11,4,7
6120839,8687271,1,4,-3
6120839,8687271,11,8,3
4740796,5131539,7,2,5
4329851,5579652,4,5,-1
4329851,5579652,6,3,3
4329851,5579652,10,1,9
6865617,7069307,1,2,-1
6865617,7069307,6,7,-1
6865617,7069307,8,6,2
4395713,7068234,1,2,-1
6178194,6516022,5,2,3
6178194,6516022,12,3,9
7014589,7704180,2,1,1
7014589,7704180,4,5,-1
7014589,7704180,5,4,1
7014589,7704180,9,7,2
7014589,7704180,10,3,7
7014589,7704180,13,12,1
5263550,7195215,8,8,0
5203705,7112135,6,2,4
4697098,5396187,3,6,-3
4697098,5396187,13,13,0
7061678,7717565,2,5,-3
7061678,7717565,7,11,-4
7061678,7717565,8,2,6
6637196,7617674,2,9,-7
6637196,7617674,3,13,-10
6637196,7617674,5,12,-7
6637196,7617674,8,1,7
6637196,7617674,12,4,8
7544974,7786493,1,2,-1
7544974,7786493,3,8,-5
7544974,7786493,4,5,-1
7544974,7786493,6,3,3
7251928,7895820,1,1,0
7251928,7895820,10,9,1
7251928,7895820,12,8,4
7251928,7895820,13,3,10
7103950,8297157,1,1,0
7103950,8297157,8,3,5
7103950,8297157,9,2,7
7103950,8297157,11,7,4
7103950,8297157,13,12,1
4815099,5022050,3,1,2
4815099,5022050,10,3,7
4397915,5264272,1,10,-9
4397915,5264272,8,2,6
4759628,5557408,5,4,1
4759628,5557408,7,3,4
4759628,5557408,8,11,-3
4143209,8042598,2,11,-9
7898236,8680895,6,12,-6
7898236,8680895,12,7,5
6615190,8719085,1,5,-4
6615190,8719085,3,9,-6
6615190,8719085,8,10,-2
4703506,5283834,1,1,0
4703506,5283834,5,9,-4
7386789,8443278,1,6,-5
7386789,8443278,8,10,-2
7170812,7675769,4,9,-5
7170812,7675769,8,6,2
4081337,8075762,2,8,-6
4081337,8075762,4,5,-1
4081337,8075762,5,7,-2
4013182,7364381,5,9,-4
4390131,4718609,2,6,-4
4390131,4718609,6,2,4
4390131,4718609,13,7,6
6186321,7073664,9,4,5
6186321,7073664,10,12,-2
5048761,6467707,13,5,8
6362807,6873803,1,1,0
6362807,6873803,3,3,0
6515681,7856472,2,4,-2
5560763,7789939,2,4,-2
5560763,7789939,4,5,-1
5560763,7789939,8,7,1
5184182,5404212,1,1,0
5184182,5404212,2,3,-1
5184182,5404212,3,2,1
5184182,5404212,11,13,-2
4426881,8511155,1,3,-2
4406333,8636087,8,3,5
4613139,6554252,3,4,-1
4613139,6554252,7,5,2
7251494,8718259,1,2,-1
4265393,4684023,11,2,9
4611083,5182314,1,2,-1
4611083,5182314,4,3,1
4611083,5182314,7,4,3
4611083,5182314,8,9,-1
4611083,5182314,10,6,4
4925785,6329143,6,4,2
7002472,7696869,4,2,2
5391272,6908770,1,1,0
6401149,7870320,2,4,-2
6401149,7870320,7,7,0
4204907,5104598,7,1,6
4612706,7543386,1,1,0
4612706,7543386,3,2,1
4612706,7543386,4,7,-3
4612706,7543386,7,5,2
4612706,7543386,9,13,-4
6156064,7691401,1,5,-4
6156064,7691401,4,6,-2
5448165,5654896,5,13,-8
3978285,4414676,12,3,9
6941393,8572038,5,10,-5
4063662,5209732,6,1,5
4817824,7819269,9,4,5
4884506,6247408,1,2,-1
4884506,6247408,2,1,1
4884506,6247408,3,4,-1
4956387,5254717,3,4,-1
4956387,5254717,5,3,2
4956387,5254717,6,5,1
4956387,5254717,7,6,1
4956387,5254717,8,8,0
4956387,5254717,10,10,0
4956387,5254717,11,11,0
4094816,4861738,1,3,-2
4094816,4861738,2,2,0
4094816,4861738,3,1,2
4094816,4861738,4,4,0
4094816,4861738,6,8,-2
4094816,4861738,8,6,2
4384158,5082961,2,10,-8
4384158,5082961,6,7,-1
4384158,5082961,10,5,5
4384158,5082961,11,13,-2
4429074,4950711,1,2,-1
4429074,4950711,3,6,-3
4429074,4950711,5,7,-2
4429074,4950711,8,8,0
4429074,4950711,10,3,7
4429074,4950711,11,9,2
4696180,8739592,2,4,-2
4696180,8739592,4,11,-7
4696180,8739592,7,9,-2
6464634,8602984,1,1,0
6464634,8602984,2,2,0
6464634,8602984,3,7,-4
6464634,8602984,4,8,-4
6464634,8602984,8,11,-3
6217549,8512310,1,1,0
6217549,8512310,2,3,-1
5335346,7698441,4,6,-2
4749007,5089324,7,4,3
4749007,5089324,8,2,6
4170980,4907566,1,1,0
4170980,4907566,3,2,1
4170980,4907566,11,7,4
4170980,4907566,13,5,8
4077059,6065099,3,12,-9
4077059,6065099,4,6,-2
4077059,6065099,5,1,4
4077059,6065099,12,9,3
4242695,4616247,4,8,-4
5410354,6532043,5,2,3
5421451,8235203,2,7,-5
5421451,8235203,4,5,-1
5421451,8235203,7,12,-5
7697012,8587621,1,1,0
7697012,8587621,2,2,0
7697012,8587621,5,5,0
7697012,8587621,8,9,-1
7218759,8660366,4,6,-2
7218759,8660366,12,11,1
4435257,7314552,1,1,0
4435257,7314552,6,3,3
4435257,7314552,11,5,6
4435257,7314552,12,2,10
5150335,7453769,1,2,-1
6645432,8066955,13,5,8
4600014,4881551,1,5,-4
4600014,4881551,2,4,-2
4600014,4881551,7,2,5
4600014,4881551,10,13,-3
4600014,4881551,12,8,4
4238493,4405624,1,3,-2
4238493,4405624,2,1,1
4238493,4405624,3,12,-9
4238493,4405624,6,4,2
4238493,4405624,7,5,2
4238493,4405624,8,6,2
4238493,4405624,9,7,2
4238493,4405624,10,8,2
4238493,4405624,11,9,2
4238493,4405624,12,10,2
4238493,4405624,13,11,2
5127797,8206102,11,4,7
4987897,8332029,3,3,0
4987897,8332029,13,5,8
4839837,5647484,6,7,-1
4839837,5647484,13,3,10
6280392,8745788,13,6,7
6325285,7314165,5,5,0
5580843,7576107,2,3,-1
5580843,7576107,3,2,1
5580843,7576107,4,13,-9
5580843,7576107,7,12,-5
5137537,6620865,1,2,-1
5137537,6620865,2,4,-2
5137537,6620865,4,1,3
5137537,6620865,6,6,0
5137537,6620865,11,5,6
7545372,7835811,1,1,0
4821443,5332185,2,1,1
4821443,5332185,7,9,-2
4981139,8750980,6,3,3
7009589,8610645,3,3,0
7009589,8610645,6,7,-1
7009589,8610645,11,4,7
6539452,8654573,5,1,4
4453563,4529002,2,1,1
4453563,4529002,3,9,-6
4453563,4529002,5,10,-5
4453563,4529002,6,2,4
4070494,8187636,9,13,-4
3981308,8663270,3,1,2
3981308,8663270,8,6,2
4436294,7758295,2,1,1
4604825,5383302,4,4,0
6163319,7034829,10,1,9
4033823,4305956,1,2,-1
4906207,8157589,8,3,5
4906207,8157589,9,5,4
4906207,8157589,12,1,11
4048391,4287664,6,8,-2
4048391,4287664,7,4,3
4048391,4287664,9,10,-1
5546546,6842806,5,1,4
5546546,6842806,12,2,10
6965379,8078006,1,5,-4
6965379,8078006,3,2,1
6965379,8078006,5,10,-5
6965379,8078006,6,7,-1
4546984,7946589,1,2,-1
4546984,7946589,2,1,1
4546984,7946589,3,8,-5
4546984,7946589,4,3,1
6614398,8159400,1,3,-2
5281304,7573133,1,3,-2
5281304,7573133,3,9,-6
5281304,7573133,5,4,1
4895725,7208483,8,4,4
7230675,8563952,9,13,-4
7230675,8563952,12,1,11
5141144,8276594,9,2,7
6636836,7983953,12,9,3
5107198,5352929,2,1,1
5107198,5352929,6,5,1
5107198,5352929,12,10,2
7054592,7835763,6,11,-5
7054592,7835763,9,1,8
4818697,6461289,2,2,0
4818697,6461289,4,1,3
4818697,6461289,13,11,2
5260030,7041257,2,5,-3
5260030,7041257,13,6,7
4852443,7129405,2,1,1
4100836,4915010,2,8,-6
4100836,4915010,3,6,-3
4100836,4915010,4,1,3
6332291,7037972,1,4,-3
6332291,7037972,2,3,-1
4807031,6535253,1,4,-3
4807031,6535253,9,11,-2
5236445,5569306,1,4,-3
5236445,5569306,3,2,1
5236445,5569306,4,8,-4
5236445,5569306,8,9,-1
5431155,5649649,3,8,-5
5479266,6163316,5,6,-1
5479266,6163316,13,10,3
5059211,6540774,1,1,0
5059211,6540774,3,6,-3
5602638,6302802,2,6,-4
5602638,6302802,3,10,-7
5624130,7088297,9,3,6
4397357,5377763,1,1,0
4397357,5377763,13,11,2
5110672,6077795,1,11,-10
5110672,6077795,2,2,0
5110672,6077795,3,1,2
8000808,8700179,1,3,-2
8000808,8700179,4,5,-1
8000808,8700179,9,1,8
8000808,8700179,10,11,-1
6929427,7261497,1,8,-7
6929427,7261497,8,5,3
6929427,7261497,10,1,9
5651614,7252016,7,1,6
5651614,7252016,9,5,4
5262881,8749466,12,6,6
4138471,4631304,1,1,0
4138471,4631304,3,3,0
5619596,7734102,3,4,-1
4556727,5143643,13,8,5
6331453,7067905,3,6,-3
6331453,7067905,6,5,1
6331453,7067905,10,1,9
6484149,7441196,2,12,-10
6484149,7441196,10,4,6
7064672,8570727,1,3,-2
7064672,8570727,11,9,2
4957983,5290890,11,7,4
5106425,5268036,12,9,3
4408544,6846553,2,2,0
4408544,6846553,6,8,-2
5297879,6848845,1,1,0
5297879,6848845,6,4,2
4569650,6361306,1,2,-1
4569650,6361306,7,9,-2
7505660,8131125,1,3,-2
7505660,8131125,2,10,-8
7505660,8131125,7,4,3
7505660,8131125,9,9,0
7505660,8131125,10,1,9
7505660,8131125,11,13,-2
4215122,4323571,8,13,-5
6389619,6941595,1,1,0
6389619,6941595,6,5,1
6229434,8481916,4,5,-1
6229434,8481916,10,3,7
7895044,8189714,1,2,-1
6092444,7415745,1,4,-3
5149055,7115221,3,1,2
7721931,8740038,5,3,2
7721931,8740038,6,7,-1
5483815,6067707,2,1,1
5483815,6067707,4,4,0
4105262,4384626,1,13,-12
4105262,4384626,3,2,1
4105262,4384626,7,5,2
4105262,4384626,8,6,2
4105262,4384626,11,8,3
4105262,4384626,12,7,5
7264006,8071526,1,1,0
7264006,8071526,2,10,-8
4180739,7075652,2,5,-3
6335203,8722395,3,5,-2
6335203,8722395,4,2,2
5317445,7952711,2,4,-2
5317445,7952711,4,7,-3
6208665,7283566,1,2,-1
6208665,7283566,6,11,-5
6366903,7716167,12,6,6
6542528,7760787,7,8,-1
6542528,7760787,13,12,1
4156182,4672305,1,2,-1
6887704,8080417,1,3,-2
6887704,8080417,2,11,-9
6887704,8080417,4,4,0
6887704,8080417,5,5,0
6887704,8080417,7,7,0
6887704,8080417,9,2,7
5344724,7601461,5,7,-2
5344724,7601461,7,8,-1
5344724,7601461,9,10,-1
6636258,8094002,1,8,-7
5563526,8577951,5,7,-2
4773760,8228488,1,2,-1
4773760,8228488,5,1,4
4773760,8228488,7,9,-2
6445236,7071736,4,8,-4
7548946,8001232,2,2,0
7548946,8001232,8,5,3
7548946,8001232,10,3,7
7548946,8001232,11,7,4
7548946,8001232,12,9,3
4837966,6497069,1,1,0
5187501,7384206,8,2,6
4329162,7582270,3,5,-2
4329162,7582270,4,6,-2
4329162,7582270,5,3,2
4329162,7582270,8,9,-1
4329162,7582270,12,2,10
4329162,7582270,13,7,6
6574729,8108543,5,11,-6
6574729,8108543,10,4,6
5601542,7851667,2,1,1
5601542,7851667,7,4,3
5432927,6606716,4,1,3
6874007,7085794,6,8,-2
4595949,4852002,7,1,6
4595949,4852002,10,10,0
4612225,7591114,1,5,-4
5653471,7210936,3,2,1
5653471,7210936,10,7,3
5653471,7210936,11,6,5
3984115,7011316,3,1,2
3984115,7011316,5,4,1
3984115,7011316,9,7,2
3984115,7011316,11,2,9
4915118,5060675,1,1,0
4915118,5060675,7,7,0
4915118,5060675,9,11,-2
4915118,5060675,10,2,8
4362291,8105073,2,1,1
4362291,8105073,9,2,7
7245668,7783291,2,5,-3
7245668,7783291,4,1,3
6650247,8330582,1,7,-6
6650247,8330582,4,3,1
6650247,8330582,5,4,1
6650247,8330582,9,1,8
5603816,7247221,1,1,0
5603816,7247221,4,3,1
5426378,6486702,2,2,0
5426378,6486702,3,3,0
5426378,6486702,4,1,3
5426378,6486702,6,5,1
7186081,7937949,2,1,1
7186081,7937949,4,13,-9
7186081,7937949,5,7,-2
7311718,8235915,6,4,2
7311718,8235915,11,10,1
6370726,7546658,4,1,3
4335208,8252573,10,1,9
4320752,4917113,7,3,4
4320752,4917113,8,6,2
4149272,4554682,1,6,-5
4149272,4554682,11,3,8
4502082,8712970,11,5,6
6502956,8511864,1,8,-7
6502956,8511864,7,7,0
5364886,6312703,1,2,-1
6408974,8220581,4,10,-6
6408974,8220581,5,2,3
4490125,7235016,2,7,-5
4490125,7235016,4,2,2
4490125,7235016,10,8,2
6196670,7284846,1,1,0
6196670,7284846,2,2,0
4029792,6486190,9,6,3
4029792,6486190,11,7,4
4641609,6508221,2,2,0
4641609,6508221,4,7,-3
4185685,4331199,3,2,1
4185685,4331199,9,6,3
4185685,4331199,12,1,11
4006477,4628319,2,2,0
4006477,4628319,5,6,-1
4006477,4628319,7,1,6
6197701,6479402,1,1,0
6197701,6479402,2,2,0
6197701,6479402,3,3,0
6197701,6479402,6,5,1
6197701,6479402,10,9,1
3943392,6972505,3,9,-6
3943392,6972505,5,5,0
4945483,5643133,2,11,-9
4945483,5643133,4,7,-3
4945483,5643133,5,6,-1
4945483,5643133,7,4,3
4945483,5643133,10,5,5
4270957,4540444,5,1,4
4270957,4540444,8,3,5
4270957,4540444,10,11,-1
4817287,5361664,1,2,-1
4817287,5361664,6,9,-3
4817287,5361664,10,4,6
4817287,5361664,11,1,10
5273306,7320476,2,6,-4
5273306,7320476,3,1,2
5230334,8292887,3,3,0
6970228,8552394,4,3,1
4266121,6088684,8,4,4
7580871,8307338,5,2,3
5616208,7723700,1,2,-1
5616208,7723700,2,7,-5
7044530,8651551,1,1,0
5470096,6217122,6,7,-1
5549470,6478022,1,5,-4
5549470,6478022,2,1,1
5549470,6478022,6,3,3
5331986,6460555,4,1,3
6215699,6940754,1,3,-2
6215699,6940754,3,5,-2
6215699,6940754,7,2,5
6215699,6940754,12,4,8
5047044,7666149,12,2,10
5034200,6984263,1,5,-4
5034200,6984263,5,7,-2
5034200,6984263,11,12,-1
4815228,7114282,8,4,4
4898597,7101819,1,1,0
4898597,7101819,5,12,-7
4813948,6627249,11,5,6
4403956,4626210,3,1,2
4403956,4626210,4,3,1
4403956,4626210,6,8,-2
4403956,4626210,9,5,4
4403956,4626210,10,13,-3
5336238,7666181,1,13,-12
5336238,7666181,6,4,2
5646642,6670944,1,1,0
5646642,6670944,5,3,2
5646642,6670944,11,10,1
5025573,7886460,1,2,-1
4915120,6296002,3,2,1
4915120,6296002,7,7,0
4249302,5262226,7,12,-5
6374824,7748386,1,1,0
6374824,7748386,3,9,-6
6374824,7748386,7,6,1
6374824,7748386,12,5,7
6873980,7155443,3,5,-2
6873980,7155443,5,1,4
6873980,7155443,7,2,5
6873980,7155443,12,3,9
4085808,7140445,8,2,6
5037645,7247502,8,7,1
5037645,7247502,9,2,7
4445274,6876071,2,1,1
6258121,7390497,6,5,1
6258121,7390497,11,2,9
5592612,8478957,2,8,-6
5592612,8478957,8,4,4
5592612,8478957,12,12,0
5190529,8066660,1,4,-3
5190529,8066660,8,7,1
5190529,8066660,9,8,1
5142537,7730300,4,10,-6
4934607,6354522,2,1,1
4934607,6354522,3,3,0
5441255,7147590,11,4,7
5245093,7993591,6,3,3
4991764,7097089,1,6,-5
4991764,7097089,6,9,-3
4991764,7097089,10,1,9
5186037,6401514,4,1,3
5186037,6401514,5,6,-1
4116723,6355356,2,7,-5
6502095,7340650,11,5,6
5117498,6976158,2,1,1
5117498,6976158,8,11,-3
4752270,6179684,2,2,0
4752270,6179684,3,1,2
4752270,6179684,6,8,-2
4404683,5058183,6,1,5
4404683,5058183,12,2,10
4404683,5058183,13,5,8
5418609,7648008,8,13,-5
4872459,8214040,8,2,6
7132090,8357270,1,6,-5
7132090,8357270,2,5,-3
6425956,7163380,1,1,0
6425956,7163380,7,5,2
5302459,5523039,9,2,7
6442462,7698035,1,1,0
6442462,7698035,2,12,-10
6442462,7698035,3,3,0
6620290,6953005,1,4,-3
6620290,6953005,2,6,-4
6620290,6953005,4,2,2
6372505,8257595,11,4,7
6620530,7151653,1,3,-2
6620530,7151653,2,9,-7
6620530,7151653,3,6,-3
6620530,7151653,6,5,1
6620530,7151653,7,13,-6
7064607,7184723,2,5,-3
6168919,6518065,9,7,2
4242435,5037731,1,2,-1
4242435,5037731,2,1,1
4242435,5037731,11,9,2
5443480,8241283,11,12,-1
5589154,6306367,5,6,-1
4957049,7882646,1,6,-5
4957049,7882646,2,11,-9
4957049,7882646,4,3,1
4957049,7882646,9,4,5
4760030,5164321,2,7,-5
4760030,5164321,5,12,-7
4836553,6345823,1,4,-3
4836553,6345823,2,9,-7
4836553,6345823,3,5,-2
4836553,6345823,4,11,-7
4836553,6345823,7,6,1
4836553,6345823,9,3,6
4836553,6345823,10,1,9
6536524,7650947,3,1,2
6536524,7650947,7,10,-3
6287671,8621745,1,1,0
6287671,8621745,7,2,5
6287671,8621745,12,4,8
8052350,8597040,7,1,6
5554424,7543609,1,1,0
5554424,7543609,2,12,-10
5554424,7543609,9,7,2
5554424,7543609,10,8,2
4948441,5141594,1,4,-3
5116575,7169369,5,3,2
5518394,7527493,1,9,-8
5518394,7527493,12,4,8
7097500,8591244,5,6,-1
5132621,5243288,4,8,-4
5132621,5243288,7,2,5
3937742,7341976,2,6,-4
4761022,4937748,3,1,2
4761022,4937748,4,6,-2
4761022,4937748,6,7,-1
4761022,4937748,11,10,1
4761022,4937748,13,3,10
4683765,4954050,1,1,0
4683765,4954050,2,3,-1
4683765,4954050,3,2,1
4683765,4954050,8,10,-2
7852658,8716099,2,3,-1
7852658,8716099,7,10,-3
7852658,8716099,9,5,4
7852658,8716099,12,6,6
4034850,4120395,2,1,1
4034850,4120395,3,4,-1
4034850,4120395,4,8,-4
4034850,4120395,6,6,0
4034850,4120395,10,2,8
4034850,4120395,13,5,8
4763483,5056319,2,1,1
4204227,4355324,1,9,-8
4204227,4355324,6,11,-5
5273588,8341819,1,1,0
5273588,8341819,11,7,4
4984144,7777832,2,4,-2
4984144,7777832,3,6,-3
5177514,7080652,1,1,0
5177514,7080652,6,8,-2
7128753,8512358,2,1,1
4594893,7665358,5,5,0
4958597,6539897,4,3,1
4153085,4838323,1,4,-3
4153085,4838323,5,6,-1
4909488,8359749,1,1,0
4909488,8359749,3,5,-2
4909488,8359749,8,8,0
4909488,8359749,9,6,3
4909488,8359749,13,7,6
6375207,7118120,2,8,-6
6375207,7118120,3,10,-7
6375207,7118120,4,11,-7
6375207,7118120,5,7,-2
6375207,7118120,6,12,-6
4807619,8066006,3,3,0
4807619,8066006,6,10,-4
4807619,8066006,8,8,0
5492558,7442725,1,1,0
5492558,7442725,6,2,4
5110100,7389978,6,4,2
5110100,7389978,7,5,2
5110100,7389978,10,6,4
4543958,4890622,7,2,5
4543958,4890622,9,3,6
4683356,5103207,1,4,-3
4683356,5103207,3,8,-5
4683356,5103207,10,1,9
4786936,7466947,2,11,-9
4786936,7466947,5,1,4
4786936,7466947,10,6,4
6607050,8611180,1,3,-2
6607050,8611180,2,4,-2
6607050,8611180,7,5,2
6607050,8611180,8,9,-1
6607050,8611180,10,12,-2
6607050,8611180,11,8,3
7108697,8257403,4,8,-4
7108697,8257403,8,2,6
6504089,8686269,2,2,0
4838994,6901653,2,1,1
4838994,6901653,4,10,-6
4838994,6901653,7,2,5
7376645,8712776,2,6,-4
7376645,8712776,5,5,0
7376645,8712776,12,1,11
4775183,6467840,1,1,0
4775183,6467840,3,5,-2
4775183,6467840,11,9,2
6239958,7148630,8,2,6
6072865,7046778,1,3,-2
6204085,8436453,1,7,-6
6204085,8436453,13,12,1
4240703,4709998,1,2,-1
4240703,4709998,2,1,1
4240703,4709998,5,10,-5
4240703,4709998,7,9,-2
4240703,4709998,9,6,3
4240703,4709998,10,7,3
5310531,6350522,2,9,-7
5007908,7458974,9,2,7
6358255,7875033,1,1,0
6358255,7875033,7,11,-4
6066328,6979440,11,10,1
6669735,8584920,6,6,0
3972832,5175135,4,10,-6
6535905,6971104,1,1,0
6535905,6971104,2,3,-1
6535905,6971104,3,2,1
6535905,6971104,4,4,0
6535905,6971104,5,9,-4
6535905,6971104,6,5,1
6535905,6971104,7,7,0
6535905,6971104,8,8,0
6535905,6971104,9,11,-2
6535905,6971104,10,6,4
4549293,5625623,1,2,-1
4549293,5625623,9,4,5
4633440,4864544,4,12,-8
4221695,8721889,7,6,1
5460329,7681592,3,8,-5
5460329,7681592,11,11,0
5460329,7681592,13,2,11
5142640,7301203,6,9,-3
5142640,7301203,11,1,10
6637031,8577994,5,8,-3
6637031,8577994,11,4,7
7085485,8251602,1,3,-2
7085485,8251602,2,4,-2
7085485,8251602,4,8,-4
7085485,8251602,6,12,-6
7085485,8251602,7,5,2
7085485,8251602,11,2,9
4612603,4747570,9,5,4
4612603,4747570,13,13,0
6881437,7611990,11,5,6
5261838,6135798,3,2,1
5261838,6135798,4,1,3
5261838,6135798,5,5,0
5261838,6135798,9,8,1
5261838,6135798,10,6,4
6608762,7540744,1,2,-1
6608762,7540744,2,10,-8
6608762,7540744,6,3,3
6608762,7540744,13,6,7
7382344,7916110,1,11,-10
7382344,7916110,2,13,-11
7382344,7916110,4,2,2
7382344,7916110,5,5,0
7382344,7916110,8,7,1
7382344,7916110,9,9,0
7382344,7916110,10,10,0
7382344,7916110,11,6,5
7382344,7916110,13,4,9
4985014,5429144,1,11,-10
4985014,5429144,2,3,-1
4985014,5429144,7,5,2
5069213,7343186,11,3,8
5069213,7343186,13,9,4
5500038,8573407,1,2,-1
6070253,7934040,3,11,-8
5049673,5501980,5,10,-5
5049673,5501980,12,3,9
5049673,5501980,13,13,0
4681134,6286724,4,13,-9
6434530,8694026,5,3,2
4828292,6581976,1,7,-6
4828292,6581976,2,2,0
4828292,6581976,3,5,-2
4828292,6581976,7,3,4
4828292,6581976,13,11,2
7168704,8662982,1,1,0
7168704,8662982,2,6,-4
6254229,7753513,3,9,-6
6254229,7753513,5,1,4
7046905,8262274,6,2,4
7046905,8262274,8,3,5
5233204,6649440,2,9,-7
5233204,6649440,3,5,-2
5233204,6649440,4,3,1
5233204,6649440,6,4,2
5233204,6649440,8,10,-2
5448103,8055932,3,9,-6
6097308,7657280,10,8,2
6097308,7657280,12,1,11
7532920,8172828,1,9,-8
7532920,8172828,2,10,-8
7532920,8172828,7,8,-1
7394237,8531055,4,1,3
7393812,8476195,3,3,0
7393812,8476195,4,2,2
4387359,8043566,4,10,-6
4387359,8043566,8,2,6
5245990,6254556,9,10,-1
7016067,8629890,10,10,0
3946417,4570172,1,5,-4
3946417,4570172,3,7,-4
3946417,4570172,7,1,6
6233751,6968579,1,1,0
6233751,6968579,2,8,-6
6233751,6968579,3,7,-4
6233751,6968579,4,12,-8
6233751,6968579,5,2,3
6927440,8609505,3,1,2
6927440,8609505,4,10,-6
6927440,8609505,5,3,2
4140434,5203675,1,2,-1
4140434,5203675,2,8,-6
4140434,5203675,13,3,10
6575975,8172885,1,1,0
6575975,8172885,4,2,2
6575975,8172885,9,3,6
6575975,8172885,11,5,6
4561252,8215270,1,1,0
4561252,8215270,2,13,-11
4561252,8215270,3,4,-1
4561252,8215270,9,11,-2
6152761,8734178,3,11,-8
7622969,8648635,1,1,0
7622969,8648635,2,4,-2
7622969,8648635,6,3,3
7622969,8648635,9,13,-4
7622969,8648635,11,2,9
4263258,8555676,1,1,0
4263258,8555676,4,7,-3
4263258,8555676,6,8,-2
4263258,8555676,7,13,-6
4263258,8555676,13,11,2
5593551,8652310,1,1,0
5593551,8652310,2,5,-3
5593551,8652310,3,10,-7
5593551,8652310,4,2,2
